0.003316	0.003288	0.001425
0.000914	0.000305	-0.000156
0.003470	0.005525	0.000590
0.004521	0.009513	0.002329
0.005718	0.006271	0.003006
0.003011	0.002463	-0.001984
0.004231	0.003594	0.001269
0.002993	0.003909	0.000744
0.003239	0.003255	0.007034
0.003052	0.005389	-0.002136
0.002670	0.004530	0.000063
0.007830	0.003335	0.003528
0.004157	0.007208	0.001800
0.004690	0.006655	0.003844
0.001583	0.003435	0.003782
0.005145	0.003899	0.001114
0.004708	0.005209	0.001116
0.004653	0.007377	-0.001083
0.005219	0.000284	0.000583
0.001179	-0.001795	0.003406
0.003452	0.006971	0.003319
0.005307	0.015601	0.000505
0.003816	0.009275	0.003848
0.001204	0.006224	0.000903
