0.002482	0.008834	0.001276
0.002806	0.008213	0.001957
0.003926	0.002768	-0.002140
0.003048	0.001741	0.002942
0.001980	-0.000801	0.003933
-0.000228	0.001378	0.001365
0.002538	0.006666	0.003475
0.001737	0.005671	0.002948
0.003243	0.006903	0.001956
0.002402	0.002983	0.001581
0.002174	0.004361	0.002946
-0.000018	0.001446	0.002729
-0.000004	-0.003648	0.005079
0.001014	0.004710	-0.003189
0.003816	0.009275	0.003848
0.004576	0.007344	0.004527
0.002112	-0.002936	0.000522
0.002824	0.006767	-0.000771
0.002284	0.000024	0.007342
0.002516	0.002294	0.000898
0.001373	0.003367	0.002419
