0.003349	-0.003252	0.001047
0.001109	0.005467	-0.001143
0.002876	0.000951	0.006506
-0.000342	0.002067	0.002048
0.001050	0.003988	0.001738
0.001965	0.004293	0.001583
0.003089	0.004666	0.002790
0.002611	0.003051	0.002944
0.000533	-0.000553	0.002044
0.002192	0.002915	0.000217
0.001568	0.008529	0.001432
0.001315	0.001888	0.005300
0.000077	0.002203	0.004775
0.002743	0.000916	-0.000467
0.004212	0.005040	0.003998
0.002497	0.003740	0.003627
0.001238	-0.000316	0.000525
0.000896	0.001751	0.002573
0.003680	0.005593	0.001954
0.002347	0.005151	-0.000617
0.002975	0.005356	0.003473
0.001201	0.002577	0.005982
0.001601	0.001989	0.001054
0.004345	0.002905	0.000587
