0.973831	-0.203022	0.102150	0.160421	0.932418	0.323824	-0.160990	-0.298962	0.940587
0.973770	-0.203054	0.102672	0.160226	0.932316	0.324215	-0.161556	-0.299260	0.940395
0.973771	-0.202730	0.103298	0.159711	0.932377	0.324293	-0.162057	-0.299290	0.940300
0.973731	-0.202408	0.104299	0.159129	0.932540	0.324110	-0.162866	-0.298999	0.940252
0.973587	-0.202676	0.105121	0.159237	0.932724	0.323528	-0.163620	-0.298243	0.940361
0.973548	-0.202824	0.105202	0.159462	0.932900	0.322908	-0.163636	-0.297591	0.940565
0.973480	-0.203245	0.105012	0.160033	0.933019	0.322280	-0.163481	-0.296928	0.940802
0.973411	-0.203763	0.104646	0.160684	0.932996	0.322023	-0.163251	-0.296646	0.940930
0.973446	-0.204016	0.103833	0.161161	0.932892	0.322087	-0.162576	-0.296800	0.940999
0.973559	-0.203894	0.103009	0.161341	0.932957	0.321809	-0.161718	-0.296680	0.941184
0.973594	-0.203943	0.102572	0.161573	0.933023	0.321499	-0.161269	-0.296437	0.941338
0.973583	-0.204237	0.102093	0.162067	0.933074	0.321102	-0.160841	-0.296074	0.941526
0.973503	-0.204784	0.101762	0.162821	0.933205	0.320340	-0.160565	-0.295283	0.941821
0.973435	-0.205125	0.101725	0.163394	0.933576	0.318965	-0.160396	-0.293870	0.942292
0.973529	-0.204742	0.101595	0.163412	0.934270	0.316917	-0.159803	-0.291927	0.942996
0.973632	-0.204236	0.101625	0.163371	0.935180	0.314241	-0.159217	-0.289353	0.943888
0.973757	-0.203552	0.101800	0.163022	0.935956	0.312107	-0.158810	-0.287321	0.944577
0.973946	-0.202338	0.102411	0.162043	0.936851	0.309924	-0.158653	-0.285254	0.945230
0.973852	-0.201773	0.104402	0.161203	0.937543	0.308263	-0.160081	-0.283373	0.945555
0.974092	-0.200257	0.105082	0.159819	0.938307	0.306656	-0.160009	-0.281917	0.946002
0.974310	-0.198913	0.105608	0.158324	0.938465	0.306948	-0.160165	-0.282342	0.945849
0.974402	-0.197932	0.106605	0.156938	0.938401	0.307853	-0.160972	-0.283242	0.945443
0.974407	-0.197354	0.107621	0.155975	0.938345	0.308513	-0.161872	-0.283831	0.945112
0.974313	-0.197415	0.108356	0.155614	0.938007	0.309722	-0.162782	-0.284905	0.944633
0.974171	-0.198091	0.108404	0.156235	0.937875	0.309807	-0.163040	-0.284869	0.944599
