0.979400	-0.104334	0.172889	0.069979	0.978489	0.194067	-0.189418	-0.177970	0.965633
0.979376	-0.104989	0.172625	0.070191	0.977974	0.196570	-0.189460	-0.180400	0.965174
0.979436	-0.105414	0.172027	0.070491	0.977708	0.197781	-0.189041	-0.181587	0.965033
0.979425	-0.106352	0.171512	0.071400	0.977514	0.198414	-0.188757	-0.182086	0.964995
0.979377	-0.107542	0.171042	0.072535	0.977285	0.199129	-0.188571	-0.182616	0.964931
0.979543	-0.108486	0.169489	0.073641	0.977067	0.199794	-0.187277	-0.183226	0.965068
0.979707	-0.108663	0.168426	0.073955	0.976975	0.200127	-0.186295	-0.183610	0.965185
0.980040	-0.107470	0.167247	0.072820	0.976878	0.201014	-0.184983	-0.184823	0.965206
0.980351	-0.106006	0.166356	0.071216	0.976654	0.202669	-0.183956	-0.186840	0.965013
0.980491	-0.104720	0.166346	0.069456	0.976255	0.205188	-0.183883	-0.189631	0.964483
0.980484	-0.103419	0.167199	0.067596	0.975947	0.207265	-0.184612	-0.191918	0.963891
0.980435	-0.102642	0.167962	0.066242	0.975563	0.209499	-0.185361	-0.194274	0.963275
0.980369	-0.102359	0.168522	0.065611	0.975340	0.210729	-0.185936	-0.195535	0.962909
0.980260	-0.102195	0.169252	0.064979	0.975024	0.212382	-0.186729	-0.197192	0.962418
0.980203	-0.102068	0.169658	0.064435	0.974683	0.214107	-0.187216	-0.198936	0.961964
0.980152	-0.102140	0.169910	0.064130	0.974336	0.215768	-0.187588	-0.200589	0.961548
0.980046	-0.102311	0.170416	0.063877	0.973991	0.217395	-0.188226	-0.202171	0.961092
0.979819	-0.103022	0.171291	0.064110	0.973645	0.218872	-0.189325	-0.203474	0.960601
0.979554	-0.103766	0.172354	0.064485	0.973462	0.219577	-0.190565	-0.203973	0.960250
0.979360	-0.104337	0.173109	0.064791	0.973325	0.220094	-0.191456	-0.204336	0.959996
0.979252	-0.104756	0.173470	0.064974	0.973134	0.220881	-0.191949	-0.205028	0.959750
0.979153	-0.105029	0.173864	0.064879	0.972821	0.222285	-0.192485	-0.206371	0.959354
0.979201	-0.105648	0.173218	0.065296	0.972407	0.223967	-0.192100	-0.207998	0.959080
0.979105	-0.106418	0.173288	0.065740	0.972026	0.225485	-0.192437	-0.209382	0.958711
