0.972771	-0.204775	0.108555	0.163148	0.937679	0.306824	-0.164620	-0.280759	0.945555
0.972839	-0.204060	0.109287	0.161894	0.937229	0.308857	-0.165453	-0.282775	0.944809
0.972988	-0.203178	0.109606	0.160605	0.936796	0.310837	-0.165833	-0.284838	0.944122
0.973083	-0.202554	0.109913	0.159620	0.936405	0.312516	-0.166225	-0.286560	0.943532
0.973083	-0.202189	0.110582	0.158875	0.936159	0.313632	-0.166935	-0.287621	0.943084
0.972928	-0.202585	0.111219	0.158979	0.935971	0.314141	-0.167738	-0.287955	0.942839
0.972732	-0.203311	0.111609	0.159382	0.935563	0.315151	-0.168490	-0.288769	0.942456
0.972559	-0.204091	0.111698	0.159909	0.935101	0.316252	-0.168993	-0.289712	0.942077
0.972358	-0.205025	0.111739	0.160531	0.934498	0.317716	-0.169559	-0.290996	0.941579
0.972358	-0.205620	0.110635	0.161111	0.933788	0.319504	-0.169006	-0.292848	0.941104
0.972526	-0.206257	0.107943	0.162140	0.932861	0.321686	-0.167046	-0.295346	0.940673
0.972595	-0.207640	0.104618	0.164259	0.932078	0.322878	-0.164555	-0.296845	0.940641
0.972410	-0.209993	0.101598	0.167511	0.931668	0.322388	-0.162355	-0.296475	0.941139
0.972082	-0.212440	0.099627	0.170645	0.931490	0.321257	-0.161049	-0.295287	0.941737
0.971982	-0.213655	0.097991	0.172677	0.931880	0.319033	-0.159479	-0.293174	0.942664
0.972202	-0.213242	0.096703	0.172934	0.932380	0.317429	-0.157854	-0.291882	0.943338
0.972406	-0.212429	0.096443	0.172488	0.932986	0.315889	-0.157084	-0.290537	0.943882
0.972556	-0.211739	0.096444	0.171994	0.933420	0.314874	-0.156694	-0.289645	0.944221
0.972599	-0.211227	0.097131	0.171467	0.933853	0.313876	-0.157005	-0.288621	0.944483
0.972606	-0.210981	0.097594	0.171327	0.934347	0.312478	-0.157113	-0.287197	0.944898
0.972558	-0.211078	0.097861	0.171654	0.934912	0.310602	-0.157053	-0.285280	0.945489
0.972560	-0.211087	0.097825	0.171965	0.935439	0.308838	-0.156701	-0.283541	0.946070
0.972653	-0.210631	0.097881	0.171731	0.935921	0.307506	-0.156379	-0.282288	0.946499
0.972756	-0.209879	0.098471	0.170965	0.936313	0.306738	-0.156578	-0.281546	0.946686
0.972844	-0.209128	0.099200	0.170095	0.936591	0.306373	-0.156981	-0.281179	0.946729
