0.859327	-0.177308	0.479708	-0.032687	0.917020	0.397499	-0.510381	-0.357262	0.782224
0.859377	-0.178236	0.479273	-0.032118	0.916619	0.398470	-0.510333	-0.357829	0.781997
0.859553	-0.179060	0.478650	-0.031862	0.916009	0.399889	-0.510052	-0.358977	0.781654
0.859761	-0.179721	0.478029	-0.031837	0.915350	0.401398	-0.509704	-0.360325	0.781260
0.859906	-0.180166	0.477601	-0.031961	0.914802	0.402637	-0.509452	-0.361494	0.780885
0.859980	-0.180609	0.477299	-0.031876	0.914443	0.403457	-0.509330	-0.362180	0.780646
0.859972	-0.181082	0.477135	-0.031535	0.914291	0.403828	-0.509366	-0.362327	0.780554
0.859900	-0.181875	0.476963	-0.030731	0.914234	0.404019	-0.509537	-0.362073	0.780561
0.859762	-0.182851	0.476838	-0.029779	0.914166	0.404245	-0.509826	-0.361754	0.780520
0.859761	-0.183387	0.476634	-0.029167	0.914146	0.404333	-0.509863	-0.361532	0.780599
0.860061	-0.183537	0.476035	-0.028815	0.914088	0.404491	-0.509377	-0.361603	0.780883
0.860050	-0.183311	0.476142	-0.028935	0.914202	0.404225	-0.509389	-0.361431	0.780955
0.859838	-0.183171	0.476578	-0.028994	0.914406	0.403758	-0.509742	-0.360984	0.780931
0.860021	-0.182955	0.476330	-0.028856	0.914577	0.403381	-0.509441	-0.360661	0.781276
0.860263	-0.182513	0.476063	-0.028676	0.914933	0.402586	-0.509043	-0.359981	0.781849
0.860487	-0.182196	0.475781	-0.027761	0.915713	0.400873	-0.508716	-0.358154	0.782901
0.860565	-0.181557	0.475883	-0.027238	0.916572	0.398941	-0.508612	-0.356277	0.783825
0.860639	-0.180058	0.476318	-0.027766	0.917412	0.396968	-0.508457	-0.354872	0.784562
0.860816	-0.178422	0.476614	-0.028829	0.917929	0.395697	-0.508099	-0.354362	0.785024
0.861152	-0.177192	0.476466	-0.028958	0.918664	0.393977	-0.507522	-0.353072	0.785978
0.861533	-0.175604	0.476366	-0.029034	0.919702	0.391542	-0.506871	-0.351157	0.787255
0.861639	-0.174851	0.476451	-0.028424	0.920681	0.389280	-0.506726	-0.348961	0.788324
0.861341	-0.174761	0.477022	-0.027622	0.921471	0.387463	-0.507276	-0.346914	0.788874
0.861061	-0.174823	0.477505	-0.026927	0.922050	0.386133	-0.507788	-0.345342	0.789234
0.860746	-0.175073	0.477980	-0.026647	0.922210	0.385769	-0.508336	-0.344786	0.789124
