0.934906	-0.109720	0.337509	-0.011291	0.941332	0.337292	-0.354715	-0.319148	0.878818
0.934819	-0.110399	0.337530	-0.010475	0.941466	0.336946	-0.354971	-0.318519	0.878943
0.934825	-0.110938	0.337336	-0.009630	0.941680	0.336372	-0.354979	-0.317697	0.879237
0.934822	-0.110849	0.337372	-0.009487	0.941899	0.335763	-0.354989	-0.317080	0.879456
0.934704	-0.110562	0.337794	-0.009839	0.941975	0.335539	-0.355291	-0.316953	0.879380
0.934756	-0.110403	0.337703	-0.009916	0.942019	0.335413	-0.355153	-0.316877	0.879463
0.934720	-0.110541	0.337756	-0.009654	0.942146	0.335063	-0.355254	-0.316451	0.879576
0.934723	-0.110810	0.337659	-0.009231	0.942253	0.334776	-0.355257	-0.316040	0.879722
0.934763	-0.110934	0.337508	-0.008995	0.942306	0.334633	-0.355158	-0.315839	0.879835
0.934787	-0.111167	0.337364	-0.008661	0.942349	0.334518	-0.355103	-0.315625	0.879933
0.934694	-0.111584	0.337484	-0.008342	0.942301	0.334664	-0.355354	-0.315624	0.879832
0.934645	-0.111923	0.337508	-0.008125	0.942201	0.334951	-0.355489	-0.315802	0.879714
0.934690	-0.112405	0.337224	-0.007609	0.942142	0.335129	-0.355382	-0.315807	0.879755
0.934715	-0.112631	0.337078	-0.007199	0.942258	0.334809	-0.355325	-0.315378	0.879932
0.934510	-0.112643	0.337643	-0.007211	0.942417	0.334363	-0.355864	-0.314900	0.879885
0.934629	-0.112639	0.337314	-0.007056	0.942454	0.334263	-0.355554	-0.314792	0.880050
0.934743	-0.112985	0.336883	-0.006503	0.942500	0.334142	-0.355265	-0.314528	0.880261
0.934718	-0.113782	0.336684	-0.005458	0.942656	0.333721	-0.355349	-0.313773	0.880496
0.934704	-0.114437	0.336499	-0.004591	0.942783	0.333377	-0.355396	-0.313154	0.880698
0.934882	-0.114394	0.336022	-0.004575	0.942685	0.333654	-0.354930	-0.313464	0.880775
0.935117	-0.113467	0.335679	-0.005588	0.942502	0.334153	-0.354294	-0.314348	0.880716
0.934888	-0.113864	0.336184	-0.005538	0.942354	0.334571	-0.354900	-0.314648	0.880365
0.933806	-0.117129	0.338063	-0.003091	0.942217	0.334988	-0.357766	-0.313859	0.879486
0.931905	-0.123418	0.341058	0.001828	0.941912	0.335854	-0.362697	-0.312361	0.877999
0.930224	-0.130216	0.343115	0.006328	0.940487	0.339771	-0.366939	-0.313892	0.875687
