0.971155	-0.027062	0.236910	-0.024316	0.977120	0.211293	-0.237208	-0.210958	0.948277
0.971342	-0.027829	0.236050	-0.023367	0.977130	0.211354	-0.236533	-0.210813	0.948478
0.971586	-0.028393	0.234979	-0.022546	0.977162	0.211295	-0.235612	-0.210589	0.948757
0.971828	-0.029026	0.233898	-0.021615	0.977230	0.211079	-0.234699	-0.210188	0.949072
0.972055	-0.030028	0.232823	-0.020538	0.977104	0.211767	-0.233851	-0.210631	0.949183
0.972231	-0.031339	0.231916	-0.019309	0.976871	0.212954	-0.233226	-0.211519	0.949139
0.972341	-0.032394	0.231308	-0.018370	0.976660	0.214002	-0.232842	-0.212332	0.949052
0.972420	-0.032754	0.230924	-0.018084	0.976521	0.214660	-0.232533	-0.212916	0.948997
0.972487	-0.032946	0.230616	-0.018053	0.976314	0.215605	-0.232257	-0.213836	0.948858
0.972588	-0.033703	0.230078	-0.017786	0.975760	0.218118	-0.231852	-0.216231	0.948414
0.972571	-0.035197	0.229927	-0.017262	0.974838	0.222244	-0.231964	-0.220117	0.947492
0.972485	-0.037144	0.229985	-0.016367	0.973875	0.226494	-0.232390	-0.224026	0.946471
0.972382	-0.038802	0.230145	-0.015480	0.973189	0.229486	-0.232879	-0.226711	0.945711
0.972289	-0.039740	0.230380	-0.014984	0.972827	0.231049	-0.233301	-0.228099	0.945273
0.972348	-0.040072	0.230074	-0.014807	0.972609	0.231975	-0.233068	-0.228967	0.945121
0.972270	-0.040224	0.230377	-0.014960	0.972382	0.232916	-0.233384	-0.229904	0.944816
0.972186	-0.040385	0.230700	-0.015237	0.972029	0.234367	-0.233712	-0.231363	0.944378
0.972131	-0.040393	0.230933	-0.015664	0.971653	0.235892	-0.233915	-0.232935	0.943941
0.972199	-0.040297	0.230665	-0.015864	0.971482	0.236583	-0.233620	-0.233665	0.943834
0.972226	-0.039781	0.230637	-0.016082	0.971764	0.235406	-0.233489	-0.232577	0.944135
0.972261	-0.039075	0.230613	-0.016236	0.972294	0.233199	-0.233336	-0.230474	0.944688
0.972242	-0.038563	0.230777	-0.016093	0.972967	0.230382	-0.233423	-0.227701	0.945339
0.972181	-0.037747	0.231171	-0.016139	0.973790	0.226876	-0.233676	-0.224295	0.946091
0.972119	-0.035406	0.231801	-0.017506	0.974818	0.222314	-0.233835	-0.220174	0.947019
0.972202	-0.029430	0.232285	-0.022346	0.975878	0.217171	-0.233073	-0.216325	0.948093
