0.992692	-0.033051	0.116062	0.019201	0.992770	0.118486	-0.119139	-0.115391	0.986149
0.990173	-0.014032	0.139144	-0.001013	0.994208	0.107467	-0.139846	-0.106552	0.984423
0.987132	0.002167	0.159890	-0.017624	0.995291	0.095318	-0.158930	-0.096909	0.982522
0.983587	0.015828	0.179738	-0.031065	0.996125	0.082275	-0.177739	-0.086508	0.980268
0.979855	0.026622	0.197927	-0.041069	0.996754	0.069247	-0.195441	-0.075981	0.977768
0.976192	0.034889	0.214082	-0.048198	0.997195	0.057263	-0.211483	-0.066218	0.975136
0.972779	0.040735	0.228126	-0.052650	0.997535	0.046390	-0.225674	-0.057138	0.972526
0.969432	0.045508	0.241104	-0.055891	0.997773	0.036397	-0.238911	-0.048760	0.969816
0.965918	0.049734	0.254027	-0.058304	0.997952	0.026314	-0.252198	-0.040228	0.966839
0.962648	0.053469	0.265425	-0.059979	0.998064	0.016475	-0.264030	-0.031779	0.963991
0.959741	0.056483	0.275148	-0.060577	0.998143	0.006396	-0.274276	-0.022806	0.961380
0.957100	0.059002	0.283686	-0.060304	0.998171	-0.004152	-0.283412	-0.013134	0.958908
0.954877	0.061141	0.290640	-0.059101	0.998127	-0.015802	-0.291062	-0.002088	0.956702
0.952983	0.062453	0.296517	-0.056884	0.998005	-0.027381	-0.297635	0.009226	0.954635
0.951396	0.063595	0.301333	-0.054770	0.997789	-0.037656	-0.303062	0.019322	0.952775
0.950145	0.064087	0.305152	-0.052333	0.997544	-0.046556	-0.307386	0.028265	0.951165
0.949283	0.063950	0.307851	-0.049460	0.997280	-0.054652	-0.310509	0.036654	0.949864
0.948407	0.064603	0.310405	-0.047502	0.996923	-0.062348	-0.313478	0.044387	0.948558
0.947643	0.065845	0.312470	-0.046231	0.996491	-0.069777	-0.315968	0.051678	0.947362
0.947111	0.066559	0.313928	-0.045128	0.996158	-0.075057	-0.317717	0.056920	0.946475
0.946911	0.066841	0.314472	-0.043871	0.995863	-0.079569	-0.318489	0.061548	0.945926
0.946855	0.066635	0.314684	-0.042449	0.995637	-0.083102	-0.318849	0.065327	0.945552
0.946843	0.066416	0.314766	-0.041225	0.995439	-0.086030	-0.319045	0.068481	0.945262
0.947161	0.065412	0.314018	-0.039633	0.995350	-0.087795	-0.318300	0.070711	0.945349
0.947673	0.063953	0.312771	-0.038211	0.995409	-0.087758	-0.316948	0.071215	0.945766
