0.946811	-0.070909	0.313881	0.000864	0.975976	0.217877	-0.321789	-0.206017	0.924126
0.946811	-0.072240	0.313576	0.002346	0.975999	0.217762	-0.321781	-0.205444	0.924256
0.946904	-0.073470	0.313009	0.003608	0.975908	0.218152	-0.321496	-0.205440	0.924357
0.947033	-0.074625	0.312346	0.004580	0.975665	0.219218	-0.321104	-0.206176	0.924329
0.947147	-0.075372	0.311819	0.005106	0.975426	0.220266	-0.320759	-0.207033	0.924257
0.947168	-0.075423	0.311744	0.004830	0.975202	0.221264	-0.320702	-0.208068	0.924044
0.947119	-0.075181	0.311950	0.004225	0.975003	0.222151	-0.320854	-0.209085	0.923762
0.947157	-0.075106	0.311853	0.003935	0.974850	0.222827	-0.320746	-0.209825	0.923632
0.947000	-0.075347	0.312272	0.003740	0.974623	0.223823	-0.321212	-0.210793	0.923249
0.946698	-0.075437	0.313166	0.003217	0.974357	0.224985	-0.322107	-0.211985	0.922664
0.946426	-0.075014	0.314088	0.002104	0.974056	0.226297	-0.322915	-0.213512	0.922029
0.946212	-0.074347	0.314889	0.000894	0.973838	0.227242	-0.323545	-0.214738	0.921524
0.945904	-0.073406	0.316032	-0.000506	0.973734	0.227687	-0.324445	-0.215530	0.921022
0.945658	-0.072476	0.316983	-0.001825	0.973645	0.228060	-0.325158	-0.216245	0.920603
0.945332	-0.071444	0.318188	-0.003379	0.973508	0.228626	-0.326093	-0.217203	0.920047
0.944911	-0.070077	0.319739	-0.005434	0.973322	0.229381	-0.327284	-0.218482	0.919321
0.944155	-0.068012	0.322405	-0.008621	0.973032	0.230509	-0.329388	-0.220416	0.918107
0.943052	-0.064804	0.326272	-0.013407	0.972639	0.231936	-0.332375	-0.223102	0.916380
0.941381	-0.060586	0.331859	-0.019801	0.972120	0.233647	-0.336763	-0.226522	0.913936
0.939333	-0.055668	0.338459	-0.027087	0.971622	0.234982	-0.341935	-0.229894	0.911169
0.937179	-0.050671	0.345149	-0.034326	0.971199	0.235785	-0.347156	-0.232821	0.908448
0.935085	-0.046080	0.351416	-0.040984	0.970803	0.236351	-0.352047	-0.235411	0.905894
0.932997	-0.042376	0.357380	-0.046836	0.970301	0.237325	-0.356822	-0.238162	0.903303
0.930918	-0.039827	0.363050	-0.051706	0.969653	0.238955	-0.361549	-0.241220	0.900608
0.928681	-0.037947	0.368934	-0.056131	0.968913	0.240950	-0.366608	-0.244474	0.897681
0.926035	-0.036084	0.375708	-0.060807	0.968154	0.242858	-0.372507	-0.247741	0.894351
