-0.009215	-0.030859	-0.034581
0.005768	-0.032043	-0.074657
0.005460	-0.016469	-0.068839
-0.014166	-0.008674	-0.057777
0.002887	-0.000635	-0.037167
-0.000223	0.012465	0.002528
-0.004461	0.030068	0.023288
-0.005413	-0.010539	-0.012651
0.006291	0.011777	-0.010010
0.004612	0.021755	0.016472
-0.003331	-0.010118	0.009307
0.015970	0.000900	0.013155
0.009846	0.022612	0.011470
-0.003714	0.000745	0.010559
0.000073	0.004223	0.051427
-0.000116	0.040775	0.091126
-0.003561	0.026436	0.056704
-0.000317	0.011729	0.020975
0.005162	0.008818	0.004558
0.004259	-0.005424	-0.012842
0.002137	-0.002782	-0.012412
-0.001144	0.007552	-0.004782
-0.000548	0.011814	0.001437
0.002662	0.011848	0.001393
-0.006198	0.005247	-0.000820
