0.008332	0.014432	0.000788
-0.001913	-0.000153	0.002241
0.000675	0.010074	0.014865
-0.004351	0.010340	0.012943
0.000042	-0.009420	-0.000476
0.005658	0.010016	0.010221
0.000494	0.005032	0.009624
0.000460	0.003013	0.003507
0.010108	0.004724	0.004204
0.001223	0.012118	0.001153
-0.011437	0.002693	0.005709
-0.005136	-0.009970	-0.008039
-0.000008	0.002459	0.002654
0.001957	-0.027206	-0.043560
-0.025042	-0.003787	-0.030035
-0.005553	-0.032805	-0.041732
0.005873	-0.022844	0.005371
-0.000405	-0.005591	0.013738
-0.006683	0.011662	0.022105
0.017341	0.051273	0.047079
0.013884	0.002675	0.015341
-0.009539	0.000295	0.025823
-0.000096	0.018602	0.033028
0.019068	0.004935	0.003515
0.005338	0.006041	-0.005436
0.008456	0.012111	-0.013429
