-0.005054	0.017235	0.004113
0.001234	0.022231	0.014090
0.008829	-0.013056	-0.010497
-0.006823	-0.012431	-0.027710
-0.009188	-0.016136	-0.024364
-0.002505	0.015159	0.015017
0.019803	0.003629	0.049939
-0.013272	-0.024789	-0.016310
0.008609	-0.000042	0.001478
0.009292	-0.004176	-0.002617
-0.004077	-0.001357	-0.002104
-0.016681	0.003178	-0.005991
-0.007647	0.010568	-0.011944
-0.001513	0.011157	-0.011516
-0.001175	0.009783	0.012283
-0.002505	0.015159	0.015017
-0.000455	0.002756	0.002730
0.007580	-0.001828	-0.008067
0.022344	-0.023103	-0.012070
0.002593	0.002327	-0.004711
-0.003738	-0.011412	-0.019841
0.000837	0.000272	0.005454
0.005560	0.000387	0.008920
