-0.001440	-0.009713	0.001663
-0.001120	-0.003274	0.006287
0.000213	-0.003716	0.003716
0.004080	-0.007175	-0.007409
0.000407	-0.008878	0.004702
-0.000360	-0.003513	-0.004776
-0.001634	-0.004551	0.000676
-0.000544	-0.011465	-0.000910
0.001586	-0.007083	0.001297
-0.000455	-0.002756	-0.002730
0.001183	-0.001853	0.001673
0.001337	-0.004089	0.002508
-0.003085	-0.001151	-0.002515
-0.001726	-0.009612	-0.002583
-0.000871	-0.008438	-0.005308
-0.002751	-0.011473	0.012041
0.003224	-0.008349	-0.004684
0.000422	-0.003784	0.002352
0.002002	-0.001401	0.003875
0.000059	-0.001479	0.002881
0.000022	-0.004372	-0.002576
-0.000643	-0.007060	-0.003943
-0.000092	-0.005061	-0.003259
-0.000070	-0.007262	0.004549
