-0.004220	-0.009519	0.006122
-0.002530	-0.002800	0.003249
-0.003236	-0.002563	0.001730
-0.004565	-0.007939	-0.001004
-0.005043	-0.006324	-0.001158
-0.006791	-0.009394	0.009219
-0.003008	-0.003355	-0.007289
-0.007426	-0.001894	0.003151
-0.003195	-0.005488	0.001882
-0.006471	-0.005125	0.003459
-0.005821	-0.009701	-0.003208
-0.003952	-0.013237	-0.002744
-0.006280	-0.006639	-0.000633
-0.002586	-0.004968	0.005447
-0.002321	-0.002868	0.001885
-0.003405	-0.005420	0.003245
-0.004492	-0.004324	-0.000474
-0.004492	-0.004324	-0.000474
-0.003857	-0.013994	-0.004790
-0.005076	-0.010693	0.008848
-0.004326	0.002181	-0.007068
-0.007213	-0.005610	0.006867
-0.003445	-0.002495	0.003093
-0.005046	-0.000506	0.004147
-0.007019	-0.012942	-0.002530
-0.005671	-0.008290	-0.007452
