0.001664	-0.007116	0.006906
-0.000419	0.000136	0.002727
-0.000775	-0.007025	0.003029
-0.000018	0.000724	0.007655
0.000286	-0.000101	0.004246
-0.000301	-0.000652	0.018872
0.000070	0.007262	-0.004549
-0.000059	0.003649	0.007503
0.002633	-0.005253	0.004863
-0.002130	-0.002212	0.008177
-0.002013	-0.007341	0.003555
-0.003430	0.002599	0.000743
-0.001080	-0.006200	0.006439
-0.002189	-0.000733	0.005296
0.000037	0.002892	0.005457
0.000286	-0.000101	0.004246
0.000000	0.000000	0.000000
-0.001557	-0.004584	0.006285
-0.000055	-0.002168	0.002198
-0.003346	-0.006899	0.006126
-0.000893	-0.004066	-0.002732
-0.003026	-0.000460	0.010750
-0.000914	0.002475	0.010228
-0.001539	-0.003138	0.009014
-0.002989	0.000262	0.005823
0.001506	-0.001232	0.000992
