-0.005046	-0.002676	-0.006237
-0.003820	-0.008932	0.011051
-0.001451	0.005570	0.007194
-0.005869	0.004860	0.007250
-0.004458	0.002215	-0.000096
0.000004	-0.005818	-0.005305
-0.005535	-0.009802	0.001038
-0.003247	-0.013474	-0.001225
-0.002031	-0.008787	0.000826
-0.001844	-0.004483	0.002039
-0.001197	-0.003241	0.000677
-0.002127	-0.008030	0.002872
-0.002141	0.013071	0.013708
-0.002791	-0.010718	0.001505
-0.000191	0.001514	0.004092
-0.000859	0.002474	-0.002354
-0.008197	-0.012567	0.011260
-0.003298	-0.019290	0.006052
-0.001950	-0.014638	0.001131
-0.005237	-0.001162	-0.002145
-0.003504	-0.001015	0.000212
-0.001825	-0.003037	0.004768
-0.001050	0.003988	0.001738
-0.000573	0.002372	0.001892
