-0.000951	-0.000417	0.004771
0.000004	-0.003648	0.005079
-0.000628	0.000204	0.004090
-0.000951	-0.000417	0.004771
-0.001161	-0.000349	0.006134
-0.004359	-0.002189	0.002937
-0.002171	-0.001457	-0.002359
-0.002167	-0.002934	0.013104
-0.000077	0.002203	0.004775
-0.003232	-0.006210	0.006808
-0.001462	-0.005341	0.004239
-0.000775	-0.007025	0.003029
-0.002666	0.000883	0.005142
-0.001006	-0.002585	0.006969
0.000077	-0.000033	0.005609
-0.000305	0.000825	0.003409
-0.000628	0.000204	0.004090
0.001535	0.013296	0.017059
-0.003746	-0.005317	0.011581
-0.000624	-0.005614	-0.001215
-0.002703	0.000161	0.010069
-0.001047	0.000340	0.006817
-0.001061	-0.004754	0.009167
-0.002681	-0.004211	0.007493
