-0.010122	0.011199	-0.012994
-0.000573	-0.000202	0.008492
0.001330	-0.005376	-0.002734
0.008829	-0.013056	-0.010497
0.010394	-0.008174	-0.003986
0.006442	0.005062	-0.001242
-0.007037	0.012218	-0.005125
-0.001028	-0.001786	-0.009546
0.010099	0.006284	-0.001864
0.001792	0.003503	0.005146
-0.005487	-0.001832	0.000934
0.005935	-0.008220	0.006494
0.001762	0.018031	0.021213
-0.011422	0.010728	0.015208
-0.011275	0.003499	0.014147
-0.002093	0.003660	0.007134
0.001330	-0.005376	-0.002734
0.001903	-0.005174	-0.011225
0.002777	-0.007794	-0.011229
0.005480	-0.009804	-0.011544
-0.000771	-0.013352	-0.006210
0.009637	0.001745	0.011024
-0.005737	0.021370	0.008208
-0.021566	0.043751	0.008123
0.002210	0.056029	0.024844
