0.003497	-0.010481	-0.000014
0.003644	-0.022050	-0.021842
0.007030	-0.028194	-0.026252
0.006832	-0.037003	-0.020186
-0.002144	-0.016719	-0.008629
-0.015271	0.003653	-0.009029
-0.005715	-0.000454	0.002299
0.011473	0.009650	0.000555
0.003092	0.008314	-0.002289
0.003621	0.004113	0.004835
0.007081	-0.003475	0.010278
-0.000911	0.005513	0.005461
-0.003922	0.003049	0.007445
-0.001491	-0.006325	0.003342
-0.000191	-0.001514	-0.004092
0.004378	-0.005806	-0.010175
0.003195	-0.007658	-0.008502
0.002057	-0.000768	-0.001676
0.001293	-0.002484	0.002723
0.000030	-0.010188	0.004701
-0.001719	-0.004947	0.004708
-0.003239	-0.001085	0.003349
-0.009593	0.006999	-0.005871
-0.012039	-0.002557	-0.002221
-0.002086	0.010955	-0.003024
