-0.001351	-0.029530	-0.029096
-0.004509	-0.024764	-0.026051
-0.006720	-0.028403	-0.033923
0.001792	-0.000837	-0.015622
-0.000265	0.004270	0.006822
-0.002204	0.007997	0.002737
0.003393	0.005492	0.006200
0.007536	-0.006231	0.007548
-0.007727	0.004717	-0.011640
0.000221	-0.013014	-0.011975
-0.002754	-0.018369	-0.015448
0.001139	-0.006891	-0.006826
-0.000955	-0.003231	0.000308
-0.004385	-0.005830	-0.000435
-0.005105	0.001197	0.009118
-0.004569	0.004291	0.006083
-0.007771	0.000314	0.003975
-0.005178	0.002641	-0.000736
-0.001829	-0.000611	0.000311
0.010746	0.005042	-0.000503
0.004840	0.003074	-0.002296
-0.001601	-0.001989	-0.001054
0.001454	0.013558	0.022882
0.000382	0.003028	0.008184
-0.022446	-0.017654	-0.019455
