-0.000492	0.005649	0.008187
-0.003533	0.013373	0.005471
0.001586	0.031107	-0.003195
0.006390	0.032733	-0.020801
-0.002696	0.009305	-0.009843
0.000338	-0.005715	0.003031
-0.011590	-0.012609	0.005207
-0.010774	-0.042903	-0.000401
-0.006426	-0.034181	0.005490
-0.011282	-0.003796	0.024305
-0.009167	0.023111	0.028233
-0.011268	0.010795	0.003989
0.011039	0.038633	-0.006421
0.006580	0.038587	0.004059
0.001645	0.010732	0.006207
-0.009681	-0.010488	-0.016177
0.005194	-0.031760	0.004984
0.005281	-0.014273	0.015290
0.003034	-0.015020	0.012874
0.000301	-0.007163	-0.012279
0.007249	0.011182	-0.021256
0.007249	0.011182	-0.021256
0.008388	0.008632	-0.007314
0.005289	-0.006978	0.005132
