0.000463	0.008879	0.007880
0.000037	-0.002892	-0.005457
-0.003922	-0.001291	-0.013323
-0.001608	-0.013624	-0.011664
0.012252	-0.017751	0.000404
-0.012303	-0.002627	-0.016166
-0.014852	-0.000552	-0.027070
0.001102	-0.008339	-0.022136
0.013486	0.000140	-0.006274
0.014889	-0.006681	0.000845
0.020493	-0.001891	-0.005850
0.018055	-0.004152	-0.012358
0.011245	0.011029	0.001920
0.001226	0.010596	0.003480
-0.000793	0.008471	-0.000301
0.004341	-0.002913	-0.004718
0.011606	-0.016509	-0.000958
-0.011928	-0.006894	0.002176
-0.005825	0.003883	-0.002097
0.006207	-0.005195	-0.010486
0.004371	-0.013101	-0.000017
-0.000235	-0.005917	0.011523
-0.013177	0.004333	0.004605
-0.009145	-0.003053	0.001556
-0.003878	0.007452	-0.008170
