0.022734	-0.012780	-0.014044
0.004113	-0.001535	-0.003353
0.000646	-0.001242	0.001362
-0.000881	-0.009015	-0.010606
-0.014022	-0.011915	-0.032226
-0.008072	-0.001204	-0.025281
0.004334	-0.014549	-0.015328
-0.001447	0.002418	0.008495
0.002512	-0.003524	-0.004407
-0.014323	-0.000412	0.000821
-0.018782	-0.004797	-0.009467
-0.005905	-0.001968	-0.001793
-0.007580	0.001828	0.008067
-0.007551	-0.008359	0.012768
-0.019354	-0.000659	0.019792
-0.011010	-0.000771	0.007325
-0.002402	-0.000813	0.008803
0.000911	-0.001172	0.015307
0.007316	0.002442	-0.001245
0.005531	0.014915	0.024987
0.036557	-0.014015	0.003480
0.035147	-0.018829	-0.014249
0.042778	-0.004619	-0.027322
