-0.002740	0.000562	-0.014996
-0.004760	0.002777	0.001991
-0.030629	-0.001500	0.013171
-0.040303	-0.000353	0.007605
-0.001520	-0.000478	-0.022126
0.003012	-0.001877	-0.022752
0.010893	-0.006528	-0.022331
0.003115	-0.017849	-0.028965
-0.003386	0.001804	-0.016358
-0.008601	0.007337	-0.011636
-0.000874	0.002620	0.000003
0.001711	-0.002348	0.005450
-0.002402	-0.000813	0.008803
0.000110	-0.004337	0.004396
0.003232	-0.006210	0.006808
-0.012112	0.003227	0.008693
-0.003210	-0.011273	0.008050
-0.002630	0.000565	0.010168
0.005935	-0.008220	0.006494
-0.006934	0.000586	0.009429
-0.005604	-0.004790	0.006695
0.000683	-0.004134	-0.004095
0.001263	0.012044	0.018790
-0.001322	0.017012	0.013344
