-0.000933	0.001141	0.002884
-0.001410	-0.000474	0.003038
-0.001546	-0.004157	0.001144
-0.000158	-0.005884	0.005914
0.000169	-0.002857	0.001516
-0.001124	-0.000373	-0.001208
-0.000114	0.000689	0.000683
0.000000	0.000000	-0.000000
0.000283	-0.003546	0.000833
0.002699	-0.005657	0.004764
0.001616	-0.003105	0.003404
0.000378	-0.002789	0.002879
-0.002340	0.004314	0.000843
-0.001660	-0.003468	0.001827
-0.000705	-0.000237	0.001519
0.000055	-0.002168	0.002198
0.000452	-0.006404	0.002349
-0.000900	-0.005399	0.002506
0.000878	0.003198	0.005301
-0.000801	-0.000994	-0.000527
0.000970	-0.001863	0.002043
-0.001109	-0.005467	0.001143
0.000224	-0.005026	0.003714
-0.000059	-0.001479	0.002881
-0.000308	-0.004473	0.001670
