-0.000437	0.001310	0.000002
0.001083	-0.002552	0.001360
0.001521	-0.003862	0.001358
0.003787	-0.004562	0.001045
0.003081	-0.004799	0.002564
0.000323	-0.000621	0.000681
-0.003559	0.003184	-0.002410
-0.000378	0.004960	0.007505
-0.003070	-0.003942	0.004865
-0.000268	-0.001547	0.001517
-0.000573	-0.002372	-0.001892
0.001201	0.002577	0.005982
-0.001238	0.000316	-0.000525
0.001983	0.002847	-0.001146
0.000874	-0.002620	-0.000003
0.001884	-0.001558	0.001887
0.003162	0.001052	0.002260
-0.000308	-0.004473	0.001670
0.000095	0.000757	0.002046
-0.001238	0.000316	-0.000525
-0.000646	0.001242	-0.001362
-0.000760	0.001931	-0.000679
0.002038	0.000679	0.001052
0.000760	-0.001931	0.000679
0.001197	-0.003241	0.000677
