0.000951	-0.000417	0.004771
0.000970	-0.001863	0.002043
0.000646	-0.001242	0.001362
0.003177	-0.004042	0.004610
0.000929	-0.004789	0.002195
0.001407	-0.003173	0.002041
0.001502	-0.002416	0.004087
0.000646	-0.001242	0.001362
0.000110	-0.004337	0.004396
0.000970	-0.001863	0.002043
0.001293	-0.002484	0.002723
0.000970	-0.001863	0.002043
0.000566	-0.007093	0.001666
0.002817	-0.000528	0.009387
0.000970	-0.001863	0.002043
0.002644	-0.003489	0.002566
0.002417	-0.002111	0.003931
0.001502	-0.002416	0.004087
-0.000841	-0.003920	-0.000375
0.001179	-0.001795	0.003406
0.002530	-0.002800	0.003249
0.000970	-0.001863	0.002043
