0.001065	-0.001106	0.004089
0.001521	-0.003862	0.001358
-0.000228	0.001378	0.001365
-0.000859	-0.002474	0.002354
0.000378	-0.002789	0.002879
0.002376	-0.005036	0.004083
0.001234	-0.003963	0.005604
-0.000268	-0.001547	0.001517
0.000323	-0.000621	0.000681
0.001998	-0.002247	0.001204
0.002185	-0.006550	-0.000009
0.002567	-0.003522	0.008175
0.001616	-0.003105	0.003404
0.002509	-0.007171	0.000672
0.001311	-0.003930	-0.000005
0.000929	-0.004789	0.002195
0.000856	-0.001174	0.002725
0.000224	-0.005026	0.003714
0.001293	-0.002484	0.002723
