-0.004036	0.001568	-0.002256
-0.004962	0.010004	-0.009530
0.006291	-0.011040	0.027564
-0.002097	-0.002158	0.001829
0.000261	-0.007918	-0.001743
0.000646	-0.001242	0.001362
0.000224	-0.005026	0.003714
0.000955	0.003231	-0.000308
-0.000095	-0.000757	-0.002046
-0.002824	-0.006767	0.000771
-0.002747	-0.006734	-0.004838
-0.001238	0.000316	-0.000525
-0.002872	0.004867	-0.001201
0.000209	0.000068	0.001363
-0.001601	-0.001989	-0.001054
0.002663	-0.004935	-0.000163
0.000000	0.000000	-0.000000
0.000323	-0.000621	0.000681
-0.002435	0.003557	-0.001203
-0.001260	-0.004056	-0.003102
-0.003008	0.001184	-0.003095
-0.000687	-0.001683	-0.001209
-0.001252	0.005410	-0.002876
