0.973861	-0.106028	-0.200879	0.154418	0.957614	0.243167	0.166582	-0.267830	0.948956
0.973928	-0.103400	-0.201924	0.152186	0.957880	0.243527	0.168238	-0.267908	0.948642
0.973987	-0.100765	-0.202968	0.150035	0.958006	0.244365	0.169821	-0.268461	0.948203
0.973985	-0.100268	-0.203221	0.149644	0.958027	0.244521	0.170173	-0.268571	0.948109
0.973921	-0.100847	-0.203245	0.150165	0.958025	0.244211	0.170085	-0.268363	0.948184
0.973900	-0.100870	-0.203333	0.150208	0.958023	0.244190	0.170166	-0.268359	0.948170
0.973929	-0.100946	-0.203156	0.150263	0.957973	0.244353	0.169952	-0.268509	0.948166
0.973955	-0.101114	-0.202946	0.150384	0.957935	0.244430	0.169694	-0.268584	0.948191
0.973982	-0.101779	-0.202484	0.150895	0.957874	0.244351	0.169084	-0.268547	0.948311
0.973944	-0.102893	-0.202106	0.151908	0.957682	0.244479	0.168398	-0.268810	0.948358
0.973932	-0.103095	-0.202060	0.152115	0.957617	0.244603	0.168278	-0.268963	0.948336
0.973902	-0.101780	-0.202870	0.151004	0.957857	0.244352	0.169450	-0.268609	0.948228
0.973878	-0.099767	-0.203981	0.149293	0.958181	0.244133	0.171094	-0.268208	0.948046
0.973869	-0.098660	-0.204563	0.148413	0.958251	0.244393	0.171911	-0.268367	0.947853
0.973880	-0.096844	-0.205374	0.147050	0.958184	0.245480	0.173013	-0.269268	0.947397
0.973954	-0.096358	-0.205254	0.146550	0.958244	0.245544	0.173023	-0.269228	0.947406
0.974035	-0.096357	-0.204868	0.146441	0.958261	0.245542	0.172657	-0.269168	0.947491
0.974137	-0.096588	-0.204275	0.146562	0.958158	0.245871	0.171979	-0.269450	0.947533
0.974100	-0.097256	-0.204134	0.147137	0.958131	0.245634	0.171698	-0.269307	0.947625
0.974020	-0.098605	-0.203866	0.148287	0.958098	0.245070	0.171159	-0.268934	0.947829
0.973944	-0.099601	-0.203746	0.149177	0.958039	0.244760	0.170819	-0.268777	0.947935
0.973928	-0.100613	-0.203325	0.150082	0.957861	0.244904	0.170116	-0.269034	0.947988
0.973859	-0.102658	-0.202630	0.151821	0.957698	0.244467	0.168962	-0.268840	0.948249
