0.967954	0.016724	-0.250570	0.017523	0.990850	0.133824	0.250516	-0.133927	0.958804
0.968044	0.016668	-0.250227	0.017591	0.990818	0.134053	0.250164	-0.134171	0.958862
0.968116	0.016711	-0.249946	0.017508	0.990819	0.134059	0.249891	-0.134161	0.958934
0.968214	0.016265	-0.249593	0.017918	0.990809	0.134077	0.249480	-0.134287	0.959024
0.968171	0.016180	-0.249766	0.018079	0.990781	0.134263	0.249636	-0.134505	0.958953
0.968304	0.015946	-0.249264	0.018320	0.990738	0.134547	0.249101	-0.134848	0.959044
0.968373	0.015480	-0.249026	0.018681	0.990774	0.134232	0.248807	-0.134639	0.959149
0.968175	0.015336	-0.249804	0.018973	0.990751	0.134358	0.249554	-0.134822	0.958930
0.967904	0.014974	-0.250872	0.019571	0.990701	0.134638	0.250556	-0.135227	0.958611
0.967568	0.015471	-0.252138	0.019284	0.990687	0.134785	0.251875	-0.135276	0.958258
0.967296	0.017441	-0.253050	0.017323	0.990762	0.134505	0.253058	-0.134489	0.958057
0.967237	0.017847	-0.253246	0.016807	0.990836	0.134021	0.253317	-0.133886	0.958073
0.967249	0.018118	-0.253180	0.016565	0.990817	0.134190	0.253287	-0.133989	0.958067
0.967354	0.018606	-0.252744	0.016197	0.990723	0.134928	0.252910	-0.134617	0.958079
0.967504	0.018917	-0.252148	0.016002	0.990618	0.135721	0.252349	-0.135345	0.958124
0.967871	0.017993	-0.250802	0.016755	0.990605	0.135724	0.250887	-0.135565	0.958477
0.968191	0.016266	-0.249682	0.018146	0.990692	0.134907	0.249552	-0.135147	0.958884
0.968384	0.015363	-0.248989	0.018829	0.990754	0.134361	0.248751	-0.134802	0.959141
0.968586	0.015049	-0.248221	0.019042	0.990748	0.134370	0.247947	-0.134876	0.959339
0.968700	0.014941	-0.247784	0.019049	0.990770	0.134210	0.247502	-0.134729	0.959474
0.968781	0.014894	-0.247469	0.019029	0.990782	0.134124	0.247185	-0.134646	0.959568
0.968765	0.014968	-0.247528	0.018961	0.990784	0.134121	0.247254	-0.134625	0.959553
0.968819	0.014787	-0.247329	0.019087	0.990797	0.134004	0.247035	-0.134546	0.959620
0.968845	0.014797	-0.247227	0.018998	0.990832	0.133755	0.246940	-0.134284	0.959681
