0.947451	-0.220375	-0.231887	0.281291	0.919136	0.275799	0.152356	-0.326534	0.932825
0.947560	-0.219160	-0.232590	0.280457	0.919196	0.276445	0.153210	-0.327180	0.932459
0.947724	-0.217622	-0.233365	0.279323	0.919369	0.277018	0.154263	-0.327721	0.932095
0.947699	-0.217754	-0.233345	0.279386	0.919456	0.276667	0.154305	-0.327391	0.932205
0.947500	-0.218760	-0.233214	0.280221	0.919376	0.276085	0.154015	-0.326942	0.932410
0.947319	-0.220113	-0.232672	0.281318	0.919100	0.275890	0.153122	-0.326811	0.932603
0.947379	-0.220080	-0.232462	0.281261	0.919033	0.276172	0.152860	-0.327021	0.932572
0.947414	-0.220467	-0.231951	0.281509	0.918871	0.276456	0.152183	-0.327214	0.932615
0.947418	-0.220888	-0.231534	0.281802	0.918731	0.276623	0.151615	-0.327324	0.932669
0.947452	-0.220934	-0.231352	0.281744	0.918824	0.276373	0.151512	-0.327032	0.932788
0.947425	-0.221117	-0.231283	0.281871	0.918837	0.276203	0.151438	-0.326874	0.932856
0.947270	-0.221709	-0.231356	0.282497	0.918592	0.276375	0.151247	-0.327159	0.932787
0.947217	-0.222038	-0.231254	0.282829	0.918401	0.276671	0.150953	-0.327473	0.932724
0.947270	-0.221998	-0.231075	0.282740	0.918411	0.276729	0.150789	-0.327472	0.932751
0.947395	-0.221709	-0.230843	0.282369	0.918547	0.276659	0.150702	-0.327288	0.932830
0.947516	-0.221669	-0.230383	0.282176	0.918601	0.276673	0.150301	-0.327161	0.932939
0.947583	-0.221774	-0.230007	0.282201	0.918498	0.276990	0.149831	-0.327379	0.932938
0.947473	-0.221755	-0.230479	0.282362	0.918414	0.277107	0.150225	-0.327630	0.932787
0.946965	-0.222852	-0.231504	0.283609	0.918339	0.276080	0.151074	-0.327095	0.932837
0.946927	-0.222695	-0.231813	0.283507	0.918471	0.275746	0.151506	-0.326832	0.932860
0.947430	-0.220454	-0.231897	0.281432	0.918980	0.276174	0.152225	-0.326919	0.932712
