0.976377	-0.004180	-0.216033	0.044106	0.982617	0.180328	0.211524	-0.185596	0.959589
0.976427	-0.003932	-0.215813	0.043807	0.982637	0.180295	0.211357	-0.185499	0.959645
0.976410	-0.004199	-0.215883	0.044052	0.982656	0.180131	0.211382	-0.185392	0.959660
0.976395	-0.004735	-0.215942	0.044583	0.982649	0.180038	0.211343	-0.185415	0.959664
0.976407	-0.004946	-0.215882	0.044792	0.982632	0.180076	0.211242	-0.185498	0.959670
0.976419	-0.004828	-0.215829	0.044687	0.982618	0.180182	0.211207	-0.185578	0.959663
0.976424	-0.004814	-0.215808	0.044689	0.982601	0.180275	0.211185	-0.185669	0.959650
0.976341	-0.004473	-0.216189	0.044392	0.982637	0.180148	0.211630	-0.185482	0.959588
0.976194	-0.003212	-0.216877	0.043319	0.982633	0.180433	0.212531	-0.185532	0.959379
0.975828	0.000245	-0.218541	0.040403	0.982559	0.181510	0.214774	-0.185953	0.958798
0.975719	0.001022	-0.219024	0.039690	0.982608	0.181399	0.215400	-0.185688	0.958709
0.975675	0.000253	-0.219224	0.040345	0.982712	0.180692	0.215479	-0.185141	0.958797
0.975646	-0.000356	-0.219353	0.040948	0.982715	0.180537	0.215497	-0.185122	0.958797
0.975903	-0.001213	-0.218202	0.041617	0.982664	0.180666	0.214200	-0.185394	0.959035
0.976080	-0.001298	-0.217408	0.041566	0.982650	0.180749	0.213402	-0.185463	0.959199
0.976233	-0.001559	-0.216718	0.041696	0.982643	0.180758	0.212675	-0.185498	0.959354
0.976277	-0.001819	-0.216516	0.041932	0.982623	0.180817	0.212424	-0.185606	0.959388
0.976403	-0.002211	-0.215946	0.042210	0.982615	0.180796	0.211792	-0.185644	0.959521
0.976536	-0.002721	-0.215338	0.042504	0.982687	0.180331	0.211119	-0.185253	0.959745
0.976541	-0.002824	-0.215314	0.042437	0.982828	0.179579	0.211109	-0.184503	0.959891
0.976513	-0.003208	-0.215436	0.042788	0.982862	0.179310	0.211169	-0.184316	0.959914
0.976535	-0.003721	-0.215328	0.043317	0.982810	0.179467	0.210959	-0.184583	0.959909
0.976595	-0.003850	-0.215052	0.043450	0.982757	0.179724	0.210652	-0.184862	0.959923
