0.971177	-0.130008	-0.199785	0.179043	0.951186	0.251375	0.157352	-0.279900	0.947046
0.971161	-0.128475	-0.200850	0.177828	0.951448	0.251246	0.158820	-0.279717	0.946855
0.971141	-0.127441	-0.201605	0.176959	0.951726	0.250805	0.159910	-0.279243	0.946811
0.971059	-0.126575	-0.202543	0.176319	0.951941	0.250439	0.161110	-0.278903	0.946709
0.971131	-0.125404	-0.202926	0.175431	0.951876	0.251307	0.161646	-0.279651	0.946396
0.971247	-0.125222	-0.202481	0.175180	0.951834	0.251642	0.161217	-0.279877	0.946403
0.971431	-0.127965	-0.199867	0.177141	0.951424	0.251820	0.157934	-0.280030	0.946911
0.971471	-0.128532	-0.199307	0.177498	0.951415	0.251604	0.157284	-0.279802	0.947086
0.971519	-0.129104	-0.198705	0.177964	0.951199	0.252089	0.156462	-0.280271	0.947084
0.971532	-0.129331	-0.198494	0.178115	0.951185	0.252034	0.156209	-0.280214	0.947143
0.971546	-0.129253	-0.198472	0.178007	0.951249	0.251872	0.156241	-0.280035	0.947190
0.971565	-0.129164	-0.198439	0.177898	0.951288	0.251800	0.156249	-0.279942	0.947216
0.971615	-0.129241	-0.198142	0.177940	0.951195	0.252123	0.155887	-0.280224	0.947192
0.971727	-0.129330	-0.197537	0.177917	0.951094	0.252518	0.155218	-0.280523	0.947214
0.971697	-0.129455	-0.197602	0.178026	0.951127	0.252320	0.155280	-0.280356	0.947253
0.971620	-0.130316	-0.197415	0.178733	0.951126	0.251820	0.154950	-0.279958	0.947425
0.971458	-0.131783	-0.197238	0.180070	0.950951	0.251531	0.154416	-0.279869	0.947538
0.971371	-0.134097	-0.196103	0.181972	0.950646	0.251315	0.152724	-0.279805	0.947831
0.971332	-0.134975	-0.195695	0.182732	0.950470	0.251429	0.152066	-0.279981	0.947885
0.971368	-0.134467	-0.195862	0.182297	0.950530	0.251516	0.152352	-0.280020	0.947828
0.971374	-0.134523	-0.195797	0.182362	0.950469	0.251700	0.152239	-0.280201	0.947793
