-0.000914	-0.000305	0.000156
0.002630	0.001605	0.000216
0.000437	-0.001310	-0.000002
-0.003353	-0.000396	0.004032
-0.001241	-0.003332	0.004554
0.001050	0.003988	0.001738
-0.001829	-0.000611	0.000311
0.000040	0.002925	-0.000152
-0.000815	0.004099	-0.002877
0.002589	0.000850	0.010752
-0.000536	-0.003095	0.003035
0.000081	0.005851	-0.000304
0.000782	0.002441	0.003255
0.001487	0.002678	0.001736
-0.002420	-0.001537	0.001148
0.000896	0.001751	0.002573
-0.000907	0.009160	0.000382
-0.000342	0.002067	0.002048
0.000812	-0.007747	0.007956
0.001124	0.000373	0.001208
0.004598	0.009546	-0.003281
-0.001620	-0.000543	0.001675
-0.003603	-0.003389	0.002821
