-0.001010	-0.001062	-0.001890
-0.001524	0.000215	0.003721
-0.000004	-0.003648	0.005079
0.001829	0.000611	-0.000311
0.004135	0.002837	-0.000776
0.000767	0.007534	0.000905
0.001832	0.006428	0.004994
-0.000158	-0.005884	0.005914
-0.001796	-0.007151	-0.000067
-0.000419	-0.000136	-0.002727
0.001487	0.002678	0.001736
-0.001888	-0.002090	0.003192
-0.001733	0.000147	0.002357
-0.000496	-0.000169	0.002882
-0.004951	0.001263	-0.002101
-0.001881	0.007376	0.003418
0.000345	0.003751	0.003257
-0.000804	-0.004642	0.004552
0.001502	-0.002416	0.004087
-0.000455	0.002756	0.002730
0.001069	0.002542	-0.000990
0.000114	-0.000689	-0.000683
0.002666	0.000883	0.005142
