-0.000173	-0.000790	0.003563
0.000026	0.008019	-0.002503
-0.002439	-0.000091	0.003876
-0.005869	-0.002690	0.003134
-0.005487	-0.001832	0.000934
-0.003125	-0.001774	0.002667
-0.003628	-0.013579	-0.005061
-0.003177	0.004042	-0.004610
0.001902	-0.000834	0.009542
-0.000342	0.002067	0.002048
0.005887	0.003414	0.004522
0.001513	0.010697	-0.000766
0.006937	0.007402	0.006260
0.002365	0.003705	-0.003346
0.001238	-0.000316	0.000525
-0.001623	-0.004190	0.006754
0.000037	-0.000722	0.004927
-0.004132	0.000811	-0.004302
-0.000988	0.003309	0.000686
0.000518	0.004541	-0.000306
