-0.000481	-0.005263	0.005233
0.000433	-0.004958	0.005077
-0.000837	0.001898	0.004930
0.001164	0.003299	0.001056
0.002420	0.001537	-0.001148
0.001811	0.002057	0.002417
-0.001083	0.002552	-0.001360
-0.001620	-0.000543	0.001675
-0.002956	-0.004632	0.004182
-0.001028	0.000384	0.000838
0.001278	0.002610	0.000373
0.000154	0.002236	-0.000835
0.000000	0.000000	-0.000000
0.000323	-0.000621	0.000681
-0.001601	-0.001989	-0.001054
-0.001308	0.007578	-0.005074
-0.000455	0.002756	0.002730
-0.001564	-0.002711	0.003873
0.001924	0.001368	0.001735
-0.001561	0.000937	-0.001206
-0.001373	-0.003367	-0.002419
0.000000	0.000000	-0.000000
0.000970	-0.001863	0.002043
