0.006401	0.002137	-0.001089
0.010158	0.009933	0.005639
0.009589	0.013378	0.009052
0.009783	0.018540	0.008065
-0.000228	0.001378	0.001365
-0.001946	-0.005739	-0.004311
-0.007650	-0.017104	-0.004967
-0.006963	-0.015421	-0.003757
-0.010331	-0.010723	-0.002076
-0.011969	-0.009820	0.002328
-0.001943	0.002249	0.011378
0.004333	0.015986	0.013925
0.003110	0.009038	0.005367
0.007422	0.018483	0.006332
0.000705	0.000237	-0.001519
-0.000955	-0.003231	0.000308
-0.005718	-0.006271	-0.003006
0.001623	0.006360	0.003630
-0.000224	0.007196	0.006670
0.001829	0.002781	0.010073
-0.000246	0.002824	0.004094
-0.004627	0.000642	-0.001420
0.008652	0.008701	0.006631
0.006633	0.006577	0.002850
