0.000911	0.005513	0.005461
0.001197	0.003241	-0.000677
-0.000367	0.008122	0.005834
-0.001388	-0.001727	0.004769
-0.000760	-0.001931	0.000679
-0.000632	0.003852	-0.000989
0.000000	0.000000	0.000000
0.001047	0.001830	0.003567
0.003731	0.002393	0.001153
-0.000702	-0.003410	0.003560
0.002361	-0.000058	-0.001733
0.000911	0.005513	0.005461
0.002740	0.004902	0.005772
0.000823	-0.003196	0.007281
-0.003485	0.000431	0.002941
-0.004569	-0.002121	0.004301
-0.000419	0.000136	0.002727
-0.000837	0.000272	0.005454
0.000059	-0.001479	0.002881
0.001715	-0.001300	-0.000371
-0.000856	-0.001174	0.002725
0.001811	-0.002057	-0.002417
0.001994	0.008065	0.004101
0.002461	-0.004462	0.001300
0.001943	0.000078	0.000994
