-0.001146	0.004745	0.003784
0.003316	-0.003288	-0.001425
0.006915	-0.000860	0.006701
0.005296	-0.000318	0.005026
0.002167	0.007274	0.007664
0.000724	0.001209	0.004248
0.000591	-0.000926	0.000836
0.000308	-0.004473	0.001670
0.002097	-0.002158	0.001829
-0.002549	-0.004246	0.000520
-0.001943	-0.000078	-0.000994
-0.001623	0.006360	0.003630
-0.000474	-0.002032	0.004925
0.001333	0.001729	0.007813
0.000151	0.003581	0.006140
0.001348	0.006823	0.005462
-0.000095	0.000757	0.002046
-0.000433	-0.004958	0.005077
-0.003173	-0.009860	-0.000695
-0.001616	-0.003105	0.003404
0.000804	-0.006812	-0.005832
0.001616	0.003105	-0.003404
0.002799	0.003423	0.008653
0.006478	-0.002170	0.006699
0.005490	-0.005479	0.006013
