0.000702	0.005581	0.006824
0.001844	0.006653	0.008345
0.001844	0.004483	-0.002039
-0.002347	0.005151	-0.000617
0.005696	-0.001900	-0.000430
0.004837	0.002744	0.007600
0.008168	0.004549	0.003825
0.001366	0.008269	0.008191
0.001506	-0.001232	0.000992
0.000459	-0.000891	0.007809
-0.007613	-0.006198	0.001938
-0.021334	-0.000141	-0.015859
-0.014966	-0.010988	-0.025532
-0.006122	-0.010353	0.015665
0.010272	-0.002733	0.026195
0.016846	-0.005661	0.030848
0.010155	-0.001945	0.010050
0.006533	-0.002172	-0.005883
0.005781	0.010456	-0.007328
0.004029	0.011034	-0.002030
0.001616	0.003105	-0.003404
0.003202	-0.003977	-0.002108
0.005814	-0.007028	-0.005052
0.002251	-0.004394	0.002663
