0.000286	-0.000101	0.004246
0.001164	-0.003299	-0.001056
0.002743	-0.000916	0.000467
0.004437	0.002156	0.002672
0.005333	0.000405	0.000099
0.003236	0.004733	0.008654
0.005784	0.004638	-0.012633
-0.002270	0.005118	0.004992
-0.000209	0.000068	0.001363
0.003030	-0.001017	0.004713
0.002405	-0.006631	0.003498
-0.000911	-0.003342	0.004923
0.002670	-0.004530	-0.000063
0.001410	-0.000474	0.003038
-0.001161	-0.000349	0.006134
-0.003467	-0.000293	-0.004715
-0.003658	0.001221	-0.000623
-0.001789	-0.002315	-0.000159
0.001733	0.000147	0.002357
0.003089	-0.002496	0.007594
0.003258	0.000361	0.006078
0.002189	0.002903	0.005088
0.002115	-0.000712	0.004557
0.002821	-0.000949	0.006076
0.000595	-0.006744	-0.004468
-0.001796	0.007151	0.000067
