-0.013640	-0.000206	0.017493
-0.015697	0.000562	0.019169
-0.008719	0.008719	0.014893
-0.011774	-0.002488	0.011725
-0.017643	-0.007348	0.004475
-0.009586	0.018634	0.004739
-0.019626	-0.012365	-0.004763
-0.012890	-0.021761	-0.008126
-0.010415	-0.022392	-0.007076
-0.003709	-0.021600	-0.015140
-0.000235	-0.010257	-0.009245
-0.000845	-0.007567	0.004704
-0.001212	0.012675	0.017740
-0.003614	0.007522	0.005775
-0.015469	-0.005157	-0.002963
-0.001293	0.002484	-0.002723
0.015064	0.023952	0.000689
-0.006303	0.024122	-0.014226
-0.002960	0.009235	-0.023789
0.005193	0.011949	-0.019580
0.013801	0.016248	0.002666
0.008843	0.010216	0.010723
0.014712	0.010735	-0.002795
0.018848	-0.012623	-0.012057
