0.009798	0.013446	0.010415
0.009607	0.011932	0.006323
-0.003761	0.014751	0.006836
0.001359	-0.019904	-0.018801
-0.001579	-0.019472	0.013805
-0.034405	-0.010020	-0.001212
0.007771	-0.000314	-0.003975
0.001205	-0.019971	-0.007582
0.007727	-0.009057	-0.009128
-0.000948	0.008405	0.010918
0.001608	0.013624	0.011664
0.015549	0.011008	0.002659
0.011510	0.006758	-0.004902
0.002586	-0.004968	0.005447
-0.012751	0.011764	-0.002826
-0.023350	-0.000506	-0.003384
-0.016424	-0.008387	-0.002656
0.004003	0.007142	0.013018
0.000345	0.005921	0.013641
-0.004135	-0.033372	-0.028477
-0.007696	-0.066541	-0.065445
-0.041859	-0.059009	-0.067570
-0.012466	0.038060	0.001413
0.010077	0.032447	0.024812
0.026604	0.024862	0.021255
