0.008792	-0.005823	0.015728
0.010541	-0.011063	0.015721
0.010658	-0.008105	0.009960
0.010842	-0.022566	-0.017326
0.002733	-0.016538	-0.016382
0.019619	0.005070	0.014921
-0.040237	-0.013433	0.006848
-0.032186	-0.003427	-0.024265
-0.020309	-0.016911	-0.042203
-0.003878	0.007452	-0.008170
-0.000823	0.027339	0.036534
-0.010334	-0.007860	0.034155
0.018268	-0.015780	0.027361
0.030879	-0.013020	0.021090
0.008256	-0.013258	-0.002005
-0.010826	-0.015233	-0.019961
-0.014896	-0.004954	-0.011455
0.001043	0.020717	0.009998
-0.000683	0.004134	0.004095
0.005671	-0.008290	-0.007452
0.010048	-0.009755	0.003141
0.002431	-0.005034	0.016665
-0.000925	-0.013418	0.005009
-0.012957	-0.004340	0.013398
-0.008910	0.007205	0.010801
