-0.011385	0.003496	-0.011017
-0.000030	0.010188	-0.004701
0.008043	0.007051	-0.000188
0.005333	-0.002575	-0.010483
-0.000992	-0.004679	-0.015003
0.008675	-0.013122	0.000722
0.002262	0.024018	0.023635
-0.003570	0.020606	0.031696
-0.018554	-0.001835	0.009935
-0.015807	0.004898	0.014773
-0.020537	-0.006852	0.000697
-0.021146	-0.017183	-0.047657
-0.022704	-0.010429	-0.043558
-0.007999	-0.002648	-0.015427
-0.000037	0.002892	0.005457
0.013603	0.007439	0.008732
0.008689	0.005809	0.001174
0.009600	0.000297	-0.004287
0.008910	-0.002864	0.009967
-0.000543	-0.010390	0.013192
-0.001719	-0.004947	0.004708
-0.001719	-0.004947	0.004708
-0.001183	-0.001853	0.001673
0.001829	0.000611	-0.000311
0.013948	0.009019	0.001605
