0.006795	-0.025430	0.026806
0.020853	-0.020748	0.032807
0.006625	-0.000719	0.013008
0.005671	-0.008290	-0.007452
0.018973	0.001971	-0.007208
0.012582	0.017288	0.009796
0.002864	0.009692	-0.000924
-0.003202	-0.003977	-0.002108
0.004525	-0.008694	0.009532
-0.006016	0.006709	0.014578
-0.008917	-0.004431	0.000191
0.001263	0.007704	-0.001977
0.011510	0.006758	-0.004902
0.009453	0.003185	-0.023994
0.014381	0.028086	0.004784
0.020458	-0.060069	-0.058899
-0.055698	-0.015634	-0.027041
0.011811	-0.000405	-0.017182
-0.001711	-0.001992	-0.026218
-0.009218	-0.001609	-0.008297
-0.001829	-0.000611	0.000311
0.005641	0.006238	0.008615
0.002799	-0.020937	0.024397
0.007074	-0.010770	0.020436
0.002975	0.005356	0.003473
