0.015337	-0.021073	-0.012495
0.022564	0.016272	-0.007074
0.004730	0.007410	-0.006692
0.000235	0.005917	-0.011523
0.012281	0.020110	0.001308
0.004135	0.029031	0.007709
-0.004327	0.017504	-0.015598
-0.006919	0.010836	-0.031654
-0.013163	0.018924	-0.015711
0.017305	0.013063	-0.007506
-0.012032	0.009078	0.008389
-0.025532	-0.009992	0.014211
-0.026031	-0.015979	0.011789
-0.017195	-0.017399	0.011902
-0.015322	-0.012386	-0.004024
0.029130	0.040269	0.017300
-0.009651	-0.020675	-0.011476
-0.052444	-0.039327	-0.005374
-0.016019	-0.031523	-0.021148
-0.014580	-0.001867	-0.064818
-0.041874	-0.025550	-0.051051
-0.026861	-0.013297	-0.024590
-0.006669	0.000656	0.023374
-0.000654	0.002627	0.050331
0.016439	-0.012050	0.048440
