0.000441	-0.021687	-0.003182
0.004216	-0.013167	0.011201
0.016225	-0.000422	0.008721
0.010437	0.000569	0.001167
0.000492	-0.005649	-0.008187
0.004231	0.001423	-0.009114
-0.003159	0.004766	0.003045
-0.005597	0.002505	-0.003462
0.004877	0.000181	-0.007753
0.027397	0.012051	0.000788
0.056389	0.014455	-0.007980
0.024563	-0.012169	-0.014356
0.009123	-0.031854	-0.033386
-0.008490	-0.053730	-0.044978
-0.019192	-0.045688	-0.018555
-0.006853	0.002097	-0.011643
-0.011121	-0.000775	-0.017839
-0.009945	-0.001877	0.011413
-0.003717	0.027835	0.032756
0.006603	0.025445	0.039685
0.006948	0.027025	0.032558
0.007727	-0.004717	0.011640
-0.004327	0.021844	0.005170
-0.019032	0.018404	-0.002193
-0.007235	0.003409	0.000941
0.004539	0.010237	0.009984
