-0.001939	0.003726	-0.004085
0.033728	0.025790	0.015917
0.023408	0.028180	0.008989
0.031407	0.030828	0.024416
0.023790	0.031209	0.017173
0.002710	0.009626	0.010295
0.014682	0.029604	0.034040
0.028616	0.015352	0.014425
-0.000154	-0.000066	0.011219
0.002549	-0.002076	0.010904
0.002057	-0.000768	-0.001676
0.011010	0.000771	-0.007325
0.012421	0.001246	-0.010363
0.002740	-0.004902	-0.005772
0.006669	0.003684	-0.002607
0.022711	0.013384	0.012632
0.002130	-0.002212	0.008177
-0.033097	0.002086	-0.018805
-0.043064	-0.030357	-0.018453
-0.006097	0.005199	0.035650
0.010569	0.031139	0.037393
-0.001866	0.006622	0.026536
0.009924	-0.028689	-0.022475
-0.029519	-0.054933	-0.036094
0.002130	-0.006552	-0.012591
-0.004509	-0.020424	-0.005283
