-0.012575	-0.005652	0.000814
-0.012354	-0.014326	0.009607
0.000690	0.007501	0.006514
-0.007962	-0.001200	-0.000117
-0.018517	-0.004728	0.004478
-0.015499	0.009371	0.013104
-0.004944	0.012899	0.008509
-0.018047	0.011447	0.002200
-0.020229	-0.002380	-0.000972
-0.024077	-0.000775	0.016326
-0.021977	0.007201	0.019802
-0.037490	-0.006699	0.011686
-0.041368	0.005094	0.024284
-0.066290	-0.007589	0.024546
-0.059885	0.000366	0.028762
-0.059386	0.006353	0.031184
-0.011862	-0.011293	0.042954
0.000485	-0.008604	0.022738
0.007000	-0.009326	0.010582
-0.004275	-0.010167	0.003962
0.013258	0.001518	-0.004909
0.014823	0.002058	-0.019166
0.002938	0.003908	-0.011838
-0.002174	-0.006531	-0.013330
0.004951	-0.001263	0.002101
