0.016005	0.008251	-0.000071
0.016798	-0.004560	-0.020538
0.026090	-0.008736	-0.023155
0.027632	0.017968	-0.010735
0.005487	0.001832	-0.000934
-0.010518	-0.006420	-0.000863
-0.000764	-0.001717	0.004400
0.025377	0.009926	-0.002993
0.033340	0.006786	-0.023644
0.025297	-0.000265	-0.023456
0.025826	-0.004466	-0.016333
0.021029	0.001204	-0.008885
0.004304	-0.004361	-0.020029
-0.003004	0.004832	-0.008174
-0.024680	0.004870	-0.000651
-0.030820	-0.003015	0.009079
0.005986	0.012159	0.022256
0.024533	0.011039	0.043247
-0.004238	-0.004378	0.040040
-0.009138	0.008583	0.012166
-0.025524	-0.002697	0.004054
-0.024349	-0.008140	0.012538
-0.009520	0.009895	0.024750
-0.012729	-0.005718	0.012032
-0.002931	0.003388	0.001680
