-0.008697	0.034945	0.005187
0.004252	0.036330	0.022715
-0.012010	0.039645	0.019451
0.013382	0.020452	0.020707
-0.034059	-0.004100	0.012429
-0.013016	0.020375	0.024764
-0.003621	0.000227	0.015933
-0.014507	0.009710	0.007339
-0.031658	-0.003287	0.003626
-0.024687	-0.006765	-0.011260
-0.004562	0.011587	-0.004075
0.012612	-0.001581	-0.027039
0.016659	0.009964	-0.029635
0.039546	0.005931	-0.013363
0.025297	0.004075	-0.002688
0.001521	-0.003862	0.001358
-0.020118	-0.006716	0.003424
0.004260	-0.008764	-0.004414
0.013141	-0.001441	0.000852
-0.012501	-0.011437	-0.010100
0.014353	-0.014116	-0.016888
0.023776	0.007937	-0.004047
0.025921	0.020316	-0.016185
0.001484	-0.000970	0.006815
