-0.020199	-0.016908	-0.017039
0.002740	-0.000562	0.014996
0.011774	0.006828	0.009043
-0.003467	0.000293	0.004715
-0.005413	0.001064	0.031555
-0.017944	-0.000185	0.016754
-0.015549	-0.011008	-0.002659
0.007543	0.001064	-0.002610
0.010203	-0.005348	0.012690
0.019957	-0.000645	0.017952
0.012715	-0.008872	0.008283
0.016791	-0.007515	0.010387
0.011613	-0.004874	0.009652
0.011657	-0.000471	-0.005963
0.000543	0.010390	-0.013192
-0.015285	-0.015278	-0.009481
0.004914	0.001629	0.007558
0.012685	0.005656	0.024350
-0.003166	-0.002529	0.013203
-0.009255	0.001284	-0.002840
-0.000925	-0.017759	-0.015759
-0.045928	-0.044390	-0.038297
-0.070446	-0.075867	-0.035760
-0.053589	-0.048413	-0.029925
