0.953492	0.208123	-0.218034	-0.277671	0.325055	-0.904012	-0.117273	0.922509	0.367727
0.953916	0.207169	-0.217085	-0.276654	0.326979	-0.903630	-0.116222	0.922044	0.369225
0.954367	0.205876	-0.216330	-0.275670	0.328747	-0.903289	-0.114847	0.921705	0.370499
0.955018	0.203935	-0.215292	-0.274149	0.330377	-0.903157	-0.113057	0.921554	0.371425
0.955463	0.201446	-0.215660	-0.273708	0.331699	-0.902806	-0.110333	0.921626	0.372064
0.955830	0.199665	-0.215690	-0.273129	0.332297	-0.902762	-0.108577	0.921799	0.372154
0.956230	0.197386	-0.216019	-0.272686	0.333293	-0.902529	-0.106149	0.921930	0.372529
0.956497	0.195149	-0.216866	-0.272743	0.334269	-0.902150	-0.103562	0.922053	0.372953
0.956702	0.193553	-0.217388	-0.272570	0.333746	-0.902397	-0.102109	0.922579	0.372052
0.956629	0.192475	-0.218663	-0.273279	0.332988	-0.902461	-0.100889	0.923077	0.371146
0.956316	0.190397	-0.221831	-0.275398	0.332215	-0.902103	-0.098063	0.923787	0.370137
0.956083	0.187846	-0.224987	-0.277329	0.331411	-0.901807	-0.094838	0.924597	0.368952
0.956356	0.184491	-0.226597	-0.277489	0.330422	-0.902120	-0.091561	0.925626	0.367195
0.956943	0.181084	-0.226866	-0.276429	0.330008	-0.902597	-0.088578	0.926447	0.365856
0.957659	0.178722	-0.225717	-0.274436	0.329674	-0.903327	-0.087032	0.927024	0.364763
0.958104	0.177987	-0.224404	-0.272914	0.329554	-0.903832	-0.086917	0.927208	0.364322
0.958167	0.178241	-0.223932	-0.272609	0.330049	-0.903743	-0.087176	0.926983	0.364832
0.958112	0.178674	-0.223822	-0.272699	0.330393	-0.903591	-0.087499	0.926777	0.365278
0.957977	0.178940	-0.224188	-0.273229	0.331307	-0.903095	-0.087325	0.926399	0.366276
0.957839	0.179532	-0.224305	-0.273643	0.332181	-0.902649	-0.087544	0.925972	0.367304
0.957735	0.179476	-0.224794	-0.274206	0.333484	-0.901997	-0.086921	0.925514	0.368603
0.957604	0.179199	-0.225570	-0.274926	0.334491	-0.901405	-0.086080	0.925205	0.369576
0.957636	0.179002	-0.225591	-0.274944	0.335267	-0.901111	-0.085667	0.924962	0.370279
0.957823	0.178589	-0.225126	-0.274464	0.336503	-0.900797	-0.085117	0.924593	0.371326
0.958017	0.178202	-0.224603	-0.273926	0.337585	-0.900556	-0.084658	0.924273	0.372226
0.958141	0.177603	-0.224550	-0.273707	0.338215	-0.900386	-0.083965	0.924158	0.372668
