0.981364	-0.162646	-0.102324	-0.039177	0.351963	-0.935194	0.188120	0.921774	0.339032
0.981372	-0.162264	-0.102861	-0.039850	0.351831	-0.935215	0.187941	0.921892	0.338811
0.981371	-0.162093	-0.103131	-0.040185	0.351740	-0.935235	0.187870	0.921957	0.338673
0.981431	-0.162028	-0.102669	-0.039773	0.351716	-0.935262	0.187649	0.921978	0.338740
0.981444	-0.162108	-0.102419	-0.039501	0.351743	-0.935263	0.187638	0.921953	0.338812
0.981394	-0.162363	-0.102485	-0.039443	0.351896	-0.935207	0.187907	0.921850	0.338945
0.981339	-0.162499	-0.102797	-0.039658	0.352073	-0.935132	0.188150	0.921758	0.339059
0.981346	-0.162453	-0.102808	-0.039690	0.352041	-0.935142	0.188109	0.921779	0.339027
0.981388	-0.162415	-0.102462	-0.039380	0.352011	-0.935167	0.187953	0.921797	0.339063
0.981187	-0.163353	-0.102900	-0.039408	0.352309	-0.935054	0.188997	0.921517	0.339243
0.981157	-0.164388	-0.101530	-0.037807	0.351975	-0.935245	0.189479	0.921461	0.339128
0.980748	-0.168163	-0.099273	-0.034417	0.351557	-0.935533	0.192222	0.920939	0.339002
0.980450	-0.170999	-0.097346	-0.031815	0.350453	-0.936040	0.194178	0.920838	0.338161
0.980313	-0.172068	-0.096849	-0.030926	0.350638	-0.936000	0.195015	0.920568	0.338414
0.980319	-0.171695	-0.097444	-0.031573	0.350884	-0.935886	0.194879	0.920544	0.338557
0.980272	-0.171251	-0.098694	-0.032779	0.351559	-0.935592	0.194918	0.920369	0.339010
0.980391	-0.170458	-0.098881	-0.033209	0.351688	-0.935528	0.194244	0.920467	0.339132
0.980448	-0.170108	-0.098920	-0.033371	0.351681	-0.935525	0.193929	0.920534	0.339128
0.980520	-0.169715	-0.098881	-0.033524	0.351433	-0.935613	0.193537	0.920702	0.338897
0.980673	-0.168941	-0.098691	-0.033727	0.350893	-0.935808	0.192727	0.921050	0.338413
0.980769	-0.168286	-0.098852	-0.034238	0.350283	-0.936018	0.192145	0.921402	0.337785
0.980931	-0.167095	-0.099271	-0.035122	0.349954	-0.936108	0.191159	0.921744	0.337412
0.981037	-0.165880	-0.100247	-0.036495	0.349874	-0.936085	0.190352	0.921993	0.337186
0.981109	-0.165133	-0.100775	-0.037382	0.349279	-0.936273	0.189808	0.922353	0.336508
0.981118	-0.164947	-0.100995	-0.037769	0.348734	-0.936460	0.189687	0.922593	0.335919
0.981237	-0.164500	-0.100566	-0.037666	0.347997	-0.936738	0.189090	0.922951	0.335272
