0.952028	0.210679	-0.221940	-0.282797	0.328623	-0.901128	-0.116914	0.920663	0.372438
0.951871	0.210624	-0.222665	-0.283460	0.328602	-0.900928	-0.116589	0.920683	0.372490
0.951806	0.210779	-0.222793	-0.283615	0.328410	-0.900949	-0.116734	0.920717	0.372363
0.951810	0.210604	-0.222941	-0.283701	0.328507	-0.900887	-0.116493	0.920722	0.372425
0.951766	0.210897	-0.222855	-0.283712	0.328353	-0.900939	-0.116830	0.920710	0.372349
0.951757	0.211287	-0.222525	-0.283540	0.328287	-0.901018	-0.117322	0.920644	0.372357
0.951842	0.211187	-0.222254	-0.283243	0.328262	-0.901120	-0.117347	0.920676	0.372271
0.951944	0.210697	-0.222281	-0.283097	0.328392	-0.901118	-0.116868	0.920742	0.372258
0.951951	0.210414	-0.222520	-0.283226	0.328474	-0.901048	-0.116501	0.920777	0.372286
0.951871	0.210583	-0.222701	-0.283461	0.328474	-0.900974	-0.116578	0.920739	0.372357
0.951774	0.210857	-0.222857	-0.283694	0.328313	-0.900960	-0.116807	0.920733	0.372299
0.951771	0.210681	-0.223038	-0.283799	0.328322	-0.900923	-0.116579	0.920770	0.372279
0.951789	0.210534	-0.223098	-0.283803	0.328355	-0.900910	-0.116417	0.920792	0.372275
0.951831	0.210375	-0.223071	-0.283708	0.328283	-0.900966	-0.116310	0.920854	0.372155
0.951800	0.210737	-0.222862	-0.283638	0.328193	-0.901021	-0.116736	0.920804	0.372147
0.951564	0.210432	-0.224154	-0.284769	0.328391	-0.900592	-0.115903	0.920802	0.372410
0.951369	0.210964	-0.224482	-0.285195	0.327700	-0.900709	-0.116454	0.920927	0.371929
0.951417	0.211157	-0.224092	-0.284889	0.327609	-0.900839	-0.116804	0.920915	0.371850
0.951626	0.211046	-0.223311	-0.284189	0.328258	-0.900824	-0.116811	0.920710	0.372355
0.951673	0.210970	-0.223180	-0.284070	0.328531	-0.900762	-0.116713	0.920630	0.372584
0.951595	0.211098	-0.223396	-0.284307	0.328403	-0.900734	-0.116779	0.920646	0.372523
0.951518	0.211117	-0.223703	-0.284587	0.328259	-0.900697	-0.116720	0.920693	0.372425
0.951564	0.211093	-0.223531	-0.284388	0.328050	-0.900837	-0.116831	0.920773	0.372192
0.951590	0.211241	-0.223279	-0.284145	0.327566	-0.901089	-0.117208	0.920911	0.371732
0.951574	0.211280	-0.223311	-0.284184	0.327518	-0.901095	-0.117245	0.920920	0.371700
