0.865144	-0.496394	-0.071542	0.103875	0.316912	-0.942750	0.490648	0.808183	0.325738
0.865040	-0.496672	-0.070867	0.105084	0.317491	-0.942421	0.490574	0.807785	0.326835
0.865044	-0.496736	-0.070370	0.105982	0.318033	-0.942137	0.490373	0.807533	0.327757
0.864767	-0.497261	-0.070076	0.106912	0.318652	-0.941823	0.490661	0.806965	0.328723
0.864756	-0.497338	-0.069651	0.107393	0.318625	-0.941777	0.490574	0.806928	0.328944
0.865013	-0.496873	-0.069787	0.107073	0.318683	-0.941794	0.490192	0.807192	0.328866
0.865203	-0.496470	-0.070291	0.106613	0.319121	-0.941698	0.489956	0.807266	0.329035
0.865497	-0.495856	-0.071008	0.106107	0.320025	-0.941448	0.489547	0.807286	0.329594
0.865354	-0.496032	-0.071511	0.105903	0.320460	-0.941324	0.489843	0.807005	0.329842
0.865173	-0.496355	-0.071463	0.106108	0.320475	-0.941295	0.490119	0.806801	0.329933
0.864836	-0.496941	-0.071468	0.106406	0.320546	-0.941238	0.490648	0.806412	0.330097
0.864690	-0.497138	-0.071867	0.106332	0.320992	-0.941094	0.490922	0.806113	0.330420
0.864504	-0.497340	-0.072704	0.105780	0.321434	-0.941005	0.491370	0.805812	0.330489
0.864234	-0.497695	-0.073485	0.104662	0.320735	-0.941368	0.492083	0.805871	0.329280
0.864124	-0.497741	-0.074454	0.103412	0.320384	-0.941626	0.492540	0.805982	0.328323
0.863985	-0.497971	-0.074531	0.102798	0.319349	-0.942045	0.492912	0.806251	0.327103
0.863971	-0.498242	-0.072871	0.103250	0.316932	-0.942811	0.492843	0.807037	0.325264
0.863788	-0.498721	-0.071750	0.103702	0.315324	-0.943301	0.493068	0.807371	0.324091
0.863256	-0.499747	-0.071004	0.104449	0.314477	-0.943501	0.493841	0.807067	0.323673
0.862781	-0.500798	-0.069356	0.105904	0.313157	-0.943778	0.494362	0.806928	0.323223
0.862499	-0.501438	-0.068236	0.107086	0.312629	-0.943820	0.494599	0.806736	0.323339
0.862693	-0.501161	-0.067805	0.107929	0.313433	-0.943457	0.494076	0.806596	0.324486
0.862558	-0.501215	-0.069125	0.107433	0.314940	-0.943012	0.494422	0.805975	0.325501
0.862990	-0.500311	-0.070259	0.106654	0.316342	-0.942631	0.493835	0.805988	0.326360
0.862742	-0.500775	-0.069999	0.106978	0.316072	-0.942685	0.494198	0.805806	0.326260
