0.979898	-0.085339	-0.180323	-0.103216	0.556636	-0.824320	0.170721	0.826362	0.536638
0.980007	-0.085265	-0.179769	-0.102185	0.559566	-0.822462	0.170720	0.824388	0.539666
0.980013	-0.085224	-0.179752	-0.101677	0.562052	-0.820828	0.170984	0.822699	0.542153
0.980010	-0.085335	-0.179719	-0.101028	0.564744	-0.819059	0.171390	0.820842	0.544833
0.979996	-0.085826	-0.179561	-0.099972	0.567850	-0.817039	0.172087	0.818645	0.547910
0.980040	-0.085988	-0.179243	-0.098935	0.571085	-0.814907	0.172436	0.816375	0.551178
0.980024	-0.086284	-0.179186	-0.098016	0.574408	-0.812679	0.173048	0.814009	0.554477
0.980047	-0.086056	-0.179172	-0.097369	0.578001	-0.810206	0.173285	0.811485	0.558089
0.980080	-0.084005	-0.179964	-0.098355	0.581926	-0.807272	0.172541	0.808891	0.562072
0.979970	-0.080482	-0.182158	-0.101291	0.586104	-0.803879	0.171462	0.806228	0.566212
0.979863	-0.077049	-0.184207	-0.103917	0.590981	-0.799964	0.170500	0.802998	0.571073
0.979788	-0.074114	-0.185803	-0.106031	0.595205	-0.796548	0.169626	0.800149	0.575316
0.979844	-0.072449	-0.186165	-0.106521	0.598889	-0.793716	0.168996	0.797548	0.579101
0.980019	-0.071124	-0.185754	-0.106377	0.601687	-0.791616	0.168069	0.795559	0.582099
0.980158	-0.069451	-0.185654	-0.106960	0.603237	-0.790357	0.166884	0.794532	0.583839
0.980409	-0.066963	-0.185242	-0.107955	0.603947	-0.789680	0.164756	0.794207	0.584885
0.980362	-0.064917	-0.186215	-0.110046	0.603489	-0.789741	0.163646	0.794724	0.584494
0.980557	-0.062526	-0.186004	-0.111440	0.602765	-0.790099	0.161518	0.795465	0.584077
0.980883	-0.060222	-0.185047	-0.112224	0.601806	-0.790718	0.158981	0.796368	0.583543
0.981253	-0.058335	-0.183683	-0.112359	0.601193	-0.791165	0.156581	0.796972	0.583368
0.981483	-0.056310	-0.183087	-0.113353	0.599755	-0.792114	0.154411	0.798200	0.582266
0.981570	-0.053807	-0.183370	-0.115462	0.597616	-0.793426	0.152277	0.799975	0.580389
0.981671	-0.049914	-0.183931	-0.118751	0.594650	-0.795167	0.149065	0.802434	0.577823
0.981600	-0.042160	-0.186238	-0.126157	0.588954	-0.798259	0.143341	0.807066	0.572798
