0.967496	-0.167699	-0.189284	-0.055589	0.589157	-0.806104	0.246701	0.790425	0.560685
0.967646	-0.167407	-0.188777	-0.055323	0.589207	-0.806086	0.246173	0.790449	0.560882
0.967715	-0.166810	-0.188948	-0.055844	0.589127	-0.806109	0.245781	0.790635	0.560792
0.967966	-0.165433	-0.188877	-0.056523	0.589367	-0.805886	0.244638	0.790746	0.561136
0.968105	-0.164405	-0.189059	-0.057026	0.590195	-0.805244	0.243968	0.790342	0.561995
0.968231	-0.163709	-0.189019	-0.057083	0.591238	-0.804474	0.243455	0.789707	0.563110
0.968349	-0.163338	-0.188737	-0.056836	0.591995	-0.803935	0.243044	0.789217	0.563974
0.968358	-0.163097	-0.188897	-0.056872	0.592775	-0.803358	0.242998	0.788681	0.564743
0.968213	-0.163297	-0.189466	-0.056912	0.593789	-0.802605	0.243565	0.787876	0.565621
0.968228	-0.163268	-0.189414	-0.056626	0.594628	-0.802004	0.243572	0.787249	0.566491
0.968321	-0.163326	-0.188889	-0.055909	0.595429	-0.801460	0.243369	0.786631	0.567435
0.968450	-0.163391	-0.188169	-0.055092	0.596018	-0.801079	0.243041	0.786172	0.568212
0.968488	-0.163366	-0.187994	-0.054919	0.596161	-0.800984	0.242929	0.786068	0.568403
0.968505	-0.163255	-0.188007	-0.055011	0.596114	-0.801013	0.242843	0.786127	0.568358
0.968522	-0.163151	-0.188007	-0.055175	0.595782	-0.801249	0.242736	0.786400	0.568026
0.968547	-0.163124	-0.187905	-0.055212	0.595442	-0.801499	0.242630	0.786664	0.567707
0.968458	-0.163399	-0.188123	-0.055380	0.594948	-0.801854	0.242946	0.786980	0.567133
0.968508	-0.163201	-0.188038	-0.055571	0.594482	-0.802186	0.242703	0.787373	0.566691
0.968281	-0.163564	-0.188891	-0.056187	0.594076	-0.802444	0.243466	0.787604	0.566042
0.968339	-0.163079	-0.189012	-0.056830	0.593255	-0.803006	0.243086	0.788324	0.565204
0.968429	-0.162977	-0.188637	-0.056724	0.592785	-0.803361	0.242751	0.788698	0.564825
0.968482	-0.162999	-0.188345	-0.056560	0.592487	-0.803592	0.242577	0.788917	0.564593
0.968464	-0.163156	-0.188302	-0.056581	0.592001	-0.803948	0.242644	0.789249	0.564100
0.968400	-0.163276	-0.188525	-0.056941	0.591202	-0.804511	0.242814	0.789823	0.563223
