0.971563	-0.182120	-0.151323	-0.024144	0.559552	-0.828444	0.235549	0.808538	0.539243
0.971619	-0.181962	-0.151150	-0.024122	0.559430	-0.828527	0.235318	0.808658	0.539163
0.971695	-0.181703	-0.150975	-0.024222	0.559078	-0.828761	0.234995	0.808960	0.538852
0.971721	-0.181360	-0.151218	-0.024633	0.559048	-0.828769	0.234843	0.809057	0.538772
0.971633	-0.180931	-0.152297	-0.025900	0.558691	-0.828971	0.235073	0.809400	0.538157
0.971748	-0.180089	-0.152559	-0.026826	0.557917	-0.829463	0.234492	0.810121	0.537324
0.971792	-0.179865	-0.152539	-0.027133	0.557233	-0.829913	0.234272	0.810642	0.536634
0.971883	-0.179850	-0.151981	-0.026968	0.556181	-0.830624	0.233917	0.811367	0.535692
0.971931	-0.179627	-0.151935	-0.027337	0.555198	-0.831269	0.233672	0.812089	0.534704
0.971710	-0.179314	-0.153706	-0.029271	0.554358	-0.831764	0.234355	0.812732	0.533427
0.971476	-0.179378	-0.155108	-0.030432	0.554368	-0.831715	0.235178	0.812711	0.533097
0.971483	-0.179557	-0.154856	-0.029912	0.555073	-0.831263	0.235216	0.812190	0.533873
0.971452	-0.179866	-0.154692	-0.029342	0.555954	-0.830695	0.235415	0.811519	0.534805
0.971374	-0.180471	-0.154477	-0.028565	0.556823	-0.830140	0.235832	0.810789	0.535728
0.971329	-0.181073	-0.154055	-0.027676	0.557469	-0.829736	0.236124	0.810210	0.536474
0.971283	-0.181674	-0.153633	-0.026787	0.558114	-0.829332	0.236413	0.809632	0.537220
0.971280	-0.181969	-0.153303	-0.026007	0.559249	-0.828592	0.236512	0.808782	0.538455
0.971224	-0.182410	-0.153136	-0.025278	0.560393	-0.827841	0.236823	0.807890	0.539656
0.971141	-0.182847	-0.153143	-0.024755	0.561349	-0.827209	0.237219	0.807127	0.540623
0.971034	-0.183353	-0.153216	-0.024305	0.562107	-0.826707	0.237703	0.806484	0.541369
0.970938	-0.183892	-0.153176	-0.023787	0.562702	-0.826317	0.238146	0.805947	0.541975
0.970943	-0.184200	-0.152777	-0.023166	0.563059	-0.826092	0.238189	0.805627	0.542431
0.970982	-0.184304	-0.152399	-0.022727	0.563253	-0.825972	0.238069	0.805468	0.542720
0.970863	-0.184648	-0.152742	-0.022738	0.563535	-0.825779	0.238554	0.805191	0.542917
0.970761	-0.184647	-0.153391	-0.023330	0.563403	-0.825853	0.238912	0.805284	0.542622
