0.989184	0.039847	-0.141163	-0.144346	0.435415	-0.888582	0.026057	0.899348	0.436457
0.989358	0.039855	-0.139940	-0.143281	0.434355	-0.889273	0.025342	0.899859	0.435443
0.989351	0.040917	-0.139680	-0.143509	0.434357	-0.889235	0.024286	0.899811	0.435603
0.989132	0.043658	-0.140397	-0.145351	0.434158	-0.889033	0.022141	0.899778	0.435786
0.989049	0.045049	-0.140541	-0.146098	0.433665	-0.889151	0.020892	0.899947	0.435498
0.989206	0.045410	-0.139320	-0.145172	0.432995	-0.889629	0.019927	0.900252	0.434914
0.989292	0.045769	-0.138586	-0.144684	0.432272	-0.890060	0.019170	0.900581	0.434265
0.989320	0.046777	-0.138047	-0.144633	0.432457	-0.889979	0.018069	0.900440	0.434604
0.989277	0.046006	-0.138613	-0.144782	0.433601	-0.889397	0.019185	0.899929	0.435613
0.989302	0.044151	-0.139040	-0.144357	0.433713	-0.889412	0.021035	0.899968	0.435447
0.989264	0.042116	-0.139940	-0.144299	0.433042	-0.889749	0.023127	0.900389	0.434470
0.989093	0.040579	-0.141595	-0.145146	0.432092	-0.890072	0.025064	0.900916	0.433269
0.988824	0.038518	-0.144028	-0.146482	0.430894	-0.890435	0.027763	0.901580	0.431720
0.988874	0.038728	-0.143626	-0.146234	0.430118	-0.890850	0.027276	0.901941	0.430996
0.989252	0.039492	-0.140783	-0.143965	0.431448	-0.890577	0.025570	0.901273	0.432496
0.989661	0.038381	-0.138198	-0.141071	0.434451	-0.889579	0.025897	0.899877	0.435374
0.989958	0.036505	-0.136570	-0.138726	0.436681	-0.888856	0.027190	0.898876	0.437359
0.989922	0.034748	-0.137282	-0.138575	0.437359	-0.888546	0.029166	0.898615	0.437766
0.989573	0.032953	-0.140215	-0.140439	0.436927	-0.888466	0.031986	0.898893	0.436998
0.989329	0.032664	-0.141990	-0.141939	0.436039	-0.888664	0.032886	0.899334	0.436023
0.989428	0.035183	-0.140696	-0.141893	0.435449	-0.888960	0.029989	0.899525	0.435838
0.989704	0.036179	-0.138478	-0.140308	0.436290	-0.888799	0.028260	0.899078	0.436874
0.989895	0.035032	-0.137409	-0.138826	0.436974	-0.888696	0.028912	0.898792	0.437421
