0.972434	-0.175341	-0.153712	-0.035893	0.538791	-0.841674	0.230399	0.823990	0.517646
0.972427	-0.176111	-0.152873	-0.034338	0.540252	-0.840803	0.230664	0.822869	0.519308
0.972467	-0.176482	-0.152192	-0.033144	0.541689	-0.839925	0.230672	0.821844	0.520925
0.972537	-0.176013	-0.152288	-0.033153	0.542869	-0.839163	0.230376	0.821166	0.522124
0.972437	-0.175615	-0.153378	-0.034072	0.543722	-0.838574	0.230661	0.820686	0.522752
0.972498	-0.174434	-0.154340	-0.035521	0.543826	-0.838446	0.230188	0.820869	0.522674
0.972619	-0.173303	-0.154853	-0.036462	0.544260	-0.838124	0.229529	0.820821	0.523038
0.972600	-0.173363	-0.154904	-0.036283	0.544941	-0.837689	0.229638	0.820356	0.523719
0.972605	-0.173791	-0.154391	-0.035514	0.545269	-0.837508	0.229736	0.820047	0.524160
0.972608	-0.174168	-0.153948	-0.034935	0.545235	-0.837555	0.229813	0.819991	0.524215
0.972560	-0.174672	-0.153680	-0.034412	0.545285	-0.837544	0.230095	0.819850	0.524311
0.972636	-0.174735	-0.153125	-0.033833	0.545523	-0.837413	0.229859	0.819678	0.524683
0.972678	-0.174929	-0.152632	-0.033268	0.545640	-0.837359	0.229761	0.819559	0.524913
0.972633	-0.175310	-0.152482	-0.032904	0.545733	-0.837313	0.230004	0.819416	0.525030
0.972568	-0.175666	-0.152487	-0.032803	0.545409	-0.837528	0.230293	0.819555	0.524685
0.972522	-0.175836	-0.152586	-0.032980	0.544747	-0.837952	0.230463	0.819959	0.523979
0.972513	-0.175553	-0.152971	-0.033592	0.544303	-0.838216	0.230413	0.820314	0.523445
0.972472	-0.175453	-0.153346	-0.034027	0.544102	-0.838329	0.230523	0.820469	0.523154
0.972369	-0.175815	-0.153586	-0.033978	0.544301	-0.838202	0.230965	0.820260	0.523287
0.972286	-0.176524	-0.153297	-0.033279	0.544519	-0.838088	0.231416	0.819963	0.523553
0.972349	-0.176511	-0.152909	-0.032992	0.544372	-0.838195	0.231190	0.820063	0.523496
0.972341	-0.176479	-0.152996	-0.033123	0.544237	-0.838278	0.231204	0.820160	0.523338
0.972347	-0.175624	-0.153937	-0.034562	0.543678	-0.838582	0.230968	0.820714	0.522574
0.972554	-0.173431	-0.155116	-0.036901	0.543252	-0.838758	0.229733	0.821461	0.521942
0.972655	-0.172255	-0.155791	-0.038103	0.543339	-0.838648	0.229109	0.821651	0.521918
