0.941008	-0.244112	-0.234337	-0.055753	0.571203	-0.818913	0.333760	0.783669	0.523897
0.939547	-0.248848	-0.235215	-0.056165	0.565620	-0.822751	0.337782	0.786224	0.517450
0.937951	-0.253782	-0.236310	-0.056454	0.560622	-0.826145	0.342141	0.788224	0.511509
0.936478	-0.258222	-0.237340	-0.056784	0.556152	-0.829138	0.346099	0.789947	0.506161
0.935233	-0.261742	-0.238393	-0.057535	0.552045	-0.831827	0.349328	0.791668	0.501231
0.934213	-0.264791	-0.239022	-0.058110	0.548146	-0.834362	0.351950	0.793361	0.496698
0.933187	-0.267800	-0.239678	-0.058597	0.544600	-0.836646	0.354582	0.794792	0.492522
0.932358	-0.270183	-0.240229	-0.058962	0.541936	-0.838349	0.356696	0.795806	0.489348
0.931546	-0.272049	-0.241272	-0.060470	0.538378	-0.840531	0.358561	0.797583	0.485073
0.930569	-0.273798	-0.243056	-0.063107	0.533983	-0.843137	0.360637	0.799935	0.479629
0.929475	-0.275979	-0.244769	-0.065543	0.529424	-0.845822	0.363015	0.802213	0.473998
0.928490	-0.278571	-0.245569	-0.067232	0.524250	-0.848906	0.365220	0.804711	0.468032
0.927839	-0.280236	-0.246133	-0.069466	0.518528	-0.852234	0.366454	0.807834	0.461644
0.927266	-0.281846	-0.246456	-0.071187	0.513537	-0.855109	0.367573	0.810458	0.456122
0.926958	-0.283314	-0.245932	-0.071063	0.511067	-0.856598	0.368374	0.811507	0.453605
0.927115	-0.283530	-0.245089	-0.071158	0.508891	-0.857885	0.367960	0.812798	0.451625
0.927195	-0.283576	-0.244732	-0.071731	0.506842	-0.859050	0.367647	0.814061	0.449600
0.927189	-0.283584	-0.244746	-0.072378	0.505429	-0.859827	0.367535	0.814936	0.448103
0.927443	-0.283008	-0.244451	-0.072897	0.504321	-0.860434	0.366791	0.815823	0.447098
0.927686	-0.282659	-0.243932	-0.072850	0.503748	-0.860774	0.366185	0.816298	0.446728
0.927836	-0.282530	-0.243509	-0.072825	0.503074	-0.861170	0.365810	0.816758	0.446195
0.927815	-0.282597	-0.243511	-0.073190	0.502185	-0.861658	0.365789	0.817282	0.445251
0.927592	-0.282624	-0.244329	-0.073784	0.502527	-0.861408	0.366236	0.817062	0.445287
0.927443	-0.281666	-0.245995	-0.075444	0.503354	-0.860780	0.366275	0.816884	0.445582
