0.979179	-0.077938	-0.187440	-0.104305	0.598980	-0.793942	0.174151	0.796962	0.578379
0.979110	-0.078156	-0.187710	-0.104607	0.598012	-0.794631	0.174358	0.797667	0.577344
0.979115	-0.078050	-0.187726	-0.104931	0.596877	-0.795441	0.174133	0.798527	0.576222
0.978904	-0.078805	-0.188510	-0.105363	0.595789	-0.796199	0.175056	0.799265	0.574918
0.978732	-0.079505	-0.189109	-0.105657	0.594809	-0.796893	0.175840	0.799926	0.573758
0.978659	-0.080057	-0.189254	-0.105633	0.593989	-0.797508	0.176261	0.800480	0.572856
0.978621	-0.080888	-0.189097	-0.105144	0.593428	-0.797990	0.176763	0.800813	0.572236
0.978603	-0.081941	-0.188736	-0.104407	0.592659	-0.798658	0.177299	0.801275	0.571423
0.978504	-0.083128	-0.188732	-0.104036	0.591203	-0.799785	0.178063	0.802227	0.569846
0.978342	-0.084436	-0.188989	-0.103904	0.589333	-0.801181	0.179026	0.803466	0.567796
0.978097	-0.086199	-0.189463	-0.104132	0.585496	-0.803959	0.180230	0.806079	0.563696
0.977675	-0.087541	-0.191018	-0.106211	0.578505	-0.808734	0.181302	0.810968	0.556292
0.977357	-0.089478	-0.191746	-0.107010	0.572748	-0.812717	0.182543	0.814834	0.550204
0.976979	-0.091506	-0.192715	-0.107838	0.567606	-0.816207	0.184074	0.818199	0.544671
0.976607	-0.092921	-0.193918	-0.109050	0.563219	-0.819080	0.185328	0.821066	0.539911
0.976407	-0.094154	-0.194333	-0.109413	0.560157	-0.821129	0.186169	0.823018	0.536640
0.976300	-0.095296	-0.194312	-0.109289	0.557865	-0.822704	0.186801	0.824442	0.534229
0.976320	-0.096626	-0.193555	-0.108277	0.556315	-0.823887	0.187286	0.825335	0.532679
0.976181	-0.097804	-0.193660	-0.107953	0.555314	-0.824605	0.188192	0.825870	0.531529
0.976211	-0.098164	-0.193326	-0.107573	0.554880	-0.824946	0.188253	0.826118	0.531121
0.976295	-0.097841	-0.193067	-0.107637	0.554407	-0.825256	0.187782	0.826474	0.530734
0.976318	-0.098066	-0.192836	-0.107437	0.553889	-0.825629	0.187776	0.826795	0.530236
0.976302	-0.098583	-0.192655	-0.107167	0.553170	-0.826146	0.188015	0.827215	0.529496
0.976292	-0.098343	-0.192826	-0.107659	0.552214	-0.826722	0.187784	0.827882	0.528535
0.976166	-0.098382	-0.193443	-0.108283	0.551676	-0.826999	0.188080	0.828236	0.527875
