-0.000213	-0.003716	0.003716
-0.001443	0.006065	0.003416
-0.000893	0.004066	0.002732
-0.000779	0.003377	0.002049
-0.000683	0.004134	0.004095
-0.001278	-0.002610	-0.000373
0.003122	-0.001874	0.002412
-0.000338	0.005715	-0.003031
-0.001315	0.000283	0.005084
-0.001638	0.000904	0.004403
-0.000114	0.000689	0.000683
-0.001465	0.001694	0.000840
-0.002093	0.001490	-0.003250
-0.001994	0.008065	0.004101
-0.003794	-0.004904	-0.001271
0.003173	-0.009860	-0.000695
0.001127	0.006191	0.006513
0.001032	0.005434	0.004467
0.001373	0.003367	0.002419
-0.002071	0.005861	-0.000674
-0.000268	-0.001547	0.001517
0.000815	-0.004099	0.002877
0.001179	-0.001795	0.003406
-0.003041	0.007724	-0.002716
