0.887977	-0.295191	-0.352645	0.140647	0.904381	-0.402882	0.437853	0.308152	0.844587
0.887905	-0.294917	-0.353057	0.140213	0.904448	-0.402883	0.438139	0.308218	0.844415
0.887851	-0.294771	-0.353315	0.140456	0.904827	-0.401946	0.438171	0.307243	0.844753
0.887990	-0.294629	-0.353083	0.141018	0.905271	-0.400747	0.437708	0.306068	0.845420
0.888086	-0.294358	-0.353068	0.141093	0.905556	-0.400076	0.437489	0.305486	0.845743
0.888017	-0.294244	-0.353334	0.140511	0.905331	-0.400789	0.437815	0.306260	0.845295
0.888016	-0.294450	-0.353166	0.140126	0.904828	-0.402058	0.437941	0.307546	0.844762
0.888108	-0.294619	-0.352795	0.140178	0.904599	-0.402555	0.437738	0.308058	0.844681
0.888232	-0.294515	-0.352570	0.140430	0.904796	-0.402024	0.437406	0.307579	0.845027
0.888274	-0.294533	-0.352448	0.140904	0.905074	-0.401231	0.437168	0.306742	0.845455
0.888491	-0.294940	-0.351560	0.141762	0.905040	-0.401007	0.436449	0.306453	0.845931
0.888455	-0.295541	-0.351144	0.142220	0.904704	-0.401603	0.436372	0.306866	0.845821
0.888366	-0.295666	-0.351265	0.141567	0.904172	-0.403028	0.436766	0.308309	0.845092
0.888134	-0.295906	-0.351650	0.140743	0.903503	-0.404814	0.437504	0.310037	0.844078
0.888024	-0.296350	-0.351554	0.140602	0.902981	-0.406026	0.437772	0.311131	0.843536
0.888153	-0.296368	-0.351212	0.140762	0.902967	-0.406001	0.437458	0.311154	0.843691
0.888393	-0.295675	-0.351189	0.140578	0.903440	-0.405012	0.437030	0.310441	0.844175
0.888737	-0.294905	-0.350967	0.140444	0.903950	-0.403918	0.436375	0.309685	0.844791
0.888946	-0.294525	-0.350757	0.140698	0.904397	-0.402827	0.435866	0.308741	0.845399
0.889141	-0.294129	-0.350595	0.140985	0.904896	-0.401605	0.435375	0.307655	0.846048
0.889206	-0.293752	-0.350745	0.141056	0.905325	-0.400612	0.435219	0.306752	0.846456
0.889361	-0.293582	-0.350495	0.141125	0.905443	-0.400322	0.434880	0.306567	0.846697
0.889749	-0.293332	-0.349719	0.141173	0.905449	-0.400289	0.434070	0.306786	0.847033
0.889804	-0.292869	-0.349967	0.140589	0.905522	-0.400332	0.434148	0.307015	0.846910
0.890163	-0.292183	-0.349627	0.139976	0.905582	-0.400410	0.433609	0.307491	0.847014
