0.931609	-0.089954	-0.352154	-0.051060	0.926891	-0.371840	0.359857	0.364391	0.858907
0.931753	-0.089573	-0.351871	-0.051171	0.927027	-0.371486	0.359470	0.364139	0.859177
0.931690	-0.089571	-0.352039	-0.051132	0.927136	-0.371219	0.359639	0.363862	0.859223
0.931453	-0.090090	-0.352533	-0.050481	0.927499	-0.370402	0.360343	0.362808	0.859374
0.931033	-0.090856	-0.353443	-0.049780	0.927841	-0.369639	0.361523	0.361741	0.859328
0.930755	-0.091659	-0.353970	-0.049044	0.928028	-0.369268	0.362341	0.361058	0.859271
0.930710	-0.092146	-0.353959	-0.048958	0.927651	-0.370226	0.362466	0.361902	0.858863
0.930369	-0.092784	-0.354690	-0.049450	0.926848	-0.372166	0.363274	0.363792	0.857722
0.930179	-0.092721	-0.355205	-0.050644	0.925916	-0.374319	0.363597	0.366173	0.856571
0.930044	-0.092501	-0.355614	-0.051759	0.925166	-0.376017	0.363784	0.368119	0.855658
0.929992	-0.092582	-0.355730	-0.051745	0.925151	-0.376057	0.363920	0.368137	0.855592
0.929724	-0.091822	-0.356625	-0.052622	0.925351	-0.375443	0.364477	0.367825	0.855489
0.929475	-0.091510	-0.357354	-0.052914	0.925649	-0.374666	0.365070	0.367152	0.855525
0.929479	-0.091487	-0.357350	-0.052728	0.925856	-0.374181	0.365087	0.366636	0.855739
0.929493	-0.091559	-0.357296	-0.052660	0.925834	-0.374245	0.365062	0.366673	0.855734
0.929635	-0.090847	-0.357108	-0.053101	0.925987	-0.373802	0.364636	0.366462	0.856006
0.929866	-0.089721	-0.356790	-0.053826	0.926193	-0.373188	0.363939	0.366220	0.856406
0.930380	-0.088980	-0.355634	-0.053800	0.926453	-0.372546	0.362628	0.365742	0.857166
0.931098	-0.088513	-0.353866	-0.053005	0.926985	-0.371335	0.360897	0.364506	0.858422
0.931208	-0.088387	-0.353609	-0.052754	0.927254	-0.370697	0.360650	0.363851	0.858804
0.931027	-0.089262	-0.353867	-0.052323	0.926963	-0.371487	0.361181	0.364379	0.858356
0.930776	-0.090988	-0.354086	-0.050930	0.926818	-0.372040	0.362025	0.364320	0.858026
0.930598	-0.092363	-0.354197	-0.049888	0.926609	-0.372702	0.362626	0.364506	0.857693
0.930780	-0.092399	-0.353710	-0.049793	0.926474	-0.373050	0.362172	0.364840	0.857743
0.930913	-0.091907	-0.353489	-0.049925	0.926718	-0.372425	0.361813	0.364343	0.858106
