0.923105	0.349437	-0.160536	-0.251306	0.864163	0.435969	0.291072	-0.362101	0.885528
0.923042	0.349510	-0.160739	-0.251348	0.864229	0.435813	0.291236	-0.361872	0.885568
0.922963	0.349640	-0.160908	-0.251363	0.864160	0.435941	0.291473	-0.361911	0.885474
0.922909	0.349671	-0.161147	-0.251283	0.864156	0.435994	0.291711	-0.361890	0.885404
0.922949	0.349609	-0.161056	-0.251267	0.864173	0.435970	0.291600	-0.361910	0.885433
0.923077	0.349369	-0.160845	-0.251131	0.864224	0.435946	0.291312	-0.362019	0.885483
0.923167	0.349108	-0.160893	-0.250926	0.864372	0.435771	0.291203	-0.361917	0.885560
0.923204	0.348888	-0.161157	-0.250607	0.864446	0.435809	0.291360	-0.361953	0.885494
0.923256	0.348606	-0.161466	-0.250332	0.864690	0.435482	0.291430	-0.361641	0.885598
0.923155	0.348310	-0.162681	-0.249919	0.865311	0.434485	0.292105	-0.360440	0.885866
0.922838	0.348055	-0.165008	-0.249086	0.865995	0.433600	0.293813	-0.359041	0.885869
0.922247	0.348713	-0.166911	-0.249622	0.866801	0.431677	0.295210	-0.356449	0.886451
0.921119	0.350193	-0.170015	-0.250932	0.868031	0.428433	0.297612	-0.351975	0.887435
0.919925	0.351282	-0.174183	-0.251595	0.869565	0.424920	0.300730	-0.347070	0.888315
0.919664	0.350808	-0.176500	-0.250883	0.870618	0.423180	0.302119	-0.344902	0.888688
0.920411	0.349179	-0.175831	-0.249489	0.870877	0.423472	0.300995	-0.345901	0.888682
0.921699	0.347389	-0.172602	-0.248617	0.870588	0.424577	0.297759	-0.348420	0.888788
0.922355	0.347380	-0.169082	-0.249064	0.869210	0.427131	0.295345	-0.351854	0.888240
0.922221	0.348466	-0.167573	-0.250139	0.868141	0.428675	0.294855	-0.353417	0.887782
0.922747	0.347462	-0.166757	-0.249122	0.867869	0.429815	0.294067	-0.355068	0.887385
0.921595	0.349348	-0.169170	-0.250604	0.868351	0.427977	0.296412	-0.352027	0.887816
0.921011	0.349798	-0.171406	-0.250811	0.869194	0.426141	0.298048	-0.349490	0.888270
0.920018	0.350736	-0.174790	-0.251232	0.870214	0.423804	0.300748	-0.345995	0.888728
0.919448	0.351308	-0.176629	-0.251677	0.870914	0.422098	0.302115	-0.343643	0.889177
0.919418	0.351024	-0.177349	-0.251467	0.871433	0.421151	0.302382	-0.342616	0.889482
