0.954776	0.240691	-0.174561	-0.143588	0.887357	0.438155	0.260358	-0.393275	0.881787
0.954450	0.242384	-0.173995	-0.144591	0.885845	0.440877	0.260994	-0.395637	0.880542
0.953749	0.245003	-0.174172	-0.146221	0.884360	0.443313	0.262644	-0.397342	0.879282
0.952753	0.248188	-0.175114	-0.148236	0.883118	0.445117	0.265119	-0.398129	0.878183
0.952191	0.250229	-0.175266	-0.149502	0.881966	0.446973	0.266424	-0.399401	0.877210
0.951671	0.251539	-0.176209	-0.149847	0.881124	0.448515	0.268081	-0.400434	0.876233
0.950465	0.254788	-0.178040	-0.151221	0.879470	0.451292	0.271565	-0.402014	0.874435
0.948995	0.258524	-0.180485	-0.152858	0.877910	0.453771	0.275760	-0.403038	0.872649
0.948466	0.259807	-0.181418	-0.153601	0.877704	0.453918	0.277163	-0.402660	0.872379
0.949313	0.257116	-0.180824	-0.152153	0.879245	0.451418	0.275055	-0.401024	0.873799
0.950598	0.253067	-0.179778	-0.149999	0.881503	0.447719	0.271778	-0.398634	0.875915
0.952186	0.248345	-0.177948	-0.147461	0.883692	0.444234	0.267575	-0.396753	0.878061
0.953478	0.244476	-0.176384	-0.145155	0.885118	0.442149	0.264215	-0.395976	0.879428
0.953992	0.242425	-0.176433	-0.143540	0.885896	0.441117	0.263240	-0.395497	0.879936
0.954140	0.241604	-0.176761	-0.142829	0.886325	0.440485	0.263091	-0.395038	0.880186
0.954329	0.241046	-0.176501	-0.142543	0.886576	0.440073	0.262560	-0.394816	0.880445
0.954405	0.240978	-0.176186	-0.142662	0.886642	0.439901	0.262220	-0.394708	0.880594
0.954649	0.240322	-0.175757	-0.142399	0.886965	0.439335	0.261472	-0.394383	0.880962
0.955258	0.238330	-0.175162	-0.141056	0.887615	0.438455	0.259973	-0.394130	0.881519
0.955696	0.236909	-0.174700	-0.140140	0.888118	0.437730	0.258856	-0.393854	0.881971
0.955956	0.235512	-0.175166	-0.138786	0.888561	0.437262	0.258626	-0.393692	0.882111
0.956386	0.233899	-0.174976	-0.137606	0.889150	0.436437	0.257662	-0.393325	0.882557
0.956784	0.232895	-0.174137	-0.136991	0.889194	0.436540	0.256510	-0.393820	0.882671
0.957004	0.232544	-0.173396	-0.136723	0.888812	0.437402	0.255831	-0.394888	0.882391
