0.881482	0.427224	-0.201172	-0.335836	0.866655	0.368949	0.331970	-0.257661	0.907418
0.881440	0.427582	-0.200592	-0.335953	0.866146	0.370036	0.331963	-0.258775	0.907103
0.881520	0.427681	-0.200028	-0.335975	0.865865	0.370673	0.331727	-0.259552	0.906968
0.881615	0.427817	-0.199319	-0.336089	0.865563	0.371276	0.331361	-0.260333	0.906877
0.881595	0.428099	-0.198799	-0.336285	0.865220	0.371897	0.331214	-0.261009	0.906737
0.881665	0.428327	-0.197998	-0.336616	0.864950	0.372224	0.330692	-0.261528	0.906778
0.881571	0.428096	-0.198914	-0.335987	0.865026	0.372615	0.331581	-0.261654	0.906417
0.881657	0.428089	-0.198544	-0.335979	0.864904	0.372905	0.331358	-0.262068	0.906378
0.881688	0.428625	-0.197248	-0.336571	0.864317	0.373733	0.330677	-0.263128	0.906321
0.881692	0.429026	-0.196358	-0.337164	0.864023	0.373879	0.330061	-0.263441	0.906454
0.881418	0.429232	-0.197132	-0.337332	0.864178	0.373368	0.330619	-0.262594	0.906496
0.880166	0.430787	-0.199324	-0.338402	0.863955	0.372915	0.332854	-0.260775	0.906203
0.879061	0.432373	-0.200760	-0.339460	0.863429	0.373172	0.334691	-0.259891	0.905781
0.879616	0.431795	-0.199572	-0.339186	0.863489	0.373283	0.333510	-0.260653	0.905997
0.881024	0.430629	-0.195848	-0.338376	0.862950	0.375260	0.330604	-0.264343	0.905993
0.882525	0.430215	-0.189908	-0.337850	0.860936	0.380325	0.327120	-0.271485	0.905145
0.883433	0.430683	-0.184552	-0.337913	0.858465	0.385813	0.324594	-0.278477	0.903930
0.884973	0.428592	-0.182020	-0.335094	0.857609	0.390152	0.323319	-0.284280	0.902580
0.886003	0.425664	-0.183873	-0.330128	0.857553	0.394485	0.325599	-0.288814	0.900318
0.883878	0.427336	-0.190112	-0.328763	0.856761	0.397335	0.332676	-0.288694	0.897765
0.883018	0.427902	-0.192820	-0.328541	0.856936	0.397142	0.335173	-0.287334	0.897273
0.883711	0.427105	-0.191407	-0.327957	0.856847	0.397815	0.333916	-0.288780	0.897277
0.884282	0.426230	-0.190718	-0.327606	0.857334	0.397054	0.332746	-0.288627	0.897761
0.884551	0.426420	-0.189039	-0.328701	0.857401	0.396005	0.330947	-0.288149	0.898579
