0.921536	0.350441	-0.167221	-0.251934	0.867331	0.429263	0.295467	-0.353452	0.887564
0.921444	0.350660	-0.167266	-0.252279	0.867461	0.428798	0.295459	-0.352916	0.887780
0.921148	0.351327	-0.167497	-0.252976	0.867489	0.428328	0.295785	-0.352181	0.887964
0.920796	0.351679	-0.168692	-0.253179	0.867899	0.427377	0.296707	-0.350818	0.888196
0.920031	0.352076	-0.172005	-0.253045	0.868992	0.425231	0.299184	-0.347700	0.888591
0.919128	0.352648	-0.175622	-0.252871	0.869933	0.423407	0.302092	-0.344755	0.888754
0.918352	0.353433	-0.178087	-0.252988	0.870294	0.422593	0.304346	-0.343035	0.888651
0.918006	0.353909	-0.178925	-0.253327	0.870470	0.422028	0.305109	-0.342098	0.888751
0.918236	0.353674	-0.178208	-0.253312	0.870397	0.422187	0.304428	-0.342525	0.888820
0.918671	0.353097	-0.177104	-0.252970	0.870214	0.422769	0.303396	-0.343584	0.888764
0.918976	0.352606	-0.176499	-0.252532	0.870064	0.423340	0.302838	-0.344468	0.888612
0.919173	0.352333	-0.176018	-0.252240	0.869848	0.423956	0.302483	-0.345290	0.888414
0.919318	0.352283	-0.175359	-0.252414	0.869767	0.424019	0.301896	-0.345546	0.888514
0.919503	0.351650	-0.175661	-0.251645	0.869906	0.424191	0.301975	-0.345841	0.888372
0.919624	0.351636	-0.175055	-0.251760	0.869735	0.424475	0.301512	-0.346285	0.888356
0.919403	0.352605	-0.174265	-0.252840	0.869239	0.424847	0.301281	-0.346545	0.888333
0.919280	0.353333	-0.173437	-0.253746	0.868848	0.425107	0.300895	-0.346784	0.888371
0.919246	0.353530	-0.173215	-0.253786	0.868508	0.425778	0.300964	-0.347435	0.888093
0.918752	0.354639	-0.173566	-0.254227	0.867688	0.427184	0.302098	-0.348351	0.887349
0.918355	0.355529	-0.173849	-0.254789	0.867273	0.427692	0.302832	-0.348478	0.887049
0.918351	0.355751	-0.173414	-0.255143	0.867144	0.427743	0.302545	-0.348573	0.887110
0.918411	0.355977	-0.172632	-0.255570	0.866907	0.427967	0.302003	-0.348930	0.887154
0.918597	0.355812	-0.171979	-0.255541	0.866748	0.428308	0.301460	-0.349495	0.887116
0.919001	0.355057	-0.171383	-0.255004	0.866838	0.428445	0.300684	-0.350038	0.887166
