0.846860	0.499145	-0.183527	-0.419689	0.839207	0.345823	0.326633	-0.215840	0.920176
0.846007	0.500947	-0.182549	-0.421423	0.838012	0.346610	0.326612	-0.216304	0.920075
0.845423	0.502405	-0.181243	-0.423176	0.837134	0.346596	0.325857	-0.216323	0.920338
0.844954	0.503536	-0.180288	-0.424554	0.836478	0.346494	0.325279	-0.216230	0.920564
0.845237	0.504091	-0.177388	-0.425329	0.835552	0.347776	0.323528	-0.218505	0.920644
0.845670	0.504422	-0.174361	-0.425644	0.834527	0.349846	0.321979	-0.221639	0.920438
0.845896	0.504856	-0.171991	-0.426181	0.833704	0.351152	0.320670	-0.223739	0.920387
0.846115	0.505391	-0.169318	-0.427194	0.832995	0.351604	0.318738	-0.225166	0.920710
0.845939	0.506074	-0.168157	-0.428294	0.832611	0.351174	0.317729	-0.225051	0.921086
0.845905	0.506485	-0.167087	-0.428654	0.832056	0.352051	0.317334	-0.226179	0.920946
0.845763	0.506761	-0.166966	-0.428501	0.831577	0.353365	0.317917	-0.227318	0.920465
0.845659	0.506944	-0.166939	-0.428009	0.830994	0.355328	0.318857	-0.229035	0.919714
0.845514	0.507244	-0.166761	-0.427650	0.830318	0.357335	0.319721	-0.230816	0.918968
0.845145	0.508108	-0.166003	-0.428057	0.829329	0.359138	0.320152	-0.232465	0.918402
0.844228	0.509238	-0.167199	-0.428554	0.828681	0.360042	0.321902	-0.232304	0.917831
0.843444	0.510484	-0.167358	-0.429568	0.827946	0.360523	0.322604	-0.232190	0.917613
0.842593	0.512053	-0.166850	-0.431073	0.826963	0.360982	0.322820	-0.232237	0.917526
0.842157	0.513021	-0.166076	-0.431816	0.826079	0.362117	0.322966	-0.233245	0.917218
0.841943	0.513410	-0.165961	-0.431620	0.825426	0.363835	0.323785	-0.234696	0.916560
0.841792	0.513651	-0.165979	-0.431248	0.824866	0.365542	0.324671	-0.236132	0.915877
0.841327	0.514208	-0.166611	-0.431407	0.824499	0.366182	0.325664	-0.236202	0.915506
0.841186	0.514786	-0.165531	-0.432298	0.824096	0.366038	0.324845	-0.236347	0.915760
0.841447	0.515442	-0.162134	-0.433652	0.823197	0.366459	0.322356	-0.238046	0.916199
0.841842	0.514704	-0.162424	-0.433725	0.824257	0.363982	0.321222	-0.235968	0.917134
0.842687	0.512462	-0.165111	-0.432146	0.826701	0.360298	0.321136	-0.232266	0.918109
