0.799646	0.576989	-0.166281	-0.475503	0.777569	0.411440	0.366691	-0.249939	0.896141
0.800050	0.576589	-0.165730	-0.475013	0.777545	0.412052	0.366447	-0.250938	0.895962
0.800463	0.576465	-0.164155	-0.474946	0.777096	0.412974	0.365630	-0.252606	0.895826
0.800856	0.576420	-0.162386	-0.474950	0.776521	0.414051	0.364763	-0.254470	0.895652
0.801324	0.576266	-0.160613	-0.474874	0.776021	0.415074	0.363832	-0.256338	0.895498
0.801777	0.576015	-0.159252	-0.474501	0.775578	0.416325	0.363322	-0.258235	0.895160
0.802081	0.575623	-0.159132	-0.473222	0.775123	0.418622	0.364316	-0.260464	0.894110
0.801717	0.575731	-0.160572	-0.472136	0.774748	0.420540	0.366520	-0.261343	0.892952
0.800935	0.576587	-0.161403	-0.471737	0.773683	0.422941	0.368737	-0.262609	0.891667
0.800093	0.577886	-0.160932	-0.471696	0.771813	0.426388	0.370613	-0.265239	0.890109
0.798368	0.580124	-0.161447	-0.472951	0.770042	0.428197	0.372728	-0.265502	0.889147
0.796540	0.582735	-0.161070	-0.474885	0.767931	0.429844	0.374176	-0.265898	0.888420
0.794886	0.584926	-0.161302	-0.475675	0.765773	0.432810	0.376683	-0.267307	0.886937
0.792838	0.587516	-0.161964	-0.476226	0.763099	0.436908	0.380285	-0.269266	0.884805
0.790622	0.590482	-0.162010	-0.477324	0.760089	0.440938	0.383509	-0.271284	0.882795
0.789586	0.592184	-0.160845	-0.478626	0.758362	0.442498	0.384019	-0.272405	0.882227
0.790091	0.592092	-0.158695	-0.479025	0.757907	0.442845	0.382480	-0.273869	0.882442
0.791026	0.591522	-0.156138	-0.478946	0.757556	0.443532	0.380642	-0.276063	0.882553
0.791491	0.591218	-0.154932	-0.479322	0.757735	0.442818	0.379200	-0.276224	0.883124
0.790967	0.591928	-0.154892	-0.480187	0.757422	0.442417	0.379198	-0.275560	0.883332
0.789889	0.593365	-0.154896	-0.482023	0.756882	0.441342	0.379115	-0.273948	0.883869
0.788899	0.594762	-0.154586	-0.484171	0.756485	0.439670	0.378441	-0.272009	0.884756
0.788563	0.595473	-0.153560	-0.485665	0.756222	0.438473	0.377224	-0.271184	0.885529
0.788462	0.595867	-0.152544	-0.486803	0.756119	0.437386	0.375966	-0.270603	0.886241
0.789137	0.595318	-0.151194	-0.486822	0.756312	0.437032	0.374523	-0.271273	0.886647
