0.967759	0.173656	-0.182446	-0.078081	0.895491	0.438177	0.239471	-0.409804	0.880179
0.968041	0.173104	-0.181473	-0.077905	0.895354	0.438489	0.238386	-0.410338	0.880224
0.968349	0.172742	-0.180170	-0.078084	0.895251	0.438667	0.237074	-0.410714	0.880403
0.968559	0.172714	-0.179061	-0.078549	0.895232	0.438622	0.236057	-0.410766	0.880652
0.968504	0.173031	-0.179056	-0.078782	0.895099	0.438852	0.236208	-0.410923	0.880538
0.968527	0.172750	-0.179200	-0.078421	0.895059	0.438997	0.236231	-0.411128	0.880437
0.968621	0.172351	-0.179075	-0.078078	0.895038	0.439101	0.235958	-0.411341	0.880410
0.968682	0.172281	-0.178812	-0.078106	0.894995	0.439184	0.235699	-0.411464	0.880422
0.968681	0.172587	-0.178524	-0.078576	0.895071	0.438946	0.235548	-0.411171	0.880599
0.968612	0.173124	-0.178381	-0.079187	0.895115	0.438748	0.235629	-0.410851	0.880728
0.968461	0.173764	-0.178579	-0.079733	0.895140	0.438597	0.236065	-0.410525	0.880762
0.968414	0.173579	-0.179009	-0.079412	0.895232	0.438467	0.236363	-0.410402	0.880740
0.968329	0.173205	-0.179828	-0.078647	0.895177	0.438717	0.236966	-0.410679	0.880449
0.968214	0.174124	-0.179563	-0.079411	0.894747	0.439456	0.237184	-0.411228	0.880134
0.968063	0.175176	-0.179354	-0.080600	0.894871	0.438986	0.237399	-0.410510	0.880411
0.967632	0.176684	-0.180200	-0.081411	0.894403	0.439789	0.238875	-0.410884	0.879837
0.966637	0.179280	-0.182955	-0.082477	0.894043	0.440323	0.242511	-0.410543	0.879001
0.966655	0.179778	-0.182366	-0.082856	0.893409	0.441537	0.242306	-0.411704	0.878514
0.966694	0.179625	-0.182311	-0.082702	0.893356	0.441673	0.242204	-0.411886	0.878457
0.966859	0.179271	-0.181785	-0.082760	0.893632	0.441103	0.241526	-0.411440	0.878853
0.967025	0.179064	-0.181103	-0.082890	0.893668	0.441006	0.240814	-0.411453	0.879042
0.967006	0.179645	-0.180628	-0.083597	0.893540	0.441132	0.240646	-0.411478	0.879077
0.966853	0.180385	-0.180710	-0.084331	0.893624	0.440822	0.241004	-0.410970	0.879216
0.966945	0.180167	-0.180435	-0.084328	0.893768	0.440531	0.240636	-0.410753	0.879418
0.967260	0.179027	-0.179881	-0.083551	0.893910	0.440391	0.239639	-0.410943	0.879601
