-0.002376	0.005036	-0.004083
0.001634	-0.004551	0.000676
0.000801	0.000994	0.000527
-0.001943	0.000078	0.000994
-0.001807	0.003761	0.002888
-0.001616	0.003105	-0.003404
-0.000228	0.001378	0.001365
0.000970	-0.001863	0.002043
0.001675	-0.001626	0.000523
0.001238	-0.000316	0.000525
0.000209	0.000068	0.001363
-0.000665	0.002688	0.001367
-0.000988	0.003309	0.000686
-0.000228	0.001378	0.001365
0.001197	-0.003241	0.000677
-0.000081	-0.005851	0.000304
0.000782	0.002441	0.003255
-0.001003	0.008403	-0.001664
0.000022	0.004372	0.002576
0.000492	-0.003478	0.002196
0.003026	-0.002631	0.000366
0.002475	-0.000631	0.001050
-0.000477	-0.001615	0.000154
