-0.000591	-0.000926	0.000836
0.000970	-0.001863	0.002043
0.000970	-0.001863	0.002043
0.001179	-0.001795	0.003406
-0.001179	0.001795	-0.003406
0.001010	0.001062	0.001890
0.000000	0.000000	-0.000000
0.000323	-0.000621	0.000681
0.000114	-0.000689	-0.000683
0.000187	-0.004304	-0.001213
0.000040	0.002925	-0.000152
-0.000397	0.004236	-0.000150
0.001884	-0.001558	0.001887
0.001884	-0.001558	0.001887
0.000779	-0.003377	-0.002049
-0.000114	0.000689	0.000683
-0.001939	0.003726	-0.004085
-0.000323	0.000621	-0.000681
0.001884	-0.001558	0.001887
0.000000	0.000000	-0.000000
0.001028	-0.000384	-0.000838
-0.000801	-0.000994	-0.000527
-0.001006	0.004755	0.003415
-0.001293	0.002484	-0.002723
-0.000114	0.000689	0.000683
