-0.001142	0.001073	0.001521
0.000646	-0.001242	0.001362
0.002226	-0.003625	-0.000161
0.001829	0.000611	-0.000311
-0.000874	0.002620	0.000003
0.000000	0.000000	-0.000000
0.000551	-0.001999	-0.000684
0.001561	-0.000937	0.001206
-0.001480	0.006788	-0.001510
-0.001311	0.003930	0.000005
0.001502	-0.002416	0.004087
0.002589	-0.001321	0.000368
0.001142	-0.001073	-0.001521
0.001851	0.004982	0.002265
-0.002262	0.004347	-0.004766
-0.001142	0.001073	0.001521
0.000320	-0.004269	0.005760
-0.000323	0.000621	-0.000681
0.003390	-0.000326	0.000895
0.001465	-0.001694	-0.000840
