-0.000665	0.002688	0.001367
-0.000114	0.000689	0.000683
-0.000591	-0.000926	0.000836
0.001561	-0.000937	0.001206
-0.000327	-0.003027	0.004398
-0.000988	0.003309	0.000686
-0.001216	0.004687	0.002051
-0.001197	0.003241	-0.000677
-0.000536	-0.003095	0.003035
0.000970	-0.001863	0.002043
-0.001142	0.001073	0.001521
0.001274	-0.001038	0.005452
-0.000874	0.002620	0.000003
0.000095	0.000757	0.002046
-0.000859	-0.002474	0.002354
0.000702	-0.003410	0.003560
-0.000496	-0.000169	0.002882
-0.000779	0.003377	0.002049
-0.001653	0.005997	0.002053
