0.000323	-0.000621	0.000681
0.001238	-0.000316	0.000525
-0.000422	-0.003784	0.002352
0.001924	0.001368	0.001735
0.000463	0.006709	-0.002504
-0.000342	0.002067	0.002048
0.000533	-0.000553	0.002044
0.001884	-0.001558	0.001887
0.000646	-0.001242	0.001362
-0.001748	0.005240	0.000007
0.002461	0.004462	-0.001300
0.000191	0.001514	0.004092
-0.000228	0.001378	0.001365
0.001083	-0.002552	0.001360
-0.001278	-0.002610	-0.000373
0.001388	-0.001727	0.004769
-0.001425	0.004619	0.000688
0.000687	0.001683	0.001209
0.001998	-0.002247	0.001204
0.001083	-0.002552	0.001360
-0.000268	-0.001547	0.001517
