-0.001392	-0.001921	0.000310
0.001219	0.001130	0.003254
-0.003291	0.004731	-0.003928
-0.000569	0.003445	0.003413
-0.001028	0.000384	0.000838
-0.001620	-0.000543	0.001675
0.000110	-0.004337	0.004396
-0.000228	0.001378	0.001365
0.001204	0.006224	0.000903
-0.001197	0.003241	-0.000677
-0.000665	0.002688	0.001367
-0.003011	-0.002463	0.001984
-0.001451	-0.003400	0.003190
-0.001451	-0.003400	0.003190
-0.004532	0.001399	0.000626
-0.000988	0.003309	0.000686
0.000444	0.008155	0.000224
0.001373	0.003367	0.002419
-0.000973	-0.001785	0.003036
-0.001983	-0.002847	0.001146
-0.000268	-0.001547	0.001517
-0.001032	-0.003264	0.005917
-0.002494	0.002078	0.001678
