0.167197	0.984439	0.054082	-0.946254	0.175632	-0.271584	-0.276856	-0.005767	0.960894
0.164924	0.984766	0.055100	-0.945054	0.173767	-0.276907	-0.282263	-0.006404	0.959316
0.162963	0.985030	0.056200	-0.944008	0.172232	-0.281400	-0.286867	-0.007195	0.957943
0.161211	0.985279	0.056893	-0.943249	0.170779	-0.284806	-0.290330	-0.007751	0.956895
0.159790	0.985454	0.057864	-0.942731	0.169724	-0.287146	-0.292790	-0.008667	0.956137
0.158902	0.985573	0.058279	-0.942382	0.169010	-0.288708	-0.294393	-0.009044	0.955642
0.158474	0.985610	0.058808	-0.941963	0.168771	-0.290210	-0.295960	-0.009404	0.955154
0.157870	0.985686	0.059169	-0.941878	0.168307	-0.290757	-0.296553	-0.009828	0.954966
0.157590	0.985716	0.059415	-0.941829	0.168116	-0.291023	-0.296855	-0.010096	0.954869
0.157077	0.985792	0.059508	-0.941829	0.167656	-0.291290	-0.297128	-0.010292	0.954782
0.156752	0.985815	0.059973	-0.941836	0.167485	-0.291365	-0.297277	-0.010813	0.954730
0.156487	0.985840	0.060254	-0.941934	0.167312	-0.291148	-0.297107	-0.011194	0.954778
0.156478	0.985822	0.060578	-0.941956	0.167398	-0.291027	-0.297042	-0.011523	0.954795
0.156668	0.985801	0.060433	-0.941846	0.167541	-0.291301	-0.297290	-0.011281	0.954721
0.156548	0.985820	0.060436	-0.941845	0.167427	-0.291371	-0.297358	-0.011307	0.954699
0.156360	0.985851	0.060415	-0.941882	0.167241	-0.291358	-0.297339	-0.011347	0.954704
0.156220	0.985855	0.060714	-0.941880	0.167197	-0.291389	-0.297418	-0.011664	0.954676
0.155972	0.985884	0.060877	-0.941826	0.167012	-0.291668	-0.297718	-0.011844	0.954580
0.155799	0.985909	0.060906	-0.941785	0.166858	-0.291890	-0.297940	-0.011884	0.954511
0.155593	0.985935	0.061015	-0.941749	0.166696	-0.292099	-0.298162	-0.012012	0.954440
0.155338	0.985988	0.060806	-0.941751	0.166393	-0.292264	-0.298286	-0.011864	0.954403
0.155261	0.985982	0.061107	-0.941812	0.166406	-0.292060	-0.298134	-0.012205	0.954446
0.155093	0.986006	0.061142	-0.941894	0.166254	-0.291882	-0.297962	-0.012321	0.954498
0.154972	0.986025	0.061145	-0.941892	0.166140	-0.291951	-0.298030	-0.012347	0.954477
