0.714159	0.698391	0.047196	-0.672341	0.703156	-0.231363	-0.194768	0.133498	0.971722
0.713496	0.699026	0.047816	-0.672941	0.702677	-0.231073	-0.195125	0.132692	0.971761
0.713220	0.699294	0.048014	-0.673177	0.702449	-0.231078	-0.195319	0.132488	0.971750
0.713188	0.699332	0.047929	-0.673177	0.702369	-0.231322	-0.195435	0.132712	0.971696
0.713283	0.699231	0.047995	-0.672997	0.702424	-0.231682	-0.195712	0.132954	0.971607
0.713505	0.699022	0.047748	-0.672684	0.702494	-0.232374	-0.195977	0.133680	0.971454
0.713391	0.699144	0.047650	-0.672738	0.702311	-0.232771	-0.196206	0.134001	0.971363
0.713537	0.699019	0.047309	-0.672667	0.702389	-0.232741	-0.195920	0.134246	0.971387
0.713880	0.698671	0.047274	-0.672447	0.702793	-0.232157	-0.195425	0.133943	0.971529
0.714184	0.698363	0.047228	-0.672261	0.703153	-0.231604	-0.194952	0.133659	0.971663
0.714182	0.698361	0.047295	-0.672311	0.703206	-0.231301	-0.194789	0.133394	0.971732
0.714084	0.698456	0.047370	-0.672369	0.703109	-0.231424	-0.194946	0.133406	0.971699
0.714211	0.698307	0.047655	-0.672082	0.703216	-0.231932	-0.195471	0.133620	0.971564
0.714257	0.698254	0.047725	-0.671906	0.703196	-0.232504	-0.195907	0.134001	0.971424
0.714278	0.698230	0.047764	-0.671810	0.703178	-0.232836	-0.196159	0.134221	0.971342
0.714244	0.698267	0.047746	-0.671860	0.703150	-0.232776	-0.196113	0.134180	0.971358
0.714297	0.698195	0.048004	-0.671657	0.703184	-0.233256	-0.196613	0.134372	0.971230
0.714217	0.698264	0.048185	-0.671670	0.703122	-0.233407	-0.196859	0.134339	0.971185
0.714017	0.698467	0.048208	-0.671878	0.702942	-0.233352	-0.196876	0.134227	0.971197
0.714057	0.698421	0.048279	-0.671909	0.703053	-0.232927	-0.196623	0.133884	0.971295
0.714173	0.698310	0.048175	-0.671912	0.703211	-0.232441	-0.196193	0.133634	0.971417
0.714254	0.698252	0.047792	-0.671956	0.703248	-0.232201	-0.195745	0.133736	0.971493
0.714526	0.698028	0.047004	-0.671860	0.703370	-0.232111	-0.195081	0.134269	0.971553
0.714805	0.697765	0.046664	-0.671745	0.703640	-0.231623	-0.194453	0.134219	0.971686
0.715344	0.697212	0.046670	-0.671366	0.704275	-0.230790	-0.193778	0.133762	0.971884
