0.248266	0.967947	0.037992	-0.936877	0.249896	-0.244569	-0.246224	0.025125	0.968887
0.247919	0.968030	0.038141	-0.936899	0.249591	-0.244794	-0.246487	0.024955	0.968825
0.247612	0.968098	0.038398	-0.936887	0.249350	-0.245088	-0.246843	0.024712	0.968740
0.247231	0.968193	0.038458	-0.936963	0.248994	-0.245156	-0.246934	0.024577	0.968720
0.247124	0.968214	0.038632	-0.936900	0.248926	-0.245466	-0.247280	0.024466	0.968635
0.247225	0.968196	0.038425	-0.936793	0.248963	-0.245838	-0.247586	0.024781	0.968549
0.247150	0.968198	0.038854	-0.936758	0.248994	-0.245940	-0.247793	0.024387	0.968506
0.247077	0.968219	0.038797	-0.936627	0.248894	-0.246539	-0.248360	0.024576	0.968356
0.247106	0.968190	0.039331	-0.936214	0.249019	-0.247977	-0.249883	0.024454	0.967967
0.246949	0.968190	0.040312	-0.935771	0.249072	-0.249592	-0.251693	0.023914	0.967512
0.246843	0.968168	0.041455	-0.935483	0.249235	-0.250507	-0.252865	0.023056	0.967227
0.247084	0.968064	0.042450	-0.935173	0.249704	-0.251196	-0.253774	0.022368	0.967005
0.247152	0.968017	0.043122	-0.934894	0.249921	-0.252016	-0.254733	0.021972	0.966762
0.246999	0.968046	0.043337	-0.934796	0.249818	-0.252483	-0.255242	0.021852	0.966630
0.246707	0.968114	0.043484	-0.934758	0.249565	-0.252875	-0.255664	0.021739	0.966521
0.246242	0.968226	0.043627	-0.934765	0.249143	-0.253264	-0.256086	0.021583	0.966413
0.245577	0.968399	0.043531	-0.934808	0.248466	-0.253770	-0.256567	0.021627	0.966284
0.245150	0.968503	0.043627	-0.934983	0.248085	-0.253497	-0.256335	0.021354	0.966352
0.244752	0.968596	0.043807	-0.935238	0.247759	-0.252875	-0.255787	0.020922	0.966507
0.244485	0.968667	0.043709	-0.935531	0.247495	-0.252046	-0.254967	0.020730	0.966727
0.244568	0.968657	0.043468	-0.935803	0.247536	-0.250994	-0.253887	0.020708	0.967012
0.245266	0.968530	0.042363	-0.935915	0.247949	-0.250170	-0.252801	0.021710	0.967275
0.245625	0.968471	0.041609	-0.936170	0.248132	-0.249031	-0.251504	0.022215	0.967601
0.246177	0.968367	0.040765	-0.936506	0.248493	-0.247401	-0.249705	0.022728	0.968055
0.246570	0.968288	0.040281	-0.936807	0.248786	-0.245963	-0.248184	0.022911	0.968442
0.246738	0.968251	0.040124	-0.936962	0.248927	-0.245229	-0.247431	0.022913	0.968634
