0.940623	0.336403	0.045408	-0.323475	0.928849	-0.180567	-0.102920	0.155157	0.982514
0.940581	0.336524	0.045369	-0.323584	0.928780	-0.180726	-0.102956	0.155307	0.982487
0.940516	0.336723	0.045237	-0.323814	0.928723	-0.180604	-0.102826	0.155213	0.982515
0.940532	0.336682	0.045214	-0.323814	0.928791	-0.180252	-0.102682	0.154892	0.982581
0.940638	0.336365	0.045377	-0.323512	0.928965	-0.179900	-0.102666	0.154541	0.982638
0.940794	0.335871	0.045801	-0.323035	0.929272	-0.179170	-0.102740	0.153767	0.982751
0.940854	0.335703	0.045794	-0.322900	0.929374	-0.178884	-0.102611	0.153517	0.982804
0.940861	0.335736	0.045402	-0.322960	0.929293	-0.179198	-0.102355	0.153938	0.982765
0.940816	0.335907	0.045079	-0.323159	0.929185	-0.179398	-0.102148	0.154213	0.982743
0.940712	0.336225	0.044878	-0.323509	0.929073	-0.179346	-0.101996	0.154195	0.982762
0.940506	0.336770	0.045099	-0.324047	0.928947	-0.179026	-0.102185	0.153761	0.982810
0.940237	0.337467	0.045503	-0.324714	0.928790	-0.178633	-0.102545	0.153182	0.982863
0.940154	0.337647	0.045878	-0.324875	0.928810	-0.178238	-0.102794	0.152666	0.982917
0.940151	0.337672	0.045755	-0.324895	0.928760	-0.178460	-0.102757	0.152914	0.982883
0.940178	0.337655	0.045325	-0.324892	0.928665	-0.178962	-0.102519	0.153531	0.982811
0.940114	0.337869	0.045055	-0.325079	0.928475	-0.179603	-0.102515	0.154200	0.982707
0.940091	0.337944	0.044970	-0.325162	0.928440	-0.179636	-0.102459	0.154251	0.982705
0.940327	0.337257	0.045189	-0.324555	0.928847	-0.178627	-0.102217	0.153302	0.982879
0.940318	0.337179	0.045965	-0.324334	0.928880	-0.178856	-0.103002	0.153273	0.982801
0.940136	0.337642	0.046286	-0.324714	0.928694	-0.179132	-0.103468	0.153379	0.982736
0.939904	0.338286	0.046298	-0.325355	0.928482	-0.179067	-0.103563	0.153243	0.982747
0.939840	0.338438	0.046481	-0.325485	0.928451	-0.178994	-0.103734	0.153097	0.982752
0.939799	0.338516	0.046750	-0.325531	0.928455	-0.178888	-0.103961	0.152900	0.982758
0.939801	0.338491	0.046873	-0.325511	0.928505	-0.178666	-0.103998	0.152653	0.982793
0.939790	0.338508	0.046980	-0.325540	0.928547	-0.178392	-0.104010	0.152357	0.982837
