0.508344	0.861020	0.015176	-0.845651	0.502443	-0.180071	-0.162669	0.078704	0.983537
0.508183	0.861112	0.015397	-0.845711	0.502315	-0.180147	-0.162860	0.078526	0.983519
0.507604	0.861459	0.015054	-0.846085	0.501692	-0.180126	-0.162724	0.078695	0.983528
0.507282	0.861651	0.014920	-0.846326	0.501374	-0.179880	-0.162474	0.078623	0.983575
0.507473	0.861534	0.015199	-0.846271	0.501648	-0.179372	-0.162160	0.078164	0.983664
0.507954	0.861250	0.015216	-0.846121	0.502186	-0.178576	-0.161440	0.077833	0.983808
0.508478	0.860945	0.014958	-0.845898	0.502687	-0.178220	-0.160957	0.077968	0.983877
0.508679	0.860840	0.014169	-0.845783	0.502722	-0.178669	-0.160929	0.078902	0.983807
0.508548	0.860921	0.013919	-0.845865	0.502545	-0.178777	-0.160908	0.079143	0.983791
0.508366	0.861033	0.013649	-0.846007	0.502328	-0.178717	-0.160738	0.079307	0.983806
0.508346	0.861048	0.013447	-0.846042	0.502278	-0.178686	-0.160612	0.079458	0.983814
0.508151	0.861161	0.013558	-0.846158	0.502109	-0.178616	-0.160625	0.079292	0.983825
0.507969	0.861268	0.013577	-0.846239	0.501923	-0.178756	-0.160771	0.079313	0.983800
0.507755	0.861391	0.013776	-0.846344	0.501744	-0.178759	-0.160894	0.079107	0.983796
0.507766	0.861391	0.013392	-0.846341	0.501677	-0.178959	-0.160872	0.079535	0.983765
0.507978	0.861269	0.013191	-0.846222	0.501846	-0.179050	-0.160830	0.079791	0.983752
0.508301	0.861081	0.013038	-0.846056	0.502142	-0.179002	-0.160682	0.079956	0.983762
0.508427	0.861007	0.012994	-0.845991	0.502261	-0.178979	-0.160629	0.080005	0.983767
0.508424	0.861009	0.012992	-0.845962	0.502242	-0.179168	-0.160790	0.080103	0.983733
0.508391	0.861026	0.013172	-0.845971	0.502242	-0.179127	-0.160848	0.079924	0.983738
0.508218	0.861123	0.013487	-0.846079	0.502141	-0.178899	-0.160826	0.079508	0.983775
0.507937	0.861284	0.013758	-0.846262	0.501931	-0.178619	-0.160748	0.079085	0.983822
0.507960	0.861268	0.013962	-0.846256	0.501999	-0.178461	-0.160712	0.078836	0.983848
0.508157	0.861153	0.013852	-0.846155	0.502177	-0.178437	-0.160618	0.078953	0.983854
0.508511	0.860949	0.013518	-0.845966	0.502465	-0.178526	-0.160494	0.079347	0.983842
0.508641	0.860873	0.013479	-0.845944	0.502611	-0.178219	-0.160199	0.079247	0.983899
