0.000834	-0.005546	0.000149
0.002398	-0.000665	0.006660
-0.002743	-0.000916	0.000467
0.001429	0.001198	0.004617
0.001924	0.001368	0.001735
-0.000665	0.002688	0.001367
-0.001216	0.004687	0.002051
-0.001352	0.001005	0.000157
0.002068	-0.009509	0.005753
0.003217	-0.001116	0.004458
0.001186	0.007670	0.003632
0.000514	0.000893	0.004773
-0.000228	0.001378	0.001365
-0.000933	0.001141	0.002884
-0.000342	0.002067	0.002048
-0.000569	0.003445	0.003413
-0.001293	0.002484	-0.002723
0.001884	-0.001558	0.001887
-0.000606	0.004167	-0.001514
0.000400	0.001582	0.005455
-0.000555	-0.001648	0.005763
-0.003313	0.002529	0.003880
