0.000114	0.002859	0.011066
-0.000844	0.009738	0.005680
0.000687	-0.001683	-0.001209
-0.001025	-0.004031	0.004241
-0.002174	0.004361	0.002946
0.002968	0.004110	-0.003247
0.000286	-0.000101	0.004246
0.000477	-0.001615	0.000154
-0.001983	0.002847	-0.001146
0.001201	-0.000406	0.004402
0.000988	0.003309	0.000686
-0.000723	0.000961	0.006136
-0.003981	0.002770	0.010442
-0.003353	0.002566	0.006352
0.000672	-0.006777	0.001141
-0.000342	-0.002067	-0.002048
0.003463	0.001771	-0.010748
-0.001201	0.004747	0.016366
0.001506	0.000939	0.011376
0.001715	-0.001300	-0.000371
-0.000834	-0.005546	0.000149
-0.002057	-0.000768	-0.001676
0.001785	0.005963	-0.004920
-0.003272	-0.003285	0.006656
-0.003023	-0.004108	0.015829
