-0.002049	-0.008063	0.008481
0.000687	0.000487	0.009174
0.000613	-0.003128	0.008644
0.000951	0.002587	0.005613
0.001410	-0.000474	0.003038
-0.000533	-0.000553	0.002044
-0.002248	0.000747	0.002416
0.000301	0.004993	0.001896
-0.001792	0.003503	0.005146
0.001183	-0.001853	0.001673
-0.000323	-0.000621	0.000681
-0.000687	0.001683	0.001209
0.001506	-0.001232	0.000992
0.000782	-0.000270	0.007128
0.002075	0.002214	0.004405
-0.001087	0.003266	0.006665
0.000114	0.000689	0.000683
-0.001730	-0.003794	0.002722
0.000040	-0.002925	0.000152
-0.000415	-0.003512	0.007806
-0.000723	0.000961	0.006136
0.001315	0.000283	0.005084
0.000441	-0.002338	0.005081
0.000914	-0.000305	0.000156
0.000301	0.004993	0.001896
