-0.002516	0.002294	0.000898
-0.001811	0.002057	0.002417
-0.000687	0.001683	0.001209
-0.000323	-0.000621	0.000681
-0.001083	-0.002552	0.001360
0.001072	-0.006189	0.006069
-0.000397	-0.002065	0.010534
0.002641	0.007137	-0.007645
-0.002663	-0.002765	0.010221
-0.000749	0.006810	-0.006750
0.001939	0.003726	-0.004085
0.000110	0.004337	-0.004396
0.000367	-0.005952	0.004550
0.003485	-0.000431	-0.002941
-0.003067	0.002465	0.010598
-0.001484	-0.000970	0.006815
-0.000114	-0.000689	-0.000683
-0.001083	-0.002552	0.001360
-0.000378	-0.002789	0.002879
-0.001561	-0.000937	0.001206
-0.001388	-0.001727	0.004769
-0.002402	0.002983	0.001581
-0.000573	0.002372	0.001892
0.001829	-0.000611	0.000311
0.002207	0.002179	-0.002568
