0.000397	0.004236	-0.000150
-0.000702	-0.003410	0.003560
-0.001025	-0.004031	0.004241
0.001487	-0.002678	-0.001736
-0.001161	-0.000349	0.006134
-0.000092	-0.002891	0.007125
0.001028	0.000384	0.000838
-0.000231	0.004440	0.003940
-0.001642	0.004914	0.000902
-0.000533	-0.000553	0.002044
0.000114	0.000689	0.000683
0.000000	0.000000	0.000000
-0.000055	-0.002168	0.002198
-0.000856	-0.001174	0.002725
0.000874	0.002620	0.000003
-0.000154	0.004407	0.009549
-0.002997	0.009727	0.006049
-0.002204	-0.007997	-0.002737
-0.001289	-0.008302	-0.002582
-0.006357	-0.004436	0.004142
-0.002670	0.004530	0.000063
0.000569	0.003445	0.003413
0.002082	-0.005082	0.014563
0.000327	-0.003027	0.004398
0.003140	0.003320	0.000316
