0.000000	0.000000	0.000000
-0.000856	-0.001174	0.002725
0.000246	0.000654	-0.006290
-0.000914	0.000305	-0.000156
0.000555	-0.001648	0.005763
-0.000782	0.002441	0.003255
0.000455	0.002756	0.002730
0.000268	-0.001547	0.001517
-0.001884	-0.001558	0.001887
-0.000360	-0.003513	-0.004776
-0.001462	-0.005341	0.004239
-0.000742	-0.000485	0.003408
-0.000914	0.000305	-0.000156
0.001296	-0.001164	0.002356
0.001006	0.004755	0.003415
-0.000654	0.008223	0.001588
-0.001506	0.001232	-0.000992
0.001832	-0.006428	-0.004994
0.000499	-0.005987	-0.002422
0.000000	0.000000	0.000000
-0.000723	0.000961	0.006136
-0.000628	0.000204	0.004090
-0.002152	-0.000010	0.000370
-0.001006	-0.004755	-0.003415
-0.000342	0.000103	0.008336
