-0.001506	0.001232	-0.000992
-0.005083	-0.001228	0.009074
-0.004132	-0.000811	0.004302
-0.003981	0.000600	0.000058
-0.001561	-0.000937	0.001206
-0.005241	0.004656	0.003160
0.001293	0.002484	-0.002723
0.001888	-0.002090	0.003192
0.003221	-0.002531	0.000621
0.000914	-0.000305	0.000156
0.003904	0.001603	0.004716
0.002229	-0.000023	0.005240
0.001370	0.002451	0.002886
-0.003137	-0.006967	0.004762
-0.003562	0.000464	-0.002669
-0.002057	-0.000768	-0.001676
-0.000683	-0.001964	0.006288
0.000191	0.000656	0.006292
-0.002079	0.003604	0.000900
0.001767	0.004516	-0.007648
0.003335	-0.001842	0.001303
0.003012	-0.000293	0.012368
0.001311	0.003930	0.000005
-0.001164	0.003299	0.001056
-0.001238	-0.000316	0.000525
