-0.003272	-0.003285	0.006656
-0.000092	-0.005061	-0.003259
0.002765	-0.005287	-0.002109
0.001697	-0.000576	0.007284
0.003427	0.003219	0.004562
0.003640	-0.000497	0.008278
0.002538	-0.004495	0.006909
-0.000323	-0.000621	0.000681
-0.002879	0.004598	0.001427
-0.000499	0.005987	0.002422
-0.001065	-0.001106	0.004089
-0.000077	0.002203	0.004775
-0.001487	0.002678	0.001736
-0.000988	-0.003309	-0.000686
-0.000496	0.000169	-0.002882
0.001546	-0.004157	0.001144
0.001219	0.001040	0.007130
0.000037	0.002892	0.005457
0.001006	0.004755	0.003415
0.003658	-0.001221	0.000623
-0.000459	0.003062	0.002575
-0.001238	-0.000316	0.000525
-0.000687	0.001683	0.001209
0.000536	-0.003095	0.003035
-0.000378	-0.002789	0.002879
