0.994866	-0.094464	-0.036309	0.092963	0.994825	-0.041011	0.039995	0.037425	0.998499
0.994738	-0.095766	-0.036409	0.094271	0.994712	-0.040756	0.040120	0.037109	0.998506
0.994626	-0.096788	-0.036746	0.095264	0.994599	-0.041195	0.040535	0.037473	0.998475
0.994564	-0.097497	-0.036564	0.096000	0.994550	-0.040681	0.040331	0.036949	0.998503
0.994496	-0.098285	-0.036309	0.096797	0.994472	-0.040693	0.040108	0.036955	0.998512
0.994418	-0.099085	-0.036255	0.097600	0.994395	-0.040665	0.040081	0.036899	0.998515
0.994385	-0.099436	-0.036201	0.097971	0.994377	-0.040211	0.039996	0.036438	0.998535
0.994429	-0.098766	-0.036815	0.097316	0.994477	-0.039310	0.040494	0.035508	0.998549
0.994481	-0.098226	-0.036868	0.096806	0.994558	-0.038504	0.040449	0.034723	0.998578
0.994546	-0.097997	-0.035711	0.096628	0.994586	-0.038237	0.039265	0.034577	0.998630
0.994598	-0.097166	-0.036526	0.095754	0.994657	-0.038592	0.040080	0.034886	0.998587
0.994618	-0.096874	-0.036744	0.095421	0.994656	-0.039433	0.040367	0.035715	0.998546
0.994608	-0.096973	-0.036765	0.095506	0.994635	-0.039750	0.040422	0.036025	0.998533
0.994697	-0.096067	-0.036723	0.094611	0.994729	-0.039524	0.040326	0.035840	0.998544
0.994831	-0.094570	-0.036976	0.093089	0.994857	-0.039919	0.040561	0.036270	0.998519
0.994809	-0.094708	-0.037217	0.093199	0.994828	-0.040377	0.040849	0.036699	0.998491
0.994711	-0.095636	-0.037480	0.094116	0.994741	-0.040415	0.041148	0.036674	0.998480
0.994655	-0.095964	-0.038113	0.094410	0.994702	-0.040680	0.041815	0.036864	0.998445
0.994622	-0.096210	-0.038360	0.094644	0.994677	-0.040747	0.042076	0.036897	0.998433
0.994591	-0.096528	-0.038343	0.094986	0.994667	-0.040195	0.042018	0.036336	0.998456
0.994568	-0.096670	-0.038591	0.095150	0.994680	-0.039467	0.042201	0.035581	0.998475
0.994548	-0.096755	-0.038888	0.095243	0.994689	-0.039020	0.042457	0.035103	0.998481
0.994564	-0.096693	-0.038630	0.095183	0.994689	-0.039172	0.042212	0.035283	0.998486
0.994610	-0.096307	-0.038410	0.094796	0.994717	-0.039400	0.042002	0.035546	0.998485
0.994671	-0.096046	-0.037471	0.094579	0.994748	-0.039141	0.041033	0.035388	0.998531
