0.953345	-0.300516	-0.028707	0.298703	0.952793	-0.054420	0.043706	0.043306	0.998105
0.953191	-0.301012	-0.028624	0.299183	0.952617	-0.054863	0.043782	0.043731	0.998084
0.953453	-0.300225	-0.028135	0.298453	0.952892	-0.054051	0.043037	0.043139	0.998142
0.953996	-0.298539	-0.027673	0.296821	0.953445	-0.053285	0.042293	0.042620	0.998196
0.954292	-0.297650	-0.027055	0.295984	0.953739	-0.052688	0.041486	0.042272	0.998244
0.954298	-0.297587	-0.027523	0.295922	0.953785	-0.052189	0.041782	0.041659	0.998258
0.954172	-0.297945	-0.028006	0.296288	0.953708	-0.051530	0.042062	0.040871	0.998279
0.954134	-0.298017	-0.028521	0.296341	0.953694	-0.051472	0.042540	0.040659	0.998267
0.954085	-0.298144	-0.028856	0.296446	0.953652	-0.051655	0.042919	0.040729	0.998248
0.953955	-0.298521	-0.029227	0.296802	0.953533	-0.051795	0.043330	0.040736	0.998230
0.953789	-0.298994	-0.029812	0.297246	0.953389	-0.051902	0.043941	0.040642	0.998207
0.953533	-0.299783	-0.030089	0.297998	0.953122	-0.052500	0.044417	0.041094	0.998168
0.953461	-0.300035	-0.029870	0.298190	0.952977	-0.054018	0.044673	0.042597	0.998093
0.953570	-0.299733	-0.029405	0.297888	0.953045	-0.054480	0.044354	0.043191	0.998082
0.953632	-0.299477	-0.029997	0.297605	0.953132	-0.054512	0.044917	0.043057	0.998062
0.953495	-0.299902	-0.030106	0.298005	0.952981	-0.054949	0.045170	0.043422	0.998035
0.953331	-0.300469	-0.029633	0.298553	0.952758	-0.055835	0.045010	0.044382	0.998000
0.953480	-0.300105	-0.028517	0.298228	0.952846	-0.056085	0.044004	0.044971	0.998019
0.953961	-0.298671	-0.027482	0.296848	0.953285	-0.055937	0.042905	0.045203	0.998056
0.954306	-0.297652	-0.026531	0.295906	0.953623	-0.055157	0.041718	0.044786	0.998125
0.954338	-0.297603	-0.025913	0.295899	0.953646	-0.054802	0.041021	0.044632	0.998161
0.954334	-0.297615	-0.025919	0.295894	0.953624	-0.055219	0.041151	0.045028	0.998138
0.954404	-0.297385	-0.025997	0.295667	0.953703	-0.055061	0.041168	0.044864	0.998145
0.954460	-0.297207	-0.025967	0.295506	0.953775	-0.054673	0.041016	0.044509	0.998167
0.954613	-0.296719	-0.025902	0.295001	0.953903	-0.055174	0.041079	0.045029	0.998141
