0.996419	-0.010040	-0.083955	0.008461	0.999781	-0.019142	0.084128	0.018363	0.996286
0.996478	-0.009186	-0.083355	0.007670	0.999800	-0.018487	0.083508	0.017782	0.996348
0.996519	-0.008836	-0.082895	0.007484	0.999834	-0.016609	0.083028	0.015930	0.996420
0.996592	-0.010010	-0.081883	0.008790	0.999845	-0.015252	0.082023	0.014480	0.996525
0.996637	-0.010305	-0.081293	0.009099	0.999843	-0.015191	0.081437	0.014400	0.996574
0.996688	-0.010236	-0.080671	0.009029	0.999842	-0.015307	0.080815	0.014528	0.996623
0.996623	-0.010507	-0.081437	0.009241	0.999831	-0.015910	0.081591	0.015104	0.996551
0.996587	-0.011475	-0.081743	0.010168	0.999814	-0.016393	0.081915	0.015505	0.996519
0.996540	-0.012889	-0.082104	0.011556	0.999794	-0.016686	0.082302	0.015680	0.996484
0.996519	-0.014353	-0.082117	0.013097	0.999789	-0.015816	0.082327	0.014685	0.996497
0.996504	-0.014923	-0.082204	0.013752	0.999796	-0.014794	0.082408	0.013612	0.996506
0.996515	-0.014656	-0.082115	0.013561	0.999812	-0.013873	0.082303	0.012711	0.996526
0.996442	-0.014665	-0.082990	0.013642	0.999824	-0.012880	0.083164	0.011702	0.996467
0.996391	-0.015140	-0.083520	0.014207	0.999830	-0.011752	0.083683	0.010523	0.996437
0.996329	-0.015336	-0.084219	0.014417	0.999830	-0.011513	0.084381	0.010257	0.996381
0.996307	-0.014833	-0.084573	0.013840	0.999828	-0.012322	0.084741	0.011106	0.996341
0.996315	-0.014237	-0.084583	0.013168	0.999826	-0.013177	0.084755	0.012014	0.996329
0.996357	-0.013593	-0.084194	0.012527	0.999835	-0.013174	0.084360	0.012071	0.996362
0.996381	-0.013304	-0.083956	0.012294	0.999846	-0.012532	0.084110	0.011454	0.996391
0.996384	-0.013224	-0.083930	0.012213	0.999847	-0.012544	0.084083	0.011473	0.996393
0.996399	-0.013627	-0.083691	0.012589	0.999837	-0.012915	0.083854	0.011815	0.996408
0.996424	-0.013677	-0.083376	0.012616	0.999833	-0.013232	0.083543	0.012133	0.996430
0.996399	-0.013632	-0.083686	0.012542	0.999830	-0.013541	0.083856	0.012443	0.996400
0.996332	-0.013840	-0.084447	0.012714	0.999823	-0.013862	0.084624	0.012738	0.996332
0.996348	-0.014900	-0.084076	0.013800	0.999812	-0.013647	0.084263	0.012437	0.996366
