0.993249	-0.107910	-0.042574	0.106265	0.993565	-0.039188	0.046528	0.034399	0.998325
0.993252	-0.108023	-0.042199	0.106397	0.993556	-0.039059	0.046146	0.034306	0.998345
0.993209	-0.108217	-0.042716	0.106581	0.993543	-0.038891	0.046649	0.034074	0.998330
0.993217	-0.108111	-0.042804	0.106479	0.993560	-0.038743	0.046717	0.033922	0.998332
0.993289	-0.107615	-0.042368	0.106000	0.993613	-0.038691	0.046261	0.033941	0.998353
0.993373	-0.106991	-0.041978	0.105384	0.993675	-0.038787	0.045862	0.034106	0.998365
0.993401	-0.106847	-0.041698	0.105242	0.993683	-0.038951	0.045597	0.034306	0.998371
0.993410	-0.106941	-0.041229	0.105349	0.993669	-0.039032	0.045142	0.034432	0.998387
0.993448	-0.106805	-0.040662	0.105237	0.993685	-0.038920	0.044562	0.034386	0.998415
0.993490	-0.106631	-0.040087	0.105065	0.993687	-0.039335	0.044028	0.034867	0.998422
0.993473	-0.106958	-0.039632	0.105424	0.993664	-0.038962	0.043548	0.034529	0.998454
0.993466	-0.107203	-0.039155	0.105702	0.993648	-0.038601	0.043044	0.034211	0.998487
0.993402	-0.107530	-0.039867	0.105964	0.993584	-0.039517	0.043860	0.035032	0.998423
0.993269	-0.108802	-0.039746	0.107212	0.993425	-0.040160	0.043855	0.035628	0.998402
0.993198	-0.109767	-0.038857	0.108211	0.993318	-0.040132	0.043003	0.035654	0.998439
0.993384	-0.108303	-0.038196	0.106822	0.993517	-0.038904	0.042161	0.034567	0.998513
0.993577	-0.106473	-0.038310	0.105016	0.993735	-0.038229	0.042140	0.033960	0.998534
0.993519	-0.106820	-0.038852	0.105346	0.993702	-0.038181	0.042686	0.033840	0.998515
0.993322	-0.108171	-0.040140	0.106639	0.993551	-0.038543	0.044050	0.034005	0.998450
0.993225	-0.108714	-0.041049	0.107140	0.993487	-0.038782	0.044998	0.034121	0.998404
0.993226	-0.108544	-0.041474	0.106936	0.993493	-0.039191	0.045458	0.034491	0.998371
0.993239	-0.108371	-0.041620	0.106720	0.993483	-0.040034	0.045687	0.035321	0.998331
0.993196	-0.108839	-0.041431	0.107165	0.993409	-0.040683	0.045585	0.035966	0.998313
0.993156	-0.109188	-0.041460	0.107504	0.993364	-0.040876	0.045648	0.036139	0.998304
