0.999493	-0.031280	0.005997	0.031519	0.998488	-0.045029	-0.004580	0.045196	0.998968
0.999454	-0.032422	0.006418	0.032679	0.998448	-0.045100	-0.004946	0.045286	0.998962
0.999429	-0.033106	0.006777	0.033376	0.998451	-0.044511	-0.005293	0.044712	0.998986
0.999431	-0.033002	0.006923	0.033274	0.998484	-0.043843	-0.005466	0.044049	0.999014
0.999445	-0.032583	0.006980	0.032859	0.998491	-0.044003	-0.005536	0.044208	0.999007
0.999442	-0.032646	0.007003	0.032927	0.998462	-0.044612	-0.005536	0.044818	0.998980
0.999434	-0.032976	0.006597	0.033239	0.998448	-0.044683	-0.005113	0.044877	0.998979
0.999433	-0.033107	0.006169	0.033346	0.998480	-0.043880	-0.004707	0.044061	0.999018
0.999438	-0.033019	0.005847	0.033241	0.998513	-0.043218	-0.004411	0.043388	0.999049
0.999438	-0.033045	0.005619	0.033256	0.998520	-0.043031	-0.004188	0.043194	0.999058
0.999425	-0.033341	0.006150	0.033576	0.998507	-0.043091	-0.004705	0.043273	0.999052
0.999422	-0.033545	0.005512	0.033755	0.998472	-0.043750	-0.004036	0.043911	0.999027
0.999412	-0.033846	0.005439	0.034057	0.998412	-0.044877	-0.003911	0.045036	0.998978
0.999406	-0.033956	0.005902	0.034186	0.998411	-0.044806	-0.004371	0.044981	0.998978
0.999428	-0.033244	0.006246	0.033490	0.998446	-0.044537	-0.004756	0.044721	0.998988
0.999431	-0.032947	0.007194	0.033234	0.998464	-0.044325	-0.005722	0.044539	0.998991
0.999412	-0.033450	0.007512	0.033751	0.998443	-0.044412	-0.006014	0.044639	0.998985
0.999394	-0.033936	0.007691	0.034241	0.998451	-0.043862	-0.006191	0.044099	0.999008
0.999400	-0.033724	0.007851	0.034037	0.998455	-0.043919	-0.006358	0.044160	0.999004
0.999605	-0.027695	0.004832	0.027899	0.998400	-0.049193	-0.003462	0.049308	0.998778
0.999817	-0.019128	-0.000806	0.019049	0.998125	-0.058173	0.001918	0.058147	0.998306
0.999861	-0.016503	-0.002247	0.016330	0.997908	-0.062558	0.003275	0.062512	0.998039
0.999817	-0.019065	-0.001832	0.018919	0.997993	-0.060435	0.002981	0.060390	0.998170
0.999695	-0.024684	0.000580	0.024679	0.998215	-0.054392	0.000764	0.054390	0.998519
0.999635	-0.026952	0.001785	0.027008	0.998320	-0.051266	-0.000400	0.051296	0.998683
