0.800611	-0.564355	-0.201312	0.525263	0.822702	-0.217397	0.288308	0.068309	0.955098
0.800611	-0.564355	-0.201312	0.525263	0.822702	-0.217397	0.288308	0.068309	0.955098
0.800244	-0.564681	-0.201853	0.525587	0.822519	-0.217303	0.288735	0.067804	0.955005
0.800244	-0.564681	-0.201853	0.525587	0.822519	-0.217303	0.288735	0.067804	0.955005
0.800244	-0.564681	-0.201853	0.525587	0.822519	-0.217303	0.288735	0.067804	0.955005
0.800244	-0.564681	-0.201853	0.525587	0.822519	-0.217303	0.288735	0.067804	0.955005
0.800244	-0.564681	-0.201853	0.525587	0.822519	-0.217303	0.288735	0.067804	0.955005
0.800244	-0.564681	-0.201853	0.525587	0.822519	-0.217303	0.288735	0.067804	0.955005
0.800244	-0.564681	-0.201853	0.525587	0.822519	-0.217303	0.288735	0.067804	0.955005
0.800244	-0.564681	-0.201853	0.525587	0.822519	-0.217303	0.288735	0.067804	0.955005
0.800244	-0.564681	-0.201853	0.525587	0.822519	-0.217303	0.288735	0.067804	0.955005
0.800537	-0.564231	-0.201949	0.525009	0.822794	-0.217660	0.288973	0.068220	0.954904
0.800537	-0.564231	-0.201949	0.525009	0.822794	-0.217660	0.288973	0.068220	0.954904
0.800841	-0.564040	-0.201276	0.524730	0.822856	-0.218097	0.288637	0.069046	0.954946
0.801039	-0.564099	-0.200323	0.524773	0.822750	-0.218395	0.288012	0.069819	0.955078
0.801229	-0.564081	-0.199610	0.524704	0.822702	-0.218739	0.287607	0.070524	0.955149
0.801229	-0.564081	-0.199610	0.524704	0.822702	-0.218739	0.287607	0.070524	0.955149
0.801229	-0.564081	-0.199610	0.524704	0.822702	-0.218739	0.287607	0.070524	0.955149
0.800974	-0.564389	-0.199765	0.525174	0.822548	-0.218190	0.287460	0.069853	0.955242
0.800703	-0.564302	-0.201094	0.525093	0.822695	-0.217832	0.288362	0.068826	0.955045
0.800426	-0.564326	-0.202124	0.524991	0.822715	-0.218002	0.289315	0.068381	0.954789
0.800164	-0.564526	-0.202604	0.525116	0.822596	-0.218150	0.289813	0.068165	0.954653
0.800164	-0.564526	-0.202604	0.525116	0.822596	-0.218150	0.289813	0.068165	0.954653
0.800164	-0.564526	-0.202604	0.525116	0.822596	-0.218150	0.289813	0.068165	0.954653
