0.654846	-0.730933	-0.192130	0.694712	0.682269	-0.227782	0.297578	0.015687	0.954569
0.654767	-0.731067	-0.191886	0.694964	0.682128	-0.227436	0.297162	0.015564	0.954700
0.654696	-0.731199	-0.191627	0.695204	0.681989	-0.227117	0.296756	0.015473	0.954828
0.654737	-0.731304	-0.191084	0.695644	0.681884	-0.226084	0.295633	0.015099	0.955182
0.655064	-0.731168	-0.190485	0.695992	0.682044	-0.224526	0.294086	0.014503	0.955669
0.655545	-0.730798	-0.190250	0.695873	0.682446	-0.223672	0.293295	0.014238	0.955916
0.655545	-0.730798	-0.190250	0.695873	0.682446	-0.223672	0.293295	0.014238	0.955916
0.655219	-0.731082	-0.190280	0.695933	0.682132	-0.224438	0.293879	0.014633	0.955731
0.655219	-0.731082	-0.190280	0.695933	0.682132	-0.224438	0.293879	0.014633	0.955731
0.655219	-0.731082	-0.190280	0.695933	0.682132	-0.224438	0.293879	0.014633	0.955731
0.655217	-0.731070	-0.190335	0.696104	0.682155	-0.223839	0.293480	0.014170	0.955860
0.655217	-0.731070	-0.190335	0.696104	0.682155	-0.223839	0.293480	0.014170	0.955860
0.655217	-0.731070	-0.190335	0.696104	0.682155	-0.223839	0.293480	0.014170	0.955860
0.654997	-0.731223	-0.190504	0.696067	0.681986	-0.224467	0.294056	0.014422	0.955679
0.655181	-0.731081	-0.190418	0.695788	0.682129	-0.224897	0.294307	0.014858	0.955595
0.655181	-0.731081	-0.190418	0.695788	0.682129	-0.224897	0.294307	0.014858	0.955595
0.655597	-0.730695	-0.190467	0.695366	0.682538	-0.224963	0.294380	0.015041	0.955570
0.655597	-0.730695	-0.190467	0.695366	0.682538	-0.224963	0.294380	0.015041	0.955570
0.655378	-0.730721	-0.191119	0.695198	0.682512	-0.225559	0.295261	0.014961	0.955299
0.655116	-0.730855	-0.191504	0.695173	0.682368	-0.226072	0.295903	0.014975	0.955101
0.655116	-0.730855	-0.191504	0.695173	0.682368	-0.226072	0.295903	0.014975	0.955101
0.655122	-0.730907	-0.191286	0.695113	0.682304	-0.226450	0.296029	0.015387	0.955055
0.655122	-0.730907	-0.191286	0.695113	0.682304	-0.226450	0.296029	0.015387	0.955055
0.654969	-0.731103	-0.191058	0.695254	0.682088	-0.226667	0.296035	0.015626	0.955049
0.654969	-0.731103	-0.191058	0.695254	0.682088	-0.226667	0.296035	0.015626	0.955049
