0.685407	-0.704170	-0.185370	0.666046	0.709168	-0.231223	0.294279	0.035017	0.955078
0.685407	-0.704170	-0.185370	0.666046	0.709168	-0.231223	0.294279	0.035017	0.955078
0.685407	-0.704170	-0.185370	0.666046	0.709168	-0.231223	0.294279	0.035017	0.955078
0.685407	-0.704170	-0.185370	0.666046	0.709168	-0.231223	0.294279	0.035017	0.955078
0.685407	-0.704170	-0.185370	0.666046	0.709168	-0.231223	0.294279	0.035017	0.955078
0.685407	-0.704170	-0.185370	0.666046	0.709168	-0.231223	0.294279	0.035017	0.955078
0.685407	-0.704170	-0.185370	0.666046	0.709168	-0.231223	0.294279	0.035017	0.955078
0.685407	-0.704170	-0.185370	0.666046	0.709168	-0.231223	0.294279	0.035017	0.955078
0.685732	-0.703930	-0.185078	0.665780	0.709386	-0.231317	0.294122	0.035400	0.955112
0.685732	-0.703930	-0.185078	0.665780	0.709386	-0.231317	0.294122	0.035400	0.955112
0.685732	-0.703930	-0.185078	0.665780	0.709386	-0.231317	0.294122	0.035400	0.955112
0.686162	-0.703599	-0.184745	0.665320	0.709680	-0.231740	0.294162	0.036096	0.955074
0.686580	-0.703318	-0.184258	0.664972	0.709925	-0.231990	0.293973	0.036753	0.955107
0.686912	-0.703169	-0.183588	0.664785	0.710036	-0.232185	0.293619	0.037445	0.955189
0.686912	-0.703169	-0.183588	0.664785	0.710036	-0.232185	0.293619	0.037445	0.955189
0.686912	-0.703169	-0.183588	0.664785	0.710036	-0.232185	0.293619	0.037445	0.955189
0.686985	-0.702942	-0.184188	0.664756	0.710308	-0.231435	0.293515	0.036552	0.955255
0.686745	-0.702720	-0.185921	0.664593	0.710602	-0.231000	0.294444	0.035077	0.955025
0.686681	-0.702501	-0.186982	0.664323	0.710851	-0.231010	0.295201	0.034414	0.954815
0.686727	-0.702332	-0.187446	0.664057	0.711021	-0.231252	0.295694	0.034332	0.954666
0.686727	-0.702332	-0.187446	0.664057	0.711021	-0.231252	0.295694	0.034332	0.954666
0.687099	-0.701927	-0.187598	0.663588	0.711412	-0.231394	0.295881	0.034502	0.954601
0.687099	-0.701927	-0.187598	0.663588	0.711412	-0.231394	0.295881	0.034502	0.954601
0.687099	-0.701927	-0.187598	0.663588	0.711412	-0.231394	0.295881	0.034502	0.954601
0.687726	-0.701308	-0.187619	0.663048	0.712023	-0.231066	0.295637	0.034510	0.954677
