0.569670	-0.800115	-0.187861	0.768308	0.599613	-0.223979	0.291853	-0.016741	0.956317
0.569670	-0.800115	-0.187861	0.768308	0.599613	-0.223979	0.291853	-0.016741	0.956317
0.570198	-0.800005	-0.186722	0.768076	0.599792	-0.224295	0.291431	-0.015525	0.956466
0.570985	-0.799746	-0.185426	0.767671	0.600174	-0.224660	0.290958	-0.014069	0.956632
0.571609	-0.799585	-0.184193	0.767330	0.600420	-0.225168	0.290634	-0.012629	0.956751
0.571995	-0.799533	-0.183214	0.767129	0.600511	-0.225607	0.290403	-0.011503	0.956835
0.571995	-0.799533	-0.183214	0.767129	0.600511	-0.225607	0.290403	-0.011503	0.956835
0.571489	-0.799670	-0.184194	0.767324	0.600309	-0.225483	0.290886	-0.012476	0.956676
0.570974	-0.799659	-0.185831	0.767392	0.600291	-0.225300	0.291716	-0.013965	0.956403
0.570749	-0.799477	-0.187302	0.767314	0.600502	-0.225004	0.292360	-0.015298	0.956186
0.570807	-0.799156	-0.188490	0.767048	0.600904	-0.224838	0.292945	-0.016242	0.955991
0.570787	-0.799018	-0.189135	0.766946	0.601073	-0.224735	0.293251	-0.016781	0.955888
0.570774	-0.798980	-0.189338	0.767001	0.601115	-0.224435	0.293133	-0.017121	0.955918
0.570774	-0.798980	-0.189338	0.767001	0.601115	-0.224435	0.293133	-0.017121	0.955918
0.570774	-0.798980	-0.189338	0.767001	0.601115	-0.224435	0.293133	-0.017121	0.955918
0.570774	-0.798980	-0.189338	0.767001	0.601115	-0.224435	0.293133	-0.017121	0.955918
0.570774	-0.798980	-0.189338	0.767001	0.601115	-0.224435	0.293133	-0.017121	0.955918
0.570473	-0.799258	-0.189070	0.767360	0.600743	-0.224205	0.292780	-0.017182	0.956026
0.570473	-0.799258	-0.189070	0.767360	0.600743	-0.224205	0.292780	-0.017182	0.956026
0.570084	-0.799626	-0.188685	0.767770	0.600254	-0.224107	0.292461	-0.017107	0.956124
0.569710	-0.800004	-0.188210	0.768162	0.599756	-0.224097	0.292158	-0.016905	0.956221
0.569710	-0.800004	-0.188210	0.768162	0.599756	-0.224097	0.292158	-0.016905	0.956221
0.569276	-0.800477	-0.187515	0.768664	0.599134	-0.224041	0.291686	-0.016595	0.956370
0.569276	-0.800477	-0.187515	0.768664	0.599134	-0.224041	0.291686	-0.016595	0.956370
0.569017	-0.800750	-0.187137	0.768984	0.598772	-0.223909	0.291347	-0.016498	0.956475
