0.844043	-0.503994	-0.183253	0.464729	0.857931	-0.219048	0.267617	0.099723	0.958351
0.844043	-0.503994	-0.183253	0.464729	0.857931	-0.219048	0.267617	0.099723	0.958351
0.844043	-0.503994	-0.183253	0.464729	0.857931	-0.219048	0.267617	0.099723	0.958351
0.844146	-0.503932	-0.182948	0.464897	0.858022	-0.218332	0.266998	0.099252	0.958573
0.844146	-0.503932	-0.182948	0.464897	0.858022	-0.218332	0.266998	0.099252	0.958573
0.844058	-0.504180	-0.182671	0.465221	0.857885	-0.218178	0.266711	0.099172	0.958660
0.844058	-0.504180	-0.182671	0.465221	0.857885	-0.218178	0.266711	0.099172	0.958660
0.844058	-0.504180	-0.182671	0.465221	0.857885	-0.218178	0.266711	0.099172	0.958660
0.844142	-0.504206	-0.182213	0.465432	0.857896	-0.217686	0.266078	0.098950	0.958859
0.844142	-0.504206	-0.182213	0.465432	0.857896	-0.217686	0.266078	0.098950	0.958859
0.843940	-0.504491	-0.182357	0.465778	0.857773	-0.217431	0.266113	0.098560	0.958890
0.843940	-0.504491	-0.182357	0.465778	0.857773	-0.217431	0.266113	0.098560	0.958890
0.843932	-0.504701	-0.181815	0.466039	0.857623	-0.217462	0.265682	0.098790	0.958986
0.843932	-0.504701	-0.181815	0.466039	0.857623	-0.217462	0.265682	0.098790	0.958986
0.843932	-0.504701	-0.181815	0.466039	0.857623	-0.217462	0.265682	0.098790	0.958986
0.844036	-0.504774	-0.181127	0.466110	0.857515	-0.217737	0.265227	0.099353	0.959053
0.844487	-0.504345	-0.180216	0.465690	0.857669	-0.218028	0.264527	0.100197	0.959159
0.846095	-0.502199	-0.178663	0.463481	0.858684	-0.218742	0.263267	0.102270	0.959287
0.847078	-0.500929	-0.177565	0.462222	0.859278	-0.219072	0.262317	0.103496	0.959416
0.847132	-0.501025	-0.177035	0.462303	0.859165	-0.219344	0.261999	0.103970	0.959451
0.846106	-0.502917	-0.176577	0.464287	0.858109	-0.219286	0.261805	0.103557	0.959549
0.844798	-0.505103	-0.176601	0.466586	0.856940	-0.218978	0.261943	0.102593	0.959615
0.843565	-0.507084	-0.176815	0.468680	0.855897	-0.218586	0.262177	0.101522	0.959665
0.842742	-0.508396	-0.176973	0.470039	0.855192	-0.218424	0.262392	0.100891	0.959673
0.842222	-0.509163	-0.177241	0.470755	0.854767	-0.218547	0.262776	0.100628	0.959595
