0.003349	0.003252	-0.001047
0.000209	-0.000068	-0.001363
0.000308	-0.004473	0.001670
0.000536	-0.003095	0.003035
0.000382	-0.000858	0.002200
0.001928	-0.005015	0.003344
-0.000191	0.001514	0.004092
0.008866	0.011608	-0.004814
-0.001564	0.004881	0.006511
0.002876	0.001219	0.003878
-0.002909	-0.005589	0.006128
-0.001311	-0.003930	-0.000005
0.002780	-0.000194	-0.004460
-0.002229	0.002193	0.005144
-0.002262	-0.004347	0.004766
-0.001561	-0.000937	0.001206
0.000595	-0.006744	-0.004468
0.002097	-0.002158	0.001829
-0.006031	-0.007463	0.008540
0.003562	-0.002634	-0.007715
-0.001219	0.001130	0.003254
-0.001847	0.001335	0.007344
-0.000889	-0.007714	0.002347
-0.000209	0.000068	0.001363
-0.000114	-0.000689	-0.000683
