-0.002461	-0.004462	0.001300
0.000474	-0.002032	0.004925
-0.000856	0.001174	-0.002725
-0.001370	0.002451	0.002886
0.000757	-0.005579	0.005758
-0.000705	-0.000237	0.001519
0.000668	0.003130	0.003938
0.000000	0.000000	-0.000000
0.000720	-0.004857	0.000831
0.002071	-0.005861	0.000674
0.000856	-0.001174	0.002725
0.001065	-0.001106	0.004089
0.003371	0.001120	0.003623
0.002953	0.000984	0.000896
0.001561	-0.000937	0.001206
0.000551	-0.001999	-0.000684
0.002376	-0.005036	0.004083
-0.000422	-0.003784	0.002352
-0.000342	0.002067	0.002048
-0.001425	0.004619	0.000688
0.000837	0.000272	0.005454
0.000588	-0.002721	0.004242
0.000533	-0.000553	0.002044
-0.000650	-0.002406	0.003717
-0.001124	-0.000373	-0.001208
0.000970	-0.001863	0.002043
