-0.001197	0.003241	-0.000677
0.000095	0.000757	0.002046
0.002934	0.002430	0.003625
0.000283	-0.003546	0.000833
0.000646	-0.001242	0.001362
0.001197	-0.003241	0.000677
-0.000213	-0.003716	0.003716
0.000320	-0.004269	0.005760
-0.001484	0.003140	0.003568
0.002001	0.003571	0.006509
0.000397	-0.002065	0.010534
0.002457	0.000815	0.003779
0.000342	-0.002067	-0.002048
-0.001961	0.001525	0.003722
-0.002593	-0.002327	0.004711
-0.003085	0.001151	0.002515
-0.001469	-0.001954	0.005919
-0.001888	-0.002090	0.003192
0.001252	-0.005410	0.002876
0.001139	-0.004720	0.003558
0.002986	-0.005556	0.000518
0.005560	-0.001783	-0.001464
0.004701	-0.004256	0.000890
0.004091	-0.003737	0.004455
-0.000859	-0.002474	0.002354
