-0.000764	-0.001717	0.004400
-0.000665	0.002688	0.001367
0.001105	0.001819	0.003936
0.000742	-0.000485	0.003408
-0.000745	-0.003163	0.001671
0.000070	-0.007262	0.004549
0.002336	-0.007962	0.004236
0.002509	-0.007171	0.000672
0.000801	0.000994	0.000527
0.002288	0.003672	0.002263
0.002152	-0.000010	0.000370
0.001939	-0.003726	0.004085
0.000702	-0.003410	0.003560
-0.001293	0.002484	-0.002723
-0.001337	-0.004089	0.002508
0.001080	-0.006200	0.006439
-0.000268	-0.001547	0.001517
0.000305	0.000825	0.003409
-0.001623	-0.004190	0.006754
-0.002427	-0.011002	0.000922
-0.001194	0.006889	-0.005756
0.001550	0.009975	0.004161
0.000514	0.000893	0.004773
-0.001072	-0.006189	0.006069
-0.000195	-0.005162	0.000987
