-0.000132	0.002135	0.003411
0.002442	0.005909	0.001429
0.002420	0.001537	-0.001148
0.001238	-0.000316	0.000525
0.001142	-0.001073	-0.001521
0.001425	-0.004619	-0.000688
-0.004021	-0.003526	0.000094
0.000554	0.003819	0.004621
0.002593	0.002327	-0.004711
0.002347	0.005151	-0.000617
0.003963	0.002046	0.002787
0.000914	0.000305	-0.000156
0.000000	0.000000	-0.000000
0.000342	-0.002067	-0.002048
0.001521	-0.003862	0.001358
0.001293	-0.002484	0.002723
0.002589	-0.001321	0.000368
0.001506	0.001232	-0.000992
0.000914	0.000305	-0.000156
0.000250	0.002993	0.001211
0.002435	-0.003557	0.001203
0.001293	-0.002484	0.002723
0.002494	-0.002078	-0.001678
0.000665	-0.002688	-0.001367
0.000573	0.002372	0.001892
