-0.001774	-0.002779	0.002509
-0.000342	0.002067	0.002048
0.000364	0.002304	0.000529
-0.000455	0.002756	0.002730
0.000000	0.000000	-0.000000
-0.000646	0.001242	-0.001362
0.000896	0.001751	0.002573
0.002516	0.002294	0.000898
0.001465	-0.001694	-0.000840
0.000283	-0.003546	0.000833
0.002799	-0.001252	0.001731
0.000268	0.001547	-0.001517
0.002207	-0.002179	0.002568
0.003485	0.000431	0.002941
0.002971	-0.000462	-0.001832
0.002630	0.001605	0.000216
0.000129	-0.005783	0.001668
0.001958	-0.005172	0.001357
0.000948	-0.006235	-0.000534
0.001943	-0.000078	-0.000994
0.004400	0.000736	0.002785
0.002079	0.003604	0.000900
0.001851	0.004982	0.002265
0.001697	0.002746	0.003100
