0.036623	0.016614	-0.021841
0.037453	0.009591	-0.006229
0.036917	0.006497	-0.003194
0.035315	0.004508	-0.004248
0.044379	0.001710	-0.005500
0.039003	-0.004459	-0.000170
0.030820	0.003015	-0.009079
0.012465	0.009989	-0.005210
0.003658	0.001221	-0.000623
0.008072	-0.003136	0.004513
0.002586	-0.004968	0.005447
0.002586	-0.004968	0.005447
0.009057	-0.010093	0.008906
0.009593	-0.006999	0.005871
0.005487	0.001832	-0.000934
0.011620	0.002421	-0.000506
0.031320	0.009002	-0.006657
0.041955	0.018380	-0.011556
0.041228	0.013771	-0.012613
0.054758	0.022654	-0.013735
0.057541	0.026495	-0.014354
0.044467	0.014856	-0.015963
0.052848	0.016192	-0.013119
0.056051	0.020170	-0.011011
0.030349	0.034889	-0.010598
0.025950	0.010128	-0.011485
