0.004840	0.003074	-0.002296
0.010247	-0.000945	-0.002925
0.003306	-0.011995	-0.004106
0.007265	-0.013596	0.003760
0.001065	-0.001106	0.004089
0.010129	-0.003904	0.002836
0.003658	0.001221	-0.000623
-0.004304	0.000021	-0.000739
-0.007235	0.003409	0.000941
0.001293	-0.002484	0.002723
-0.004194	-0.004316	0.003657
0.000419	0.000136	0.002727
-0.003886	0.000157	0.001988
0.003577	-0.004630	-0.000318
0.001939	-0.003726	0.004085
-0.016108	0.007721	0.006285
-0.015880	0.006343	0.004920
-0.006398	0.003681	0.006394
-0.005105	0.001197	0.009118
0.003232	-0.006210	0.006808
0.001403	-0.006821	0.007120
0.008072	-0.003136	0.004513
-0.005215	0.005533	0.004721
-0.002475	0.000631	-0.001050
