-0.003349	0.003252	-0.001047
-0.002740	0.004902	0.005772
0.006287	0.004996	0.009977
-0.012193	-0.002624	0.008998
-0.021947	-0.007327	0.003735
0.002703	-0.002010	-0.000315
0.025524	0.002697	-0.004054
0.006140	0.007885	-0.009730
0.002512	-0.003524	-0.004407
-0.004951	0.001263	-0.002101
-0.000499	-0.005987	-0.002422
0.005862	-0.006775	-0.003360
0.007771	-0.000314	-0.003975
0.014698	-0.008195	-0.003247
0.003658	0.001221	-0.000623
-0.001183	-0.001853	0.001673
0.000000	0.000000	-0.000000
0.005715	0.000454	-0.002299
0.005715	0.000454	-0.002299
0.005178	-0.002641	0.000736
-0.009600	-0.000297	0.004287
-0.003011	-0.002463	0.001984
0.004106	-0.008830	0.006805
0.001330	-0.005376	-0.002734
-0.018995	0.015512	-0.007650
-0.003658	-0.001221	0.000623
-0.010056	0.002460	0.007017
