0.000437	-0.001310	-0.000002
0.001789	-0.002315	-0.000159
-0.000114	0.000689	0.000683
-0.000437	0.001310	0.000002
0.000687	0.001683	0.001209
0.001542	0.000509	0.003935
-0.001616	0.003105	-0.003404
0.004132	-0.000811	0.004302
0.000988	-0.003309	-0.000686
0.002057	-0.000768	-0.001676
0.000000	0.000000	-0.000000
-0.002361	-0.000058	-0.001733
0.000345	0.003751	0.003257
0.000154	0.002236	-0.000835
0.000000	0.000000	-0.000000
-0.000228	0.001378	0.001365
0.000382	0.000858	-0.002200
0.001407	-0.003173	0.002041
-0.001238	0.000316	-0.000525
-0.000228	0.001378	0.001365
-0.000342	0.002067	0.002048
-0.000342	0.002067	0.002048
0.000518	0.004541	-0.000306
0.001352	-0.001005	-0.000157
