-0.001943	0.000078	0.000994
-0.001216	0.004687	0.002051
-0.000018	0.001446	0.002729
-0.000342	0.002067	0.002048
0.000459	0.003062	0.002575
0.000914	0.000305	-0.000156
0.001120	-0.005444	-0.004097
0.000055	-0.002168	0.002198
0.001487	0.002678	0.001736
-0.003269	0.009103	-0.001351
0.000554	0.003819	0.004621
0.000228	-0.001378	-0.001365
0.002244	-0.005071	-0.002889
0.000812	-0.009917	-0.002428
-0.002171	0.001457	0.002359
-0.000889	0.009884	0.008037
-0.000981	0.012775	0.000912
0.000687	0.001683	0.001209
0.001385	-0.007545	-0.000536
0.002850	-0.009239	-0.001375
0.001884	-0.001558	0.001887
-0.001634	0.004551	-0.000676
-0.001994	0.008065	0.004101
-0.002340	0.004314	0.000843
0.000209	0.000068	0.001363
