0.000364	0.002304	0.000529
0.001238	-0.000316	0.000525
-0.000356	0.007161	-0.000303
0.003386	-0.003974	0.005974
-0.000308	-0.004473	0.001670
-0.000918	-0.006123	-0.005149
0.000000	0.000000	-0.000000
-0.000110	0.006507	0.005987
0.002310	0.008044	0.004840
0.002057	-0.000768	-0.001676
0.001881	-0.007376	-0.003418
0.000624	-0.005614	-0.001215
0.002876	0.000951	0.006506
-0.002299	0.007239	0.000691
0.000272	0.007365	0.003788
-0.000551	0.001999	0.000684
-0.000268	-0.001547	0.001517
0.002644	-0.003489	0.002566
0.000551	-0.001999	-0.000684
-0.000646	0.001242	-0.001362
-0.000114	0.000689	0.000683
-0.000591	-0.000926	0.000836
0.000342	-0.002067	-0.002048
0.001407	-0.003173	0.002041
