-0.000569	0.003445	0.003413
0.001407	-0.003173	0.002041
-0.000646	0.001242	-0.001362
0.003445	-0.002495	0.003093
0.001869	0.003536	-0.000463
0.000551	-0.001999	-0.000684
-0.000114	0.000689	0.000683
-0.001943	0.000078	0.000994
0.000573	0.002372	0.001892
-0.000551	0.001999	0.000684
-0.000114	0.000689	0.000683
-0.000074	0.003615	0.000530
0.000551	-0.001999	-0.000684
0.001197	-0.003241	0.000677
0.000801	0.000994	0.000527
0.000364	0.002304	0.000529
0.000459	0.003062	0.002575
-0.000801	-0.000994	-0.000527
-0.000114	0.000689	0.000683
0.001730	-0.003794	0.002722
-0.000018	0.001446	0.002729
0.002016	-0.003693	-0.001524
-0.000356	0.007161	-0.000303
-0.000169	0.002857	-0.001516
0.000040	0.002925	-0.000152
0.000683	-0.004134	-0.004095
