0.000988	-0.003309	-0.000686
0.001675	-0.001626	0.000523
0.000228	-0.001378	-0.001365
-0.001748	0.005240	0.000007
-0.000246	0.002824	0.004094
-0.000496	-0.000169	0.002882
0.002799	-0.001252	0.001731
-0.000114	0.000689	0.000683
0.002115	0.002882	0.005827
0.000000	0.000000	-0.000000
0.000283	-0.003546	0.000833
-0.000228	0.001378	0.001365
-0.000569	0.003445	0.003413
0.000573	0.002372	0.001892
-0.000342	0.002067	0.002048
0.000209	0.000068	0.001363
0.000000	0.000000	-0.000000
0.001179	-0.001795	0.003406
0.000687	0.001683	0.001209
0.001238	-0.000316	0.000525
0.000000	0.000000	-0.000000
-0.000455	0.002756	0.002730
0.000000	0.000000	-0.000000
0.002799	-0.001252	0.001731
-0.000779	0.003377	0.002049
