0.921128	-0.384095	0.063196	0.379411	0.922200	0.074794	-0.087008	-0.044918	0.995194
0.921179	-0.384015	0.062951	0.379345	0.922231	0.074752	-0.086761	-0.044979	0.995213
0.921250	-0.383859	0.062855	0.379236	0.922315	0.074264	-0.086479	-0.044579	0.995256
0.921287	-0.383742	0.063022	0.379130	0.922376	0.074054	-0.086548	-0.044331	0.995261
0.921338	-0.383560	0.063392	0.378922	0.922453	0.074155	-0.086919	-0.044301	0.995230
0.921280	-0.383670	0.063561	0.379022	0.922409	0.074186	-0.087092	-0.044255	0.995217
0.921219	-0.383742	0.064017	0.379100	0.922401	0.073889	-0.087404	-0.043799	0.995210
0.921414	-0.383257	0.064107	0.378643	0.922619	0.073513	-0.087321	-0.043463	0.995232
0.921536	-0.382916	0.064397	0.378315	0.922777	0.073222	-0.087462	-0.043114	0.995234
0.921676	-0.382564	0.064486	0.377987	0.922937	0.072897	-0.087405	-0.042813	0.995252
0.921838	-0.382144	0.064654	0.377574	0.923119	0.072723	-0.087474	-0.042627	0.995254
0.922081	-0.381546	0.064732	0.376977	0.923368	0.072668	-0.087497	-0.042603	0.995253
0.922336	-0.380887	0.064979	0.376301	0.923638	0.072731	-0.087720	-0.042631	0.995233
0.922476	-0.380445	0.065580	0.375813	0.923820	0.072952	-0.088338	-0.042651	0.995177
0.922419	-0.380559	0.065715	0.375936	0.923782	0.072792	-0.088408	-0.042440	0.995180
0.922464	-0.380428	0.065840	0.375790	0.923833	0.072900	-0.088558	-0.042506	0.995164
0.922950	-0.379273	0.065690	0.374628	0.924295	0.073021	-0.088412	-0.042786	0.995165
0.923324	-0.378367	0.065659	0.373729	0.924666	0.072937	-0.088310	-0.042806	0.995173
0.923685	-0.377526	0.065425	0.372933	0.925018	0.072542	-0.087906	-0.042607	0.995217
0.923940	-0.376889	0.065502	0.372284	0.925273	0.072625	-0.087979	-0.042716	0.995206
0.923967	-0.376862	0.065278	0.372233	0.925264	0.073008	-0.087913	-0.043159	0.995193
0.923992	-0.376821	0.065155	0.372200	0.925279	0.072987	-0.087790	-0.043189	0.995202
0.924261	-0.376233	0.064738	0.371648	0.925518	0.072760	-0.087291	-0.043189	0.995246
0.924544	-0.375505	0.064921	0.370916	0.925815	0.072716	-0.087410	-0.043149	0.995238
