0.714231	-0.695433	0.079034	0.695586	0.717811	0.030111	-0.077672	0.033469	0.996417
0.714465	-0.695177	0.079176	0.695298	0.718071	0.030578	-0.078111	0.033204	0.996392
0.714823	-0.694811	0.079159	0.694900	0.718440	0.030944	-0.078372	0.032888	0.996382
0.714989	-0.694571	0.079761	0.694681	0.718653	0.030929	-0.078803	0.033295	0.996334
0.714911	-0.694675	0.079547	0.694765	0.718564	0.031094	-0.078760	0.033037	0.996346
0.714364	-0.695203	0.079852	0.695296	0.718046	0.031221	-0.079043	0.033218	0.996318
0.714076	-0.695461	0.080179	0.695586	0.717775	0.030974	-0.079092	0.033654	0.996299
0.714661	-0.694858	0.080198	0.695000	0.718353	0.030720	-0.078956	0.033783	0.996305
0.715038	-0.694425	0.080593	0.694592	0.718755	0.030541	-0.079135	0.034141	0.996279
0.714869	-0.694517	0.081293	0.694705	0.718644	0.030590	-0.079666	0.034607	0.996221
0.714716	-0.694704	0.081034	0.694873	0.718475	0.030734	-0.079572	0.034343	0.996237
0.714263	-0.695171	0.081028	0.695329	0.718027	0.030902	-0.079663	0.034269	0.996233
0.713964	-0.695500	0.080847	0.695652	0.717713	0.030915	-0.079527	0.034169	0.996247
0.713972	-0.695553	0.080316	0.695711	0.717669	0.030619	-0.078938	0.034016	0.996299
0.714111	-0.695470	0.079798	0.695639	0.717755	0.030236	-0.078304	0.033918	0.996352
0.714421	-0.695172	0.079616	0.695373	0.718033	0.029740	-0.077842	0.034116	0.996382
0.714885	-0.694686	0.079694	0.694929	0.718485	0.029201	-0.077544	0.034507	0.996392
0.715505	-0.694058	0.079599	0.694333	0.719081	0.028707	-0.077162	0.034728	0.996414
0.715818	-0.693694	0.079956	0.693940	0.719440	0.029209	-0.077786	0.034577	0.996370
0.715567	-0.693955	0.079941	0.694142	0.719213	0.029985	-0.078302	0.034034	0.996349
0.714987	-0.694504	0.080361	0.694664	0.718686	0.030552	-0.078973	0.033980	0.996297
0.714787	-0.694607	0.081243	0.694828	0.718543	0.030167	-0.079331	0.034887	0.996238
0.715475	-0.693905	0.081187	0.694198	0.719192	0.029192	-0.078646	0.035473	0.996271
0.716255	-0.693162	0.080652	0.693483	0.719908	0.028546	-0.077849	0.035484	0.996333
0.716539	-0.692908	0.080322	0.693211	0.720167	0.028592	-0.077657	0.035192	0.996359
