0.997528	-0.037105	0.059674	0.031692	0.995506	0.089239	-0.062718	-0.087127	0.994221
0.997592	-0.036042	0.059260	0.030664	0.995534	0.089281	-0.062213	-0.087249	0.994242
0.997592	-0.035747	0.059441	0.030368	0.995563	0.089067	-0.062361	-0.087047	0.994250
0.997491	-0.037576	0.059999	0.032156	0.995524	0.088868	-0.063069	-0.086715	0.994235
0.997512	-0.037597	0.059628	0.032227	0.995546	0.088602	-0.062693	-0.086460	0.994281
0.997618	-0.037166	0.058108	0.031932	0.995561	0.088541	-0.061141	-0.086475	0.994376
0.997625	-0.037176	0.057984	0.031975	0.995591	0.088178	-0.061007	-0.086115	0.994416
0.997641	-0.037030	0.057802	0.031857	0.995612	0.087985	-0.060806	-0.085936	0.994443
0.997660	-0.036804	0.057621	0.031649	0.995621	0.087966	-0.060606	-0.085937	0.994455
0.997667	-0.036663	0.057588	0.031514	0.995630	0.087908	-0.060559	-0.085888	0.994463
0.997678	-0.036620	0.057424	0.031491	0.995639	0.087815	-0.060389	-0.085803	0.994480
0.997692	-0.036489	0.057266	0.031399	0.995679	0.087394	-0.060208	-0.085394	0.994526
0.997681	-0.036279	0.057594	0.031177	0.995708	0.087140	-0.060509	-0.085142	0.994530
0.997636	-0.036332	0.058330	0.031165	0.995705	0.087178	-0.061247	-0.085154	0.994484
0.997572	-0.037016	0.058990	0.031784	0.995677	0.087278	-0.061966	-0.085191	0.994436
0.997545	-0.037449	0.059177	0.032193	0.995652	0.087407	-0.062193	-0.085288	0.994413
0.997567	-0.037118	0.059009	0.031879	0.995665	0.087378	-0.061996	-0.085285	0.994426
