0.006324	0.002236	0.016248
0.022425	0.021593	0.033142
0.039474	0.040674	0.019419
-0.013978	-0.005509	-0.014462
0.010819	-0.012278	-0.050886
0.014551	-0.003374	-0.018582
0.011532	0.019405	0.031579
0.011643	0.028082	0.047950
0.002586	0.013649	0.036089
-0.007492	-0.019315	-0.018373
-0.012333	-0.016241	-0.020668
-0.016248	-0.026585	-0.017955
-0.014882	-0.018317	-0.009764
-0.000948	-0.008405	-0.010918
-0.001175	-0.009783	-0.012283
-0.004833	-0.008562	-0.012905
-0.004224	-0.005872	0.001044
0.007316	0.001898	0.022013
0.007808	-0.001134	-0.011335
-0.015770	-0.002006	-0.009316
-0.001748	-0.005240	-0.000007
