-0.001719	0.004947	-0.004708
-0.000573	0.000202	-0.008492
-0.003812	0.001287	-0.011841
-0.003011	0.002463	-0.001984
-0.003849	0.002735	0.003469
-0.000646	-0.001242	0.001362
-0.001293	-0.002484	0.002723
-0.027134	-0.040409	-0.030128
-0.011635	-0.035378	-0.037793
0.003849	-0.002735	-0.003469
0.001051	0.024377	0.017131
0.023571	0.012508	0.008591
0.017769	0.026107	-0.004171
-0.001763	0.013691	0.000445
-0.001601	0.006329	0.021822
-0.001175	-0.009783	-0.012283
-0.009740	-0.018568	-0.015957
-0.012333	-0.016241	-0.020668
-0.020780	-0.032325	-0.039349
-0.002873	-0.039742	-0.048820
-0.000816	-0.038975	-0.047143
