-0.018620	-0.011245	-0.010691
0.005119	-0.022074	-0.012102
0.012582	-0.012947	0.010972
0.004797	0.005669	0.007448
0.001286	0.009779	-0.012881
0.032025	0.012616	-0.004106
-0.006191	0.032604	0.026800
0.003929	-0.008586	-0.003165
0.020640	0.004780	-0.013857
0.003320	-0.006936	0.003654
0.000419	0.004204	0.018041
-0.002409	0.016789	0.022574
0.003379	0.022120	0.035788
0.001293	0.002484	-0.002723
-0.015579	-0.003520	-0.013408
-0.005480	-0.009804	-0.011544
0.002784	-0.003841	0.000619
-0.002806	-0.017982	-0.006528
-0.004907	-0.014347	-0.023820
-0.018268	-0.028801	-0.034942
-0.013655	-0.028913	-0.013244
-0.008286	-0.023445	0.002696
