-0.001447	-0.002418	-0.008495
-0.003045	-0.001907	0.008021
-0.000279	-0.007194	0.005912
-0.002262	-0.004347	0.004766
-0.003250	-0.007656	0.004080
0.000055	0.002168	-0.002198
-0.001403	-0.006821	0.007120
-0.001807	-0.001591	0.007496
-0.001201	0.002577	0.005982
-0.001521	-0.003862	0.001358
-0.001465	-0.001694	-0.000840
-0.001065	-0.001106	0.004089
-0.004569	0.000049	0.014685
-0.003562	0.000464	-0.002669
-0.001425	-0.002449	0.009696
-0.002644	-0.001319	0.012950
-0.001065	-0.001106	0.004089
-0.002586	-0.004968	0.005447
-0.002780	-0.001976	-0.005924
-0.002417	-0.002111	0.003931
-0.004069	-0.005938	0.012262
-0.002931	-0.001218	0.008704
0.000444	-0.005985	0.010160
-0.002405	0.008801	0.006886
