0.000903	-0.035242	-0.000901
-0.017371	-0.000017	-0.008262
-0.044644	-0.002561	-0.012323
-0.050564	0.018338	-0.010078
-0.028235	0.007983	-0.014526
-0.003570	-0.016265	-0.010928
-0.016189	0.002470	0.014179
-0.024107	-0.005073	0.009142
-0.005567	0.007683	-0.001238
0.006780	0.000652	-0.001790
0.002622	0.007861	0.000010
-0.009336	0.004567	0.002536
0.001050	-0.028012	0.000160
0.004099	0.024806	0.024572
-0.033956	0.024412	0.014552
-0.037628	0.040224	-0.006386
0.007918	0.003203	-0.015731
0.021301	-0.008569	0.005097
0.020728	-0.004026	0.017373
0.013456	-0.010327	0.010975
0.011326	-0.016879	-0.001615
0.025150	-0.011304	0.001628
0.019847	0.000649	0.007212
0.013449	-0.003032	0.000817
-0.002813	-0.010687	-0.016686
