-0.012354	0.018666	0.011161
-0.003122	-0.001874	0.002412
-0.000154	0.004407	0.009549
-0.002938	0.008248	0.008930
-0.006618	-0.012354	0.002398
-0.012399	-0.024981	-0.000657
-0.008675	-0.013122	0.000722
0.000646	0.005582	0.019406
0.013023	0.008740	0.014154
0.010246	-0.003395	-0.017843
-0.018789	0.003412	-0.042226
-0.068567	-0.006192	-0.038198
-0.070566	-0.030294	-0.024711
-0.063280	-0.042924	-0.018765
-0.030373	-0.034983	-0.012710
-0.009145	0.003053	-0.001556
-0.010746	0.005042	-0.000503
-0.003092	0.008314	-0.002289
0.002622	0.007861	0.000010
0.009637	0.002596	0.009744
0.012002	-0.001109	0.013090
0.011848	-0.001043	0.001871
-0.016622	0.017197	-0.003410
-0.018260	0.016293	-0.007814
0.003423	0.004696	-0.010900
0.019685	0.012351	0.006603
