0.011781	-0.014123	0.001115
-0.011282	0.008136	-0.003537
-0.034140	0.009951	-0.012733
-0.032517	0.025445	-0.028646
-0.009879	0.010617	-0.031425
-0.005611	0.016426	0.003914
0.001132	0.018526	0.017436
-0.012237	0.015707	0.016923
0.002740	0.004902	0.005772
0.038863	-0.010066	0.009267
0.022748	-0.006151	0.013592
0.010827	-0.010892	0.000807
0.001814	-0.034069	-0.016208
-0.015549	0.011008	0.002659
-0.022623	-0.004103	0.002327
0.001102	0.003998	0.001369
0.020390	-0.014081	-0.000363
0.024929	-0.019978	0.010420
0.014029	-0.010530	0.019467
0.004164	-0.014503	0.008358
0.019817	-0.013879	-0.008855
0.023401	-0.016545	0.001621
0.040913	0.002337	0.021553
0.045187	-0.007829	0.025515
