-0.017775	0.029237	-0.009784
-0.033839	0.017113	-0.000454
-0.018436	0.003217	0.016594
0.001843	-0.015201	0.020627
0.011936	-0.014189	0.012333
0.003842	0.004560	-0.013627
-0.018678	0.012089	-0.025854
-0.018803	0.026683	-0.021006
-0.017224	0.007212	-0.007201
0.005620	0.024328	0.002447
0.021602	-0.005746	-0.003391
0.027199	-0.003241	-0.006854
0.004723	-0.000115	-0.003466
-0.003386	-0.006144	-0.004410
0.007249	-0.015522	0.000489
0.034067	-0.015735	0.001819
0.033149	-0.009612	0.006968
0.009938	0.005418	0.001255
-0.016681	-0.007519	-0.014777
-0.023967	0.005111	-0.020722
-0.050292	0.010973	-0.013865
-0.064439	0.028801	-0.018326
-0.053340	0.006203	-0.042074
-0.031989	-0.018404	-0.031972
-0.029748	-0.003175	-0.003010
