0.020845	-0.011325	0.002367
0.024496	-0.005251	-0.007168
0.011355	-0.006692	-0.006316
-0.003202	0.003977	0.002108
-0.021910	0.010219	0.001722
-0.036153	0.004780	0.001205
-0.026773	-0.008530	-0.006483
-0.009460	0.019161	0.007384
-0.025341	0.008478	-0.018303
-0.010958	0.032782	-0.006116
-0.004935	0.027856	-0.002148
0.010959	0.019608	0.023087
0.034471	0.011740	0.041079
0.031591	-0.012026	0.023637
0.023130	-0.004839	0.026176
0.027441	-0.016454	0.014827
0.030724	-0.026282	0.013024
0.039179	-0.026174	0.000327
0.036358	-0.025225	-0.005749
0.033126	-0.031435	0.001059
0.015865	-0.022776	0.009168
0.011547	-0.003866	0.010359
-0.003555	0.017193	0.005591
-0.015741	0.008182	-0.014017
-0.026604	0.016182	-0.020281
