0.047508	-0.002791	0.034014
-0.011048	-0.045830	0.011783
-0.037438	-0.004999	0.014087
-0.043190	-0.007438	0.006330
-0.020721	-0.003269	-0.007215
0.015542	0.000628	0.007951
0.022872	-0.020745	0.008744
0.001866	0.002282	0.005768
-0.013133	-0.013076	-0.009758
0.005112	-0.014779	-0.022260
0.000499	-0.010327	-0.023190
-0.000529	-0.008541	-0.013644
-0.005406	-0.004019	-0.000629
0.001763	-0.013691	-0.000445
-0.022953	0.030936	0.011719
-0.019978	0.021241	-0.012521
-0.016122	0.011210	-0.005833
0.003239	-0.001085	0.003349
0.000316	-0.011768	0.011827
-0.003511	0.012791	0.021206
0.032444	0.012480	-0.006833
0.058373	0.032918	0.015713
0.058755	0.034229	0.028297
0.054458	0.022573	0.018426
0.028037	0.000827	0.008460
-0.025598	0.001253	0.005800
