-0.025297	-0.000265	-0.023456
-0.031225	-0.020120	-0.027572
-0.025253	-0.004668	-0.007841
-0.045974	-0.003597	0.005711
-0.040927	0.020934	-0.000334
-0.020618	0.008363	-0.021769
-0.023321	0.006353	-0.022084
-0.010166	-0.006796	-0.002621
0.012457	0.001647	0.015820
0.005788	0.005331	0.013213
0.003724	0.011859	0.001379
0.012494	0.000199	0.000509
0.013677	-0.001654	0.002182
-0.000184	-0.010121	-0.006518
-0.000860	-0.021551	-0.000455
0.019545	-0.002174	0.015700
0.027537	0.006814	0.010883
0.006802	0.022476	0.004120
0.008910	0.002864	-0.009967
-0.002931	-0.003388	-0.001680
-0.019876	-0.010836	-0.002511
-0.007889	0.006985	0.011031
0.026597	-0.008886	0.010123
0.041911	-0.009637	0.016709
0.036652	-0.006427	0.017140
