-0.008763	-0.000024	0.009740
-0.009828	0.001082	0.005652
0.015204	0.005087	-0.010982
-0.001564	-0.004881	-0.006511
0.000110	-0.004337	0.004396
0.003313	-0.000359	0.006504
-0.000228	0.001378	0.001365
-0.005259	-0.003210	-0.000431
-0.001748	0.005240	0.000007
-0.005178	0.002641	-0.000736
-0.005487	-0.001832	0.000934
0.008190	-0.000178	-0.001249
0.007272	-0.006301	-0.006398
0.008447	-0.016084	-0.018681
-0.001535	-0.019409	-0.022578
-0.001682	-0.007840	-0.000749
-0.000191	-0.001514	-0.004092
0.000198	0.008809	-0.006066
-0.008954	-0.001539	0.005648
0.000154	0.004407	0.009549
0.006971	0.000862	0.005881
