0.013258	0.001518	-0.004909
0.015733	0.000886	-0.003859
0.008887	0.018959	0.015876
-0.007698	-0.001130	0.013829
-0.005296	-0.000318	0.005026
0.004797	-0.005669	-0.007448
0.003540	-0.006078	-0.015629
-0.000191	-0.001514	-0.004092
-0.002057	0.000768	0.001676
-0.001293	0.002484	-0.002723
0.005259	0.003210	0.000431
0.005942	-0.000925	-0.003664
0.000228	-0.001378	-0.001365
-0.005715	-0.000454	0.002299
-0.003122	0.001874	-0.002412
0.010136	0.003391	-0.007321
0.018135	0.001699	-0.012662
-0.004914	-0.001629	-0.007558
-0.009600	-0.000297	0.004287
0.000536	0.003095	-0.003035
-0.011951	0.010589	-0.012683
