-0.005869	-0.004860	-0.007250
-0.004010	-0.014437	-0.002861
0.001102	-0.003998	-0.001369
-0.002512	0.003524	0.004407
-0.003768	0.003116	-0.003774
-0.001601	-0.001989	-0.001054
0.000646	-0.001242	0.001362
-0.000228	0.001378	0.001365
0.005715	0.000454	-0.002299
0.000044	0.008743	0.005153
0.001146	0.004745	0.003784
0.010974	0.003663	-0.001868
0.015168	0.007979	-0.005525
0.006860	0.005199	0.001485
0.000000	0.000000	-0.000000
-0.000426	-0.007431	0.007431
0.009225	0.008904	-0.001861
0.005906	-0.002373	-0.018975
-0.007242	-0.008227	-0.009669
-0.021492	-0.010083	0.001005
