-0.000147	0.007229	0.001061
-0.006589	0.002167	0.002302
0.000191	0.001514	0.004092
0.007734	0.002578	0.001482
0.005142	0.000251	0.006193
-0.003386	0.006144	0.004410
-0.002960	0.017916	0.017747
0.003210	0.015613	0.012718
0.004723	0.000115	0.003466
0.009975	-0.008311	-0.006713
0.015954	-0.012127	-0.015834
-0.005567	-0.007683	0.001238
-0.001829	-0.000611	0.000311
0.000455	-0.002756	-0.002730
-0.007316	-0.002442	0.001245
-0.007169	-0.009671	0.000184
-0.000646	0.001242	-0.001362
-0.005678	-0.003346	-0.003158
-0.000228	0.001378	0.001365
0.001829	0.000611	-0.000311
0.006133	0.000590	0.000428
-0.007316	-0.002442	0.001245
-0.003658	-0.001221	0.000623
0.000536	0.003095	-0.003035
