-0.002512	0.003524	0.004407
0.000228	-0.001378	-0.001365
0.010702	-0.003702	-0.005655
0.007514	0.011252	-0.007311
-0.001638	0.000904	0.004403
0.005142	0.000251	0.006193
0.001072	0.006189	-0.006069
-0.000610	-0.001650	-0.006819
-0.006618	0.012354	-0.002398
-0.014742	-0.000548	-0.001906
0.002747	0.006734	0.004838
0.007962	0.001200	0.000117
0.017753	0.003011	-0.000078
0.006780	-0.000652	0.001790
-0.005105	0.001197	0.009118
-0.012795	0.007362	0.012789
-0.010166	0.006796	0.002621
-0.007249	-0.019863	-0.020279
0.010812	-0.008038	-0.001259
0.006243	-0.003747	0.004824
0.009255	-0.001284	0.002840
0.003886	-0.000157	-0.001988
0.002475	-0.000631	0.001050
