0.000646	-0.001242	0.001362
-0.005215	0.005533	0.004721
-0.004113	0.001535	0.003353
-0.000455	0.002756	0.002730
0.007543	0.001064	-0.002610
-0.001293	0.002484	-0.002723
-0.006361	0.000788	0.000937
-0.003658	-0.001221	0.000623
0.012531	-0.003091	-0.005967
0.003357	0.004044	-0.009111
-0.011701	-0.008272	0.000810
-0.007815	-0.008429	-0.001177
0.001829	0.000611	-0.000311
-0.005935	0.008220	-0.006494
-0.000874	0.002620	0.000003
-0.001132	0.018526	0.017436
0.004231	0.005764	0.011653
0.003342	-0.014887	-0.009563
-0.000771	-0.013352	-0.006210
-0.000536	-0.003095	0.003035
-0.020654	-0.009811	0.006459
