0.008866	0.015948	0.015954
0.050910	0.028131	0.013407
0.150048	0.043136	-0.012689
0.150908	0.064687	-0.012234
0.145780	0.006638	0.038839
0.077265	0.036797	0.022617
0.030615	0.008750	-0.027912
-0.002747	-0.001947	-0.036697
-0.010732	-0.018230	-0.021722
-0.002747	0.006734	0.004838
-0.006398	0.000660	0.014373
-0.009101	-0.005690	-0.006709
0.002967	0.001940	-0.013631
-0.008542	0.008698	-0.018533
-0.044181	-0.011440	-0.020202
-0.043983	-0.020249	-0.014136
-0.039054	0.011580	-0.005175
-0.050793	-0.031089	-0.007646
-0.024775	0.019911	0.000798
-0.024114	0.002223	-0.001015
0.004686	0.001333	0.011845
0.003092	-0.008314	0.002289
-0.003195	-0.003318	0.012266
0.006184	-0.016628	0.004577
-0.008271	0.005673	-0.001553
-0.001102	-0.008339	-0.022136
