0.002328	-0.006598	-0.002111
-0.004341	-0.002913	-0.004718
0.004415	0.004358	-0.005135
-0.006882	0.035765	0.012547
-0.013948	0.004679	-0.019163
-0.002321	-0.005038	-0.008499
0.002335	-0.013893	0.008047
-0.009057	-0.010093	0.008906
0.000396	-0.017619	0.012132
0.013295	0.001375	0.010366
0.000463	-0.008879	-0.007880
-0.005259	0.003210	0.000431
-0.005942	-0.000925	-0.003664
-0.001638	-0.000904	-0.004403
0.012266	-0.001179	-0.000856
0.004532	0.001399	0.000626
-0.007838	-0.013394	-0.004732
0.003555	-0.017193	-0.005591
-0.001255	0.052798	0.025151
-0.008498	-0.000045	-0.023686
-0.002982	0.016991	0.014083
0.004003	-0.002802	0.007749
-0.005560	0.000387	0.008920
0.006221	-0.013736	0.010034
0.005942	0.000925	0.003664
