0.001976	0.006618	0.001372
0.008337	0.007407	0.002309
0.009784	0.009825	0.010805
0.005369	0.005467	0.015940
0.002997	0.020808	0.023204
0.006111	-0.018073	0.014431
-0.006713	0.012428	0.002546
-0.015043	-0.006615	-0.010373
0.000683	0.004134	0.004095
-0.005443	-0.006912	-0.006087
-0.006515	-0.000722	-0.012156
0.006919	0.015177	-0.010887
0.002093	-0.000680	-0.013634
-0.007235	-0.003409	-0.000941
-0.009938	-0.005418	-0.001255
-0.005898	-0.009668	-0.008817
0.003548	-0.005558	0.005019
-0.004562	-0.011587	0.004075
-0.002270	-0.021077	-0.003494
0.005428	-0.022207	0.010335
-0.007381	0.046092	0.035737
0.000154	-0.004407	-0.009549
0.002277	0.013781	0.013651
-0.001373	0.003367	0.002419
-0.005692	0.022277	0.003610
