-0.002475	-0.000631	0.001050
0.002241	0.010889	0.008194
0.005627	0.012693	-0.008163
-0.005464	0.019315	-0.015792
0.012443	0.011897	-0.025263
0.012914	0.039431	-0.047549
-0.011921	0.030287	-0.078885
-0.002879	0.019942	-0.042007
-0.013251	0.002903	0.046784
-0.004341	0.005767	0.036817
-0.019091	-0.034439	0.032362
-0.042529	-0.016446	0.046052
-0.024438	-0.018083	0.022331
-0.022881	-0.015668	0.005663
-0.026157	-0.017476	-0.003144
-0.017893	-0.011513	0.009019
-0.003489	-0.013436	0.030912
-0.001902	0.003507	0.030310
0.024966	-0.021426	-0.004890
0.016270	0.039728	-0.017671
0.002564	0.026854	-0.035920
0.009777	0.008439	-0.040889
0.008961	-0.013174	-0.004961
0.000499	-0.001647	0.018345
