-0.005898	-0.005327	0.011951
-0.005553	-0.011248	-0.001690
-0.008968	0.020469	-0.005196
-0.011936	0.014189	-0.012333
-0.003548	0.005558	-0.005019
0.003313	-0.003981	-0.027272
-0.003489	-0.022116	-0.010624
-0.003526	-0.016328	0.025455
0.018517	-0.013408	-0.037057
-0.003151	-0.016401	-0.013655
-0.016490	-0.000352	0.022667
-0.022153	-0.011597	0.046141
-0.011224	-0.006517	0.053161
0.006456	-0.019653	0.021557
0.009439	0.011405	0.003678
0.015549	-0.011008	-0.002659
-0.001682	0.007840	0.000749
-0.004459	0.000045	-0.010479
0.012627	0.022018	-0.018745
0.055751	0.068766	-0.008861
0.065911	0.135247	0.000572
-0.031643	0.010704	-0.111713
0.030203	-0.015771	-0.098098
0.012053	-0.012808	0.038863
