-0.009792	-0.046238	0.003602
-0.013883	-0.017270	0.047694
-0.005487	-0.002509	-0.021702
-0.032327	-0.024119	-0.028941
-0.005898	-0.014008	-0.029585
0.016395	0.016453	-0.064055
-0.011715	0.018522	-0.041894
-0.013919	0.014866	-0.023863
0.012303	-0.002627	-0.016166
-0.029843	0.025947	0.017905
0.004775	0.023215	-0.043793
0.007125	-0.009609	-0.036198
-0.013464	-0.021746	0.024199
-0.014683	-0.018446	0.037837
-0.009197	-0.024618	0.018003
-0.015983	-0.013634	0.030402
0.003371	-0.027315	-0.012109
0.009093	-0.030723	0.021116
0.009094	0.021666	0.038087
0.007493	0.023655	0.039140
0.010938	0.045834	0.013381
-0.019472	0.007958	-0.004786
0.010716	-0.019569	-0.015564
0.020111	0.000579	-0.006734
