0.998144	-0.026056	0.055038	-0.013380	0.787906	0.615650	-0.059406	-0.615244	0.786095
0.998144	-0.026056	0.055038	-0.013380	0.787906	0.615650	-0.059406	-0.615244	0.786095
0.998144	-0.026056	0.055038	-0.013380	0.787906	0.615650	-0.059406	-0.615244	0.786095
0.998164	-0.026592	0.054426	-0.012644	0.787229	0.616531	-0.059241	-0.616087	0.785447
0.998173	-0.026993	0.054049	-0.012139	0.786780	0.617115	-0.059183	-0.616644	0.785015
0.998173	-0.026993	0.054049	-0.012139	0.786780	0.617115	-0.059183	-0.616644	0.785015
0.998144	-0.027985	0.054094	-0.011375	0.786895	0.616982	-0.059833	-0.616452	0.785116
0.998125	-0.028386	0.054230	-0.011146	0.786869	0.617019	-0.060187	-0.616466	0.785078
0.998104	-0.028663	0.054468	-0.011110	0.786509	0.617478	-0.060538	-0.616913	0.784700
0.998104	-0.028663	0.054468	-0.011110	0.786509	0.617478	-0.060538	-0.616913	0.784700
0.998104	-0.028663	0.054468	-0.011110	0.786509	0.617478	-0.060538	-0.616913	0.784700
0.998068	-0.029296	0.054799	-0.010839	0.786287	0.617766	-0.061185	-0.617166	0.784450
0.998068	-0.029296	0.054799	-0.010839	0.786287	0.617766	-0.061185	-0.617166	0.784450
0.998068	-0.029296	0.054799	-0.010839	0.786287	0.617766	-0.061185	-0.617166	0.784450
0.998040	-0.029965	0.054938	-0.010425	0.786024	0.618108	-0.061704	-0.617469	0.784171
0.998040	-0.029965	0.054938	-0.010425	0.786024	0.618108	-0.061704	-0.617469	0.784171
0.998040	-0.029965	0.054938	-0.010425	0.786024	0.618108	-0.061704	-0.617469	0.784171
0.998040	-0.029965	0.054938	-0.010425	0.786024	0.618108	-0.061704	-0.617469	0.784171
0.998040	-0.029965	0.054938	-0.010425	0.786024	0.618108	-0.061704	-0.617469	0.784171
0.997966	-0.030283	0.056091	-0.010916	0.785754	0.618443	-0.062801	-0.617798	0.783825
0.997956	-0.030214	0.056309	-0.011103	0.785783	0.618403	-0.062931	-0.617764	0.783841
0.997956	-0.030214	0.056309	-0.011103	0.785783	0.618403	-0.062931	-0.617764	0.783841
0.997951	-0.030137	0.056447	-0.011287	0.785412	0.618871	-0.062985	-0.618239	0.783462
0.997951	-0.030137	0.056447	-0.011287	0.785412	0.618871	-0.062985	-0.618239	0.783462
0.997951	-0.030137	0.056447	-0.011287	0.785412	0.618871	-0.062985	-0.618239	0.783462
0.997975	-0.030627	0.055747	-0.010521	0.784883	0.619555	-0.062730	-0.618887	0.782971
