0.002672	0.005157	-0.001792
0.002235	0.001494	-0.002109
0.002221	0.001841	-0.002342
0.002108	0.002047	-0.001766
0.001504	0.000857	-0.000794
0.002191	-0.000022	-0.004414
0.001572	0.000982	-0.003257
0.002297	0.001084	-0.003175
0.001896	-0.000557	-0.000619
0.002367	0.001063	-0.001199
0.003809	0.001886	-0.003103
0.003434	0.001413	-0.003006
0.002897	0.000420	-0.002865
0.001852	0.000587	-0.000519
0.002094	0.000736	-0.002356
0.001093	0.001165	-0.002046
0.001731	-0.000120	-0.001973
0.001930	0.000417	-0.001698
0.001413	0.000546	-0.001313
0.000895	0.000674	-0.000929
0.001640	-0.004900	-0.000902
0.001883	0.001530	-0.001883
0.002260	0.004330	-0.004748
0.000570	0.002919	-0.000229
0.004196	-0.003532	-0.001260
0.004147	0.005799	-0.006592
-0.000157	0.003743	-0.003753
