0.003861	0.002807	-0.004619
0.001985	0.001516	-0.002173
0.001290	0.000611	-0.001029
0.001864	0.000795	-0.000163
0.003429	0.000308	-0.002947
0.002089	0.001095	-0.001918
0.002170	0.002359	-0.001760
0.002674	0.001472	-0.001737
0.001724	-0.001851	-0.001736
0.002583	0.000631	-0.001732
0.002881	0.001908	-0.000387
0.002901	-0.003609	-0.003199
0.001692	0.006755	0.000438
0.001222	0.001945	-0.000703
0.003327	-0.003216	-0.005939
0.001917	0.000112	-0.002204
0.002582	0.003327	-0.001950
0.004664	0.000475	-0.000871
0.003404	-0.000132	-0.000353
0.003579	0.004025	-0.004546
0.001381	0.002852	-0.001877
0.004523	-0.002410	-0.004627
0.001212	0.001224	-0.000587
0.002708	0.001733	-0.002016
0.002101	0.001539	-0.002971
