0.005445	-0.003270	-0.004576
0.002132	0.001464	-0.001745
0.004105	0.001217	-0.001953
0.002956	-0.000583	0.000090
0.002567	-0.000013	0.000782
0.003969	0.003503	-0.000418
0.002655	0.003129	-0.002980
0.005916	-0.000276	-0.004177
0.002593	0.000474	0.000819
0.003425	0.001351	-0.002860
0.001735	-0.000979	-0.003000
0.001364	0.001009	-0.001925
0.001433	0.000375	-0.001895
0.002019	0.001211	-0.001795
0.003753	0.000774	-0.001478
0.003719	0.001976	-0.001508
0.001404	0.000524	-0.001772
0.001563	0.000019	-0.001660
0.002077	0.000217	0.000273
0.000722	0.000042	-0.002408
0.001278	0.001747	-0.003577
0.002835	0.002080	-0.001777
0.003866	-0.000731	-0.001025
0.001944	-0.001651	0.001041
0.002738	0.000387	-0.003245
0.001318	0.002469	-0.003196
