0.998853	-0.036044	-0.031521	0.032986	0.995151	-0.092664	0.034708	0.091518	0.995198
0.998806	-0.037015	-0.031869	0.033916	0.995106	-0.092815	0.035149	0.091623	0.995173
0.998763	-0.038254	-0.031779	0.035165	0.995077	-0.092653	0.035167	0.091421	0.995191
0.998734	-0.039199	-0.031510	0.036134	0.995051	-0.092560	0.034982	0.091304	0.995208
0.998739	-0.039191	-0.031383	0.036139	0.995053	-0.092540	0.034854	0.091289	0.995214
0.998756	-0.039205	-0.030804	0.036212	0.995070	-0.092330	0.034272	0.091100	0.995252
0.998768	-0.039224	-0.030406	0.036272	0.995077	-0.092223	0.033874	0.091007	0.995274
0.998778	-0.039219	-0.030068	0.036286	0.995044	-0.092575	0.033550	0.091371	0.995252
0.998779	-0.039209	-0.030045	0.036272	0.995031	-0.092721	0.033532	0.091518	0.995239
0.998786	-0.039236	-0.029775	0.036327	0.995037	-0.092634	0.033262	0.091440	0.995255
0.998786	-0.039373	-0.029593	0.036475	0.995017	-0.092797	0.033100	0.091605	0.995245
0.998774	-0.039161	-0.030271	0.036191	0.994999	-0.093102	0.033765	0.091892	0.995196
0.998775	-0.038970	-0.030497	0.035976	0.994996	-0.093216	0.033977	0.092005	0.995179
0.998795	-0.038412	-0.030546	0.035414	0.995011	-0.093267	0.033976	0.092073	0.995172
0.998823	-0.037648	-0.030566	0.034647	0.995026	-0.093393	0.033930	0.092224	0.995160
0.998848	-0.036978	-0.030578	0.033983	0.995060	-0.093275	0.033876	0.092129	0.995171
0.998864	-0.036718	-0.030361	0.033761	0.995118	-0.092739	0.033618	0.091609	0.995227
0.998841	-0.037326	-0.030373	0.034372	0.995112	-0.092577	0.033680	0.091426	0.995242
0.998802	-0.038114	-0.030684	0.035133	0.995099	-0.092427	0.034056	0.091238	0.995247
0.998783	-0.038622	-0.030681	0.035656	0.995125	-0.091951	0.034082	0.090745	0.995291
0.998785	-0.038338	-0.030968	0.035356	0.995160	-0.091687	0.034333	0.090481	0.995306
0.998787	-0.038095	-0.031187	0.035083	0.995141	-0.091996	0.034540	0.090790	0.995271
0.998792	-0.037905	-0.031256	0.034868	0.995096	-0.092565	0.034611	0.091363	0.995216
0.998803	-0.037541	-0.031363	0.034489	0.995090	-0.092770	0.034692	0.091577	0.995194
0.998827	-0.037219	-0.030959	0.034195	0.995076	-0.093029	0.034269	0.091861	0.995182
