0.963835	-0.261252	-0.052630	0.257636	0.963935	-0.066726	0.068164	0.050754	0.996382
0.963800	-0.261363	-0.052724	0.257718	0.963889	-0.067073	0.068351	0.051057	0.996354
0.964086	-0.260157	-0.053438	0.256456	0.964206	-0.067355	0.069048	0.051231	0.996297
0.964563	-0.258123	-0.054684	0.254340	0.964749	-0.067602	0.070206	0.051298	0.996213
0.964710	-0.257463	-0.055195	0.253665	0.964937	-0.067454	0.070627	0.051072	0.996195
0.964792	-0.257171	-0.055132	0.253376	0.965013	-0.067454	0.070550	0.051110	0.996198
0.964999	-0.256404	-0.055080	0.252580	0.965191	-0.067891	0.070570	0.051602	0.996171
0.965035	-0.256318	-0.054857	0.252520	0.965221	-0.067693	0.070300	0.051474	0.996197
0.964863	-0.256986	-0.054741	0.253216	0.965060	-0.067381	0.070145	0.051152	0.996225
0.964577	-0.258034	-0.054867	0.254272	0.964797	-0.067176	0.070270	0.050846	0.996231
0.964486	-0.258254	-0.055418	0.254437	0.964727	-0.067554	0.070909	0.051054	0.996175
0.964437	-0.258317	-0.055978	0.254453	0.964705	-0.067813	0.071520	0.051157	0.996126
0.964443	-0.258284	-0.056028	0.254424	0.964719	-0.067719	0.071542	0.051056	0.996130
0.964591	-0.257714	-0.056101	0.253851	0.964871	-0.067697	0.071577	0.051058	0.996127
0.964669	-0.257418	-0.056126	0.253541	0.964940	-0.067874	0.071631	0.051246	0.996114
0.964732	-0.257200	-0.056041	0.253318	0.964990	-0.068006	0.071570	0.051412	0.996110
0.964932	-0.256493	-0.055830	0.252630	0.965178	-0.067893	0.071300	0.051408	0.996129
0.965126	-0.255755	-0.055878	0.251889	0.965372	-0.067896	0.071308	0.051453	0.996126
0.965139	-0.255638	-0.056171	0.251742	0.965395	-0.068114	0.071640	0.051599	0.996095
0.965111	-0.255693	-0.056399	0.251784	0.965383	-0.068129	0.071867	0.051551	0.996081
0.965070	-0.255878	-0.056279	0.252012	0.965360	-0.067604	0.071628	0.051060	0.996124
0.964932	-0.256419	-0.056168	0.252577	0.965230	-0.067356	0.071486	0.050807	0.996147
0.964851	-0.256798	-0.055838	0.252958	0.965115	-0.067571	0.071243	0.051071	0.996151
0.964805	-0.256952	-0.055917	0.253087	0.965060	-0.067867	0.071402	0.051327	0.996126
0.964726	-0.257271	-0.055809	0.253407	0.964972	-0.067928	0.071330	0.051389	0.996128
0.964680	-0.257477	-0.055650	0.253636	0.964926	-0.067730	0.071137	0.051223	0.996150
