0.973441	-0.221945	-0.056147	0.217947	0.973484	-0.069488	0.070081	0.055405	0.996001
0.973404	-0.222114	-0.056129	0.218124	0.973452	-0.069375	0.070048	0.055287	0.996010
0.973499	-0.221840	-0.055551	0.217895	0.973516	-0.069202	0.069432	0.055264	0.996055
0.973719	-0.220909	-0.055415	0.216945	0.973701	-0.069572	0.069327	0.055722	0.996037
0.973835	-0.220283	-0.055855	0.216244	0.973805	-0.070298	0.069877	0.056380	0.995961
0.973664	-0.221099	-0.055617	0.217034	0.973588	-0.070873	0.069818	0.056936	0.995934
0.973388	-0.222501	-0.054857	0.218443	0.973235	-0.071389	0.069273	0.057506	0.995939
0.973093	-0.223915	-0.054339	0.219846	0.972876	-0.071965	0.068979	0.058082	0.995926
0.973155	-0.223603	-0.054510	0.219478	0.972910	-0.072637	0.069275	0.058723	0.995868
0.973403	-0.222374	-0.055104	0.218166	0.973153	-0.073330	0.069931	0.059358	0.995784
0.973500	-0.221919	-0.055220	0.217688	0.973242	-0.073561	0.070067	0.059591	0.995761
0.973535	-0.221700	-0.055489	0.217466	0.973306	-0.073370	0.070274	0.059362	0.995760
0.973475	-0.221854	-0.055932	0.217595	0.973280	-0.073343	0.070709	0.059227	0.995737
0.973401	-0.222204	-0.055829	0.217934	0.973185	-0.073589	0.070684	0.059465	0.995725
0.973323	-0.222491	-0.056042	0.218246	0.973155	-0.073060	0.070793	0.058880	0.995752
0.973358	-0.222249	-0.056391	0.218014	0.973239	-0.072631	0.071024	0.058402	0.995763
0.973407	-0.222136	-0.055978	0.217921	0.973255	-0.072696	0.070629	0.058564	0.995782
0.973476	-0.221891	-0.055748	0.217656	0.973279	-0.073174	0.070495	0.059100	0.995760
0.973517	-0.221737	-0.055655	0.217471	0.973282	-0.073671	0.070503	0.059617	0.995728
0.973500	-0.221834	-0.055564	0.217604	0.973284	-0.073251	0.070329	0.059219	0.995764
0.973533	-0.221724	-0.055424	0.217589	0.973379	-0.072026	0.069918	0.058060	0.995862
0.973514	-0.221700	-0.055860	0.217579	0.973423	-0.071464	0.070219	0.057417	0.995878
0.973337	-0.222284	-0.056609	0.218065	0.973258	-0.072227	0.071150	0.057957	0.995780
0.973165	-0.223028	-0.056646	0.218754	0.973048	-0.072964	0.071392	0.058614	0.995725
0.973160	-0.223097	-0.056459	0.218833	0.973029	-0.072978	0.071218	0.058664	0.995734
