0.905868	-0.421824	-0.038308	0.419451	0.905971	-0.057246	0.058853	0.035789	0.997625
0.907025	-0.419213	-0.039569	0.416744	0.907166	-0.058091	0.060248	0.036200	0.997527
0.907715	-0.417728	-0.039444	0.415227	0.907822	-0.058697	0.060328	0.036902	0.997496
0.907408	-0.418393	-0.039475	0.415853	0.907495	-0.059315	0.060640	0.037407	0.997459
0.906793	-0.419685	-0.039897	0.417119	0.906903	-0.059483	0.061147	0.037297	0.997432
0.906437	-0.420374	-0.040715	0.417758	0.906588	-0.059806	0.062053	0.037201	0.997379
0.906322	-0.420568	-0.041281	0.417924	0.906505	-0.059901	0.062614	0.037037	0.997350
0.906372	-0.420442	-0.041453	0.417780	0.906558	-0.060107	0.062851	0.037161	0.997331
0.906399	-0.420334	-0.041945	0.417638	0.906607	-0.060352	0.063396	0.037185	0.997295
0.906310	-0.420477	-0.042446	0.417749	0.906543	-0.060550	0.063939	0.037145	0.997262
0.906185	-0.420726	-0.042650	0.417979	0.906425	-0.060732	0.064211	0.037208	0.997242
0.906234	-0.420598	-0.042860	0.417823	0.906476	-0.061032	0.064521	0.037401	0.997215
0.906081	-0.420889	-0.043241	0.418077	0.906335	-0.061389	0.065029	0.037545	0.997177
0.905531	-0.422027	-0.043659	0.419153	0.905789	-0.062099	0.065754	0.037933	0.997115
0.904022	-0.425409	-0.042082	0.422665	0.904229	-0.061023	0.064011	0.037380	0.997249
0.902995	-0.427719	-0.040700	0.425124	0.903178	-0.059489	0.062204	0.036415	0.997399
0.902425	-0.428996	-0.039892	0.426482	0.902592	-0.058651	0.061168	0.035915	0.997481
0.902084	-0.429760	-0.039376	0.427280	0.902230	-0.058417	0.060632	0.035873	0.997515
0.902171	-0.429599	-0.039139	0.427145	0.902313	-0.058125	0.060286	0.035721	0.997542
0.902736	-0.428453	-0.038680	0.426050	0.902867	-0.057559	0.059585	0.035481	0.997592
0.903328	-0.427186	-0.038865	0.424772	0.903465	-0.057614	0.059725	0.035535	0.997582
0.903707	-0.426350	-0.039226	0.423931	0.903868	-0.057490	0.059966	0.035325	0.997575
0.903848	-0.426090	-0.038821	0.423695	0.903990	-0.057312	0.059514	0.035353	0.997601
0.904107	-0.425579	-0.038371	0.423170	0.904203	-0.057832	0.059308	0.036049	0.997589
0.904227	-0.425332	-0.038289	0.422890	0.904295	-0.058437	0.059480	0.036649	0.997557
