0.989006	-0.140166	-0.047132	0.135485	0.986588	-0.091044	0.059261	0.083657	0.994731
0.989076	-0.139709	-0.047014	0.135037	0.986646	-0.091070	0.059109	0.083727	0.994734
0.989050	-0.140144	-0.046263	0.135535	0.986580	-0.091046	0.058402	0.083779	0.994772
0.988988	-0.140605	-0.046189	0.136023	0.986547	-0.090677	0.058317	0.083396	0.994809
0.988951	-0.140821	-0.046318	0.136277	0.986589	-0.089840	0.058348	0.082535	0.994879
0.988920	-0.140961	-0.046554	0.136444	0.986638	-0.089041	0.058483	0.081702	0.994939
0.988935	-0.140721	-0.046962	0.136234	0.986762	-0.087979	0.058721	0.080608	0.995015
0.988910	-0.140910	-0.046908	0.136461	0.986782	-0.087407	0.058605	0.080036	0.995068
0.988975	-0.140664	-0.046281	0.136356	0.986932	-0.085859	0.057754	0.078602	0.995232
0.989126	-0.139825	-0.045600	0.135638	0.987130	-0.084717	0.056859	0.077611	0.995361
0.989303	-0.138903	-0.044550	0.134843	0.987306	-0.083924	0.055642	0.077019	0.995476
0.989478	-0.137993	-0.043477	0.134074	0.987498	-0.082900	0.054373	0.076199	0.995609
0.989584	-0.137276	-0.043354	0.133391	0.987624	-0.082492	0.054142	0.075850	0.995648
0.989627	-0.136881	-0.043613	0.132930	0.987616	-0.083337	0.054480	0.076675	0.995567
0.989557	-0.137106	-0.044492	0.133009	0.987484	-0.084753	0.055555	0.077950	0.995408
0.989467	-0.137607	-0.044945	0.133496	0.987454	-0.084341	0.055988	0.077452	0.995423
0.989465	-0.137607	-0.044975	0.133534	0.987509	-0.083637	0.055922	0.076750	0.995481
0.989497	-0.137298	-0.045232	0.133202	0.987550	-0.083679	0.056158	0.076775	0.995466
0.989569	-0.136673	-0.045542	0.132516	0.987585	-0.084355	0.056505	0.077440	0.995394
0.989485	-0.137210	-0.045746	0.132989	0.987449	-0.085191	0.056861	0.078211	0.995314
0.989384	-0.138066	-0.045354	0.133863	0.987315	-0.085386	0.056568	0.078408	0.995315
0.989296	-0.138635	-0.045544	0.134403	0.987221	-0.085613	0.056831	0.078576	0.995287
0.988961	-0.140905	-0.045859	0.136613	0.986873	-0.086132	0.057393	0.078916	0.995228
0.988515	-0.144259	-0.045035	0.140022	0.986390	-0.086187	0.056855	0.078892	0.995261
0.988586	-0.143858	-0.044752	0.139629	0.986421	-0.086466	0.056583	0.079231	0.995249
