0.000914	0.000305	-0.000156
-0.000914	-0.000305	0.000156
0.000687	0.001683	0.001209
0.001278	0.002610	0.000373
0.001238	-0.000316	0.000525
0.002053	-0.004415	0.003402
-0.001991	0.011712	-0.000978
0.001928	-0.016839	0.008938
0.003353	0.002566	0.006352
-0.000433	0.004958	-0.005077
0.002780	0.000194	0.004460
0.000323	-0.000621	0.000681
0.001616	-0.003105	0.003404
0.000397	-0.004236	0.000150
0.001711	-0.002348	0.005450
0.000250	0.002993	0.001211
0.000404	0.005230	0.000376
-0.000187	0.004304	0.001213
0.000801	0.000994	0.000527
0.001829	0.000611	-0.000311
0.001480	-0.006788	0.001510
0.000646	-0.001242	0.001362
