-0.000455	0.002756	0.002730
-0.000797	0.004823	0.004778
0.000419	0.000136	0.002727
-0.000419	-0.000136	-0.002727
0.001616	-0.003105	0.003404
-0.001256	0.001762	0.002203
0.001124	0.000373	0.001208
-0.000496	-0.000169	0.002882
0.000856	-0.001174	0.002725
0.000000	0.000000	-0.000000
0.001924	0.001368	0.001735
-0.000228	0.001378	0.001365
0.000095	0.000757	0.002046
-0.001127	-0.004021	0.003871
0.000533	-0.000553	0.002044
-0.000169	0.002857	-0.001516
0.000459	0.003062	0.002575
0.002174	0.004361	0.002946
0.000760	-0.001931	0.000679
0.000646	-0.001242	0.001362
-0.000114	0.000689	0.000683
