-0.001877	0.011023	-0.001661
0.002365	0.005875	0.007038
-0.002541	-0.010313	0.001604
0.001961	-0.001525	-0.003722
0.006019	0.001279	0.001110
0.000400	0.001582	0.005455
-0.001539	0.005308	0.001370
-0.000914	-0.000305	0.000156
-0.000841	-0.003920	-0.000375
0.000419	0.000136	0.002727
0.001278	0.002610	0.000373
-0.000114	0.000689	0.000683
-0.000114	0.000689	0.000683
0.000323	-0.000621	0.000681
-0.000382	-0.000858	0.002200
-0.000114	0.000689	0.000683
-0.000228	0.001378	0.001365
0.001561	-0.000937	0.001206
0.000000	0.000000	-0.000000
0.001583	0.003435	0.003782
-0.002167	0.005104	-0.002720
0.000305	0.000825	0.003409
-0.000874	0.002620	0.000003
