-0.000569	0.003445	0.003413
-0.001216	0.004687	0.002051
-0.001620	-0.000543	0.001675
-0.001183	-0.001853	0.001673
-0.000455	0.002756	0.002730
-0.001216	0.004687	0.002051
-0.001256	0.001762	0.002203
0.000702	-0.003410	0.003560
0.000110	-0.004337	0.004396
0.000000	0.000000	-0.000000
0.000000	0.000000	-0.000000
0.000951	-0.000417	0.004771
-0.000665	0.002688	0.001367
-0.000705	-0.000237	0.001519
-0.000228	0.001378	0.001365
0.000209	0.000068	0.001363
0.000169	-0.002857	0.001516
-0.000705	-0.000237	0.001519
-0.001238	0.000316	-0.000525
0.000364	0.002304	0.000529
