-0.004690	0.006655	0.003844
0.000499	-0.003817	0.007961
0.000536	-0.003095	0.003035
0.000705	-0.000237	0.001519
-0.003680	0.005593	0.001954
-0.002060	0.005050	0.003628
-0.001293	-0.002484	0.002723
-0.003937	-0.005973	0.005289
-0.007845	-0.001758	0.005878
0.007048	-0.005235	-0.021040
-0.004289	0.007243	0.008773
-0.003397	0.011309	0.011505
-0.001693	-0.000902	0.008179
0.004216	-0.008687	0.001081
0.000250	-0.002993	-0.001211
-0.003202	0.003977	0.002108
-0.000533	-0.000553	0.002044
-0.001179	-0.001795	0.003406
0.000859	-0.002474	0.002354
-0.002174	0.004361	0.002946
-0.003243	0.006903	0.001956
-0.003889	0.005661	0.003317
-0.003217	-0.001116	0.004458
-0.003155	-0.008413	0.002034
-0.003122	-0.004044	-0.007972
0.000213	-0.005886	-0.006668
