0.003048	0.001741	0.002942
0.000533	-0.000553	0.002044
0.002909	-0.005589	0.006128
-0.000308	-0.004473	0.001670
-0.000547	0.005647	-0.004395
0.003526	0.003356	0.002789
-0.001491	-0.006325	0.003342
0.004260	-0.006594	0.005970
-0.003144	-0.002498	-0.004988
-0.000536	-0.003095	0.003035
0.002494	0.000093	0.008706
-0.000114	0.000689	0.000683
0.002288	0.003672	0.002263
0.002685	-0.000563	0.002414
0.001844	-0.004483	0.002039
-0.000422	-0.003784	0.002352
0.002207	-0.002179	0.002568
0.003008	-0.001184	0.003095
0.001502	-0.002416	0.004087
0.001105	0.001819	0.003936
0.001616	-0.003105	0.003404
-0.000342	0.002067	0.002048
0.002457	0.000815	0.003779
0.002035	-0.002969	0.006131
-0.002156	-0.003637	0.004709
