-0.000342	0.002067	0.002048
-0.000246	0.002824	0.004094
-0.002975	-0.003185	0.006911
0.001807	-0.001591	0.007496
-0.003276	-0.000363	-0.001577
0.002318	-0.006515	0.006964
-0.001531	-0.009251	0.003495
0.002340	-0.004314	-0.000843
-0.000856	0.001174	-0.002725
0.003827	-0.001636	0.000893
0.001616	-0.003105	0.003404
0.001939	-0.003726	0.004085
0.000268	0.001547	-0.001517
0.002839	0.001673	0.001579
0.000646	-0.001242	0.001362
0.002020	0.002125	0.003781
-0.000342	0.002067	0.002048
0.002666	0.000883	0.005142
0.001447	-0.000248	0.001889
0.000970	-0.001863	0.002043
-0.000764	-0.001717	0.004400
0.001179	-0.001795	0.003406
-0.001605	-0.005636	0.004025
0.000000	0.000000	-0.000000
-0.001634	0.004551	-0.000676
0.001370	-0.000281	0.007498
