0.001998	-0.002247	0.001204
0.002395	-0.006482	0.001355
-0.002134	-0.001436	-0.003098
0.009703	0.012689	0.008369
-0.000286	-0.000101	0.004246
-0.000059	-0.001479	0.002881
0.000305	0.000825	0.003409
0.004117	0.004283	0.001952
0.003316	0.003288	0.001425
0.001447	-0.000248	0.001889
-0.001127	-0.004021	0.003871
0.000970	-0.001863	0.002043
0.002347	0.005151	-0.000617
-0.000970	0.001863	-0.002043
0.000338	-0.005715	0.003031
0.000970	-0.001863	0.002043
-0.000114	0.000689	0.000683
0.005013	0.006034	0.004525
0.000000	0.000000	-0.000000
0.005369	-0.001127	0.004828
0.000665	-0.002688	-0.001367
0.000342	-0.002067	-0.002048
0.001040	-0.009125	0.006591
