0.000070	-0.007262	0.004549
0.002968	-0.004110	0.003247
0.001884	-0.001558	0.001887
0.003232	-0.006210	0.006808
-0.002898	-0.003152	0.001302
0.001219	0.001130	0.003254
0.002666	0.000883	0.005142
0.000250	0.002993	0.001211
0.003526	0.003356	0.002789
0.001825	-0.003037	0.004768
0.002894	-0.000495	0.003777
0.004246	-0.001500	0.003620
0.001521	-0.003862	0.001358
0.000243	-0.006472	0.000985
0.007198	-0.000516	0.004516
-0.000646	0.001242	-0.001362
0.001980	-0.000801	0.003933
0.000610	0.001650	0.006819
-0.000569	0.003445	0.003413
-0.000018	0.001446	0.002729
-0.001509	-0.004879	0.006071
0.003327	-0.005453	0.008854
-0.001829	-0.000611	0.000311
0.000055	-0.002168	0.002198
-0.000158	-0.005884	0.005914
