0.001293	-0.002484	0.002723
-0.000492	0.003478	-0.002196
-0.000268	-0.001547	0.001517
-0.000400	0.000588	0.004928
0.000037	-0.000722	0.004927
-0.000231	-0.002270	0.006444
0.000514	0.000893	0.004773
-0.003011	-0.002463	0.001984
0.001752	0.000577	0.005298
-0.003544	-0.001910	-0.000060
-0.002156	-0.003637	0.004709
-0.002002	-0.001401	0.003875
0.001025	-0.004031	0.004241
0.000364	0.002304	0.000529
0.000323	-0.000621	0.000681
0.008238	-0.009641	0.011107
0.003823	-0.007454	-0.004412
-0.001286	0.011950	-0.002497
0.004536	0.004419	0.004679
0.004286	0.001425	0.003468
-0.001271	0.006856	-0.000147
0.000782	0.002441	0.003255
0.000760	-0.001931	0.000679
0.005190	-0.011382	0.008165
-0.003033	-0.006835	-0.000592
