-0.002060	-0.002880	0.006755
0.004848	-0.009315	0.010213
0.000074	-0.003615	-0.000530
0.000856	-0.001174	0.002725
-0.000650	-0.002406	0.003717
-0.000228	0.001378	0.001365
-0.000551	0.001999	0.000684
0.000000	0.000000	-0.000000
0.000661	-0.006336	0.003712
0.002262	-0.004347	0.004766
0.001789	-0.002315	-0.000159
0.001829	0.000611	-0.000311
0.000970	-0.001863	0.002043
0.002207	-0.002179	0.002568
0.000834	-0.005546	0.000149
0.001715	0.001300	0.000371
-0.004987	0.001985	-0.007028
0.000250	0.002993	0.001211
0.001811	0.002057	0.002417
-0.001028	0.000384	0.000838
0.002949	-0.002664	0.005975
0.001388	-0.001727	0.004769
-0.001296	-0.001164	0.002356
0.002538	0.006666	0.003475
-0.002167	0.005104	-0.002720
