-0.000610	0.000520	0.003565
-0.001946	-0.003569	0.006073
0.002318	-0.006515	0.006964
-0.001616	0.003105	-0.003404
0.005597	-0.002505	0.003462
0.003614	-0.005352	0.004609
-0.001825	0.003037	-0.004768
0.005395	0.006892	0.002325
-0.000914	-0.000305	0.000156
0.005351	0.000319	0.007556
0.001506	0.001232	-0.000992
0.001083	-0.002552	0.001360
0.000757	-0.005579	0.005758
0.000000	0.000000	-0.000000
0.001965	0.004293	0.001583
0.003217	-0.001116	0.004458
0.000433	-0.004958	0.005077
0.003977	-0.003048	0.005137
-0.000018	0.001446	0.002729
0.003559	-0.003184	0.002410
0.002475	-0.000631	0.001050
0.001028	-0.000384	-0.000838
0.000760	-0.001931	0.000679
-0.000268	-0.001547	0.001517
0.000588	-0.002721	0.004242
