0.008343	-0.025420	0.007220
0.008469	-0.028388	0.008009
0.008253	-0.030584	0.008437
0.010363	-0.027315	0.007321
0.009596	-0.024577	0.008177
0.008819	-0.026838	0.009580
0.008666	-0.026108	0.007702
0.008901	-0.026103	0.008041
0.007638	-0.026968	0.008836
0.007914	-0.028299	0.008708
0.009241	-0.028781	0.008093
0.008861	-0.028882	0.007629
0.009862	-0.027845	0.008684
0.009489	-0.027252	0.008087
0.009080	-0.026258	0.007826
0.009902	-0.027117	0.007622
0.009688	-0.027280	0.008001
0.009764	-0.026891	0.010073
0.008374	-0.027597	0.007736
0.008503	-0.027662	0.008137
0.006852	-0.027855	0.008196
0.007341	-0.026319	0.008342
0.006849	-0.022868	0.008031
0.008492	-0.022103	0.008768
0.009038	-0.026666	0.008593
