-0.004129	0.005465	0.002235
-0.002900	0.006100	0.002496
-0.003489	0.006768	0.002783
-0.004452	0.009129	0.002924
-0.004283	0.009759	0.002601
-0.004328	0.011490	0.001262
-0.003329	0.007010	0.002537
-0.003349	0.005814	0.002095
-0.003831	0.005080	0.001962
-0.002195	0.006848	0.004393
-0.002533	0.008081	0.002837
-0.002901	0.005914	0.002033
-0.003270	0.003747	0.001229
-0.003350	0.006620	0.000570
-0.003162	0.007709	0.001988
-0.003336	0.007259	0.003582
-0.004483	0.007160	0.002659
-0.004196	0.006699	0.002827
-0.003662	0.006994	0.003175
-0.003939	0.006952	0.002732
-0.002888	0.006602	0.002356
-0.003356	0.006299	0.002013
-0.004153	0.007957	0.002859
-0.003248	0.007574	0.004612
-0.003744	0.006708	0.001735
-0.004985	0.007058	0.002215
