0.000061	-0.001041	0.002320
-0.001944	0.004489	-0.002216
-0.000727	0.004112	0.004679
0.000403	-0.000072	0.002316
0.000723	-0.001737	0.000850
-0.000692	-0.002396	0.002194
-0.000925	-0.008360	0.008208
-0.001832	-0.000841	0.001779
-0.001081	0.002851	0.000807
0.000502	-0.002710	0.003252
0.000385	0.000178	0.001029
-0.000655	0.002327	0.002708
-0.002093	0.002167	0.003002
-0.003067	0.001879	0.003174
-0.001550	0.000843	0.001070
-0.001847	-0.001732	0.002933
-0.001870	-0.006510	0.005220
-0.001281	0.002023	0.000060
0.000204	0.000375	0.002390
-0.000173	0.001250	0.001496
-0.000237	0.002621	0.003758
-0.000826	0.000077	0.000627
-0.000307	0.001206	0.001267
-0.003263	0.001747	0.000560
0.000398	-0.001376	0.001842
0.001332	-0.006049	0.001556
