0.009355	-0.024224	0.007899
0.010505	-0.023357	0.007436
0.008786	-0.027213	0.007844
0.008205	-0.027171	0.006676
0.007628	-0.021372	0.006706
0.009217	-0.020347	0.009972
0.006679	-0.028189	0.008012
0.009088	-0.029287	0.005481
0.009484	-0.027898	0.006680
0.008907	-0.024034	0.006751
0.007859	-0.022269	0.006723
0.009765	-0.026218	0.006770
0.008832	-0.027421	0.008126
0.007377	-0.023913	0.010017
0.008485	-0.025167	0.008096
0.008751	-0.024805	0.008739
0.009017	-0.024443	0.009382
0.009283	-0.024082	0.010025
0.008555	-0.022529	0.006371
0.007762	-0.023103	0.006292
0.008257	-0.028059	0.006912
0.007508	-0.024137	0.007456
0.008485	-0.024053	0.009748
0.009290	-0.026904	0.008614
