0.991243	0.047516	0.123204	-0.004534	0.944714	-0.327863	-0.131971	0.324433	0.936657
0.991151	0.046930	0.124163	-0.003710	0.944842	-0.327506	-0.132685	0.324147	0.936655
0.991104	0.046675	0.124638	-0.003296	0.944809	-0.327606	-0.133050	0.324281	0.936557
0.990974	0.046442	0.125750	-0.002675	0.944733	-0.327829	-0.134025	0.324534	0.936331
0.990875	0.046585	0.126474	-0.002501	0.944565	-0.328316	-0.134758	0.325004	0.936063
0.990810	0.046280	0.127094	-0.001968	0.944474	-0.328580	-0.135244	0.325310	0.935886
0.990808	0.046084	0.127184	-0.001756	0.944487	-0.328545	-0.135264	0.325301	0.935886
0.990799	0.046041	0.127273	-0.001716	0.944561	-0.328332	-0.135334	0.325092	0.935949
0.990770	0.046083	0.127484	-0.001751	0.944713	-0.327893	-0.135546	0.324643	0.936074
0.990715	0.046426	0.127784	-0.002050	0.944886	-0.327394	-0.135941	0.324092	0.936207
0.990685	0.046640	0.127940	-0.002238	0.944968	-0.327154	-0.136157	0.323820	0.936270
0.990645	0.046693	0.128226	-0.002173	0.944916	-0.327306	-0.136445	0.323965	0.936178
0.990606	0.046704	0.128526	-0.002069	0.944881	-0.327408	-0.136733	0.324066	0.936101
0.990604	0.046857	0.128487	-0.002242	0.944914	-0.327312	-0.136746	0.323948	0.936140
0.990639	0.046761	0.128252	-0.002269	0.945012	-0.327029	-0.136492	0.323676	0.936271
0.990686	0.046775	0.127881	-0.002432	0.945075	-0.326844	-0.136145	0.323489	0.936386
0.990808	0.046627	0.126985	-0.002530	0.944943	-0.327225	-0.135251	0.323896	0.936375
0.990814	0.047038	0.126788	-0.002935	0.944815	-0.327590	-0.135200	0.324209	0.936274
0.990822	0.047414	0.126587	-0.003380	0.944864	-0.327447	-0.135133	0.324013	0.936352
0.990872	0.047103	0.126310	-0.003217	0.944964	-0.327159	-0.134769	0.323767	0.936489
0.990842	0.046702	0.126695	-0.002710	0.944972	-0.327141	-0.135001	0.323801	0.936444
0.990865	0.046642	0.126539	-0.002695	0.944950	-0.327203	-0.134834	0.323873	0.936443
0.990940	0.046964	0.125828	-0.003209	0.944882	-0.327397	-0.134268	0.324027	0.936471
0.990958	0.047179	0.125608	-0.003404	0.944682	-0.327971	-0.134133	0.324578	0.936300
0.990935	0.047471	0.125677	-0.003591	0.944514	-0.328452	-0.134296	0.325023	0.936122
