0.991604	0.042920	0.121978	-0.000127	0.943630	-0.331001	-0.129309	0.328207	0.935713
0.991421	0.042616	0.123566	0.000679	0.943666	-0.330900	-0.130706	0.328145	0.935541
0.991463	0.042202	0.123370	0.000901	0.943932	-0.330138	-0.130385	0.327431	0.935836
0.991477	0.042235	0.123242	0.000763	0.944093	-0.329679	-0.130276	0.326963	0.936015
0.991486	0.042654	0.123025	0.000279	0.944126	-0.329585	-0.130210	0.326813	0.936076
0.991568	0.043727	0.121986	-0.001124	0.944215	-0.329328	-0.129581	0.326414	0.936303
0.991703	0.044746	0.120515	-0.002594	0.944242	-0.329242	-0.128527	0.326198	0.936523
0.991697	0.045310	0.120353	-0.003171	0.944204	-0.329346	-0.128561	0.326230	0.936507
0.991655	0.045364	0.120675	-0.003105	0.944179	-0.329417	-0.128883	0.326293	0.936441
0.991684	0.044978	0.120577	-0.002764	0.944166	-0.329459	-0.128663	0.326386	0.936439
0.991698	0.044789	0.120538	-0.002631	0.944253	-0.329210	-0.128563	0.326160	0.936532
0.991710	0.044540	0.120529	-0.002479	0.944460	-0.328617	-0.128471	0.325594	0.936741
0.991722	0.044335	0.120506	-0.002366	0.944650	-0.328072	-0.128381	0.325072	0.936935
0.991678	0.043918	0.121018	-0.001876	0.944844	-0.327516	-0.128727	0.324563	0.937064
0.991640	0.043826	0.121362	-0.001715	0.944945	-0.327223	-0.129021	0.324280	0.937121
0.991612	0.043999	0.121530	-0.001864	0.945046	-0.326933	-0.129236	0.323964	0.937201
0.991588	0.044342	0.121605	-0.002168	0.945049	-0.326923	-0.129419	0.323909	0.937195
0.991572	0.044292	0.121748	-0.002050	0.944992	-0.327088	-0.129538	0.324082	0.937118
0.991603	0.044359	0.121476	-0.002152	0.944862	-0.327463	-0.129304	0.324451	0.937023
0.991590	0.045035	0.121327	-0.002863	0.944902	-0.327340	-0.129384	0.324240	0.937085
0.991573	0.045215	0.121404	-0.003090	0.945105	-0.326753	-0.129513	0.323624	0.937280
0.991525	0.044593	0.122024	-0.002311	0.945153	-0.326621	-0.129896	0.323571	0.937245
0.991484	0.043397	0.122786	-0.000878	0.945051	-0.326923	-0.130226	0.324031	0.937040
0.991416	0.042878	0.123512	-0.000153	0.945073	-0.326858	-0.130743	0.324033	0.936968
0.991390	0.042648	0.123804	0.000198	0.944983	-0.327120	-0.130943	0.324328	0.936838
