0.995169	-0.050280	0.084325	0.067568	0.973895	-0.216711	-0.071227	0.221361	0.972587
0.995183	-0.050309	0.084143	0.067548	0.973919	-0.216609	-0.071052	0.221249	0.972626
0.995204	-0.050492	0.083788	0.067593	0.974083	-0.215854	-0.070718	0.220482	0.972824
0.995181	-0.049891	0.084408	0.067079	0.974310	-0.214991	-0.071514	0.219617	0.972961
0.995162	-0.049180	0.085051	0.066443	0.974596	-0.213888	-0.072371	0.218504	0.973149
0.995134	-0.048900	0.085536	0.066206	0.974816	-0.212955	-0.072968	0.217582	0.973311
0.995070	-0.049443	0.085970	0.066837	0.974764	-0.212999	-0.073270	0.217695	0.973263
0.995036	-0.050679	0.085645	0.068008	0.974586	-0.213441	-0.072652	0.218206	0.973195
0.995025	-0.051846	0.085070	0.069029	0.974503	-0.213491	-0.071832	0.218301	0.973234
0.995020	-0.052881	0.084489	0.069924	0.974413	-0.213611	-0.071031	0.218455	0.973258
0.995048	-0.052803	0.084209	0.069850	0.974225	-0.214493	-0.070713	0.219313	0.973089
0.995152	-0.052048	0.083447	0.069014	0.974065	-0.215487	-0.070067	0.220201	0.972935
0.995199	-0.050872	0.083614	0.067908	0.974119	-0.215595	-0.070482	0.220238	0.972896
0.995182	-0.049550	0.084599	0.066768	0.974392	-0.214716	-0.071793	0.219330	0.973006
0.995155	-0.048155	0.085714	0.065600	0.974611	-0.214078	-0.073229	0.218663	0.973049
0.995101	-0.047444	0.086735	0.065129	0.974640	-0.214090	-0.074378	0.218690	0.972956
0.995175	-0.046778	0.086250	0.064452	0.974448	-0.215167	-0.073981	0.219687	0.972761
0.995290	-0.046051	0.085306	0.063598	0.974307	-0.216057	-0.073165	0.220465	0.972647
0.995353	-0.045892	0.084656	0.063318	0.974267	-0.216321	-0.072550	0.220676	0.972645
0.995302	-0.046739	0.084794	0.064166	0.974247	-0.216160	-0.072507	0.220586	0.972669
0.995246	-0.046875	0.085376	0.064438	0.974200	-0.216292	-0.073035	0.220765	0.972589
0.995265	-0.045949	0.085653	0.063595	0.974251	-0.216313	-0.073508	0.220736	0.972560
0.995347	-0.044939	0.085235	0.062468	0.974459	-0.215703	-0.073364	0.220024	0.972732
0.995371	-0.043938	0.085473	0.061496	0.974649	-0.215122	-0.073854	0.219382	0.972840
