0.996446	0.081333	0.021914	-0.076226	0.981380	-0.176303	-0.035845	0.174006	0.984092
0.996474	0.081208	0.021106	-0.076222	0.981274	-0.176895	-0.035076	0.174662	0.984003
0.996477	0.081207	0.020955	-0.076216	0.981115	-0.177778	-0.034996	0.175554	0.983847
0.996374	0.082075	0.022421	-0.076798	0.980992	-0.178203	-0.036621	0.175835	0.983738
0.996330	0.082459	0.022967	-0.077102	0.981075	-0.177615	-0.037179	0.175192	0.983832
0.996388	0.081881	0.022513	-0.076638	0.981237	-0.176921	-0.036577	0.174557	0.983967
0.996497	0.080834	0.021450	-0.075794	0.981309	-0.176886	-0.035347	0.174641	0.983998
0.996563	0.080353	0.020149	-0.075539	0.981276	-0.177176	-0.034009	0.175045	0.983973
0.996590	0.080108	0.019793	-0.075362	0.981305	-0.177089	-0.033609	0.174994	0.983996
0.996576	0.079909	0.021229	-0.074925	0.981390	-0.176806	-0.034962	0.174610	0.984017
0.996514	0.080106	0.023295	-0.074788	0.981547	-0.175992	-0.036964	0.173636	0.984116
0.996485	0.080339	0.023736	-0.074999	0.981796	-0.174505	-0.037323	0.172112	0.984370
0.996516	0.080195	0.022895	-0.075060	0.982072	-0.172919	-0.036351	0.170598	0.984670
0.996624	0.079245	0.021459	-0.074388	0.982215	-0.172395	-0.034738	0.170217	0.984794
0.996738	0.078039	0.020571	-0.073337	0.982228	-0.172769	-0.033688	0.170697	0.984748
0.996755	0.077654	0.021211	-0.072826	0.982149	-0.173433	-0.034300	0.171325	0.984617
0.996631	0.078648	0.023255	-0.073446	0.982059	-0.173684	-0.036497	0.171391	0.984527
0.996517	0.079627	0.024747	-0.074169	0.982070	-0.173315	-0.038104	0.170876	0.984555
0.996506	0.079937	0.024206	-0.074569	0.982052	-0.173242	-0.037620	0.170832	0.984582
0.996555	0.079730	0.022815	-0.074597	0.982018	-0.173426	-0.036233	0.171127	0.984583
0.996622	0.079268	0.021457	-0.074352	0.981930	-0.174028	-0.034864	0.171844	0.984507
0.996656	0.078902	0.021248	-0.073993	0.981779	-0.175029	-0.034671	0.172871	0.984334
0.996631	0.078809	0.022716	-0.073621	0.981676	-0.175760	-0.036151	0.173495	0.984171
0.996556	0.079203	0.024567	-0.073684	0.981656	-0.175848	-0.038044	0.173432	0.984111
0.996470	0.079895	0.025762	-0.074181	0.981724	-0.175259	-0.039294	0.172729	0.984185
