0.984544	0.081978	0.154765	-0.054042	0.982767	-0.176775	-0.166589	0.165679	0.972007
0.984511	0.082095	0.154913	-0.054096	0.982725	-0.176992	-0.166767	0.165870	0.971944
0.984400	0.082336	0.155490	-0.054174	0.982653	-0.177366	-0.167397	0.166175	0.971784
0.984414	0.082382	0.155380	-0.054170	0.982581	-0.177764	-0.167318	0.166576	0.971729
0.984386	0.082022	0.155745	-0.053718	0.982573	-0.177943	-0.167627	0.166799	0.971638
0.984361	0.081251	0.156306	-0.052848	0.982617	-0.177964	-0.168048	0.166920	0.971544
0.984239	0.080376	0.157520	-0.051787	0.982695	-0.177846	-0.169088	0.166885	0.971369
0.984106	0.080213	0.158431	-0.051537	0.982779	-0.177453	-0.169936	0.166468	0.971293
0.984146	0.080775	0.157898	-0.052153	0.982709	-0.177658	-0.169518	0.166606	0.971342
0.984099	0.080520	0.158322	-0.051767	0.982668	-0.177997	-0.169911	0.166971	0.971211
0.984118	0.080668	0.158129	-0.051844	0.982557	-0.178587	-0.169777	0.167552	0.971134
0.984047	0.080754	0.158526	-0.051829	0.982524	-0.178776	-0.170192	0.167707	0.971035
0.983948	0.081052	0.158987	-0.052114	0.982578	-0.178397	-0.170677	0.167248	0.971029
0.983883	0.081535	0.159145	-0.052634	0.982616	-0.178029	-0.170894	0.166784	0.971071
0.983906	0.081840	0.158845	-0.053045	0.982652	-0.177713	-0.170633	0.166427	0.971178
0.983940	0.082283	0.158402	-0.053530	0.982592	-0.177899	-0.170283	0.166563	0.971216
0.983856	0.082854	0.158625	-0.054068	0.982568	-0.177867	-0.170597	0.166419	0.971186
0.983906	0.083016	0.158234	-0.054375	0.982632	-0.177422	-0.170215	0.165962	0.971331
0.983900	0.082658	0.158456	-0.054044	0.982716	-0.177055	-0.170352	0.165641	0.971361
0.983975	0.082124	0.158267	-0.053543	0.982744	-0.177055	-0.170076	0.165743	0.971392
0.984053	0.082046	0.157821	-0.053560	0.982761	-0.176951	-0.169618	0.165676	0.971484
0.984131	0.081998	0.157364	-0.053567	0.982739	-0.177074	-0.169167	0.165834	0.971536
0.984086	0.082228	0.157520	-0.053690	0.982648	-0.177537	-0.169385	0.166255	0.971426
0.984090	0.082358	0.157427	-0.053763	0.982569	-0.177955	-0.169339	0.166661	0.971364
0.984136	0.082350	0.157145	-0.053793	0.982556	-0.178016	-0.169063	0.166738	0.971399
