0.989634	0.127045	0.066965	-0.115687	0.981517	-0.152452	-0.085095	0.143124	0.986040
0.989663	0.127189	0.066252	-0.115940	0.981500	-0.152367	-0.084406	0.143111	0.986101
0.989686	0.127576	0.065156	-0.116424	0.981338	-0.153038	-0.083464	0.143874	0.986070
0.989649	0.128059	0.064770	-0.116931	0.981225	-0.153378	-0.083195	0.144217	0.986043
0.989652	0.128100	0.064641	-0.117018	0.981266	-0.153046	-0.083036	0.143898	0.986103
0.989645	0.128031	0.064890	-0.116919	0.981288	-0.152982	-0.083262	0.143811	0.986096
0.989618	0.128128	0.065106	-0.116945	0.981214	-0.153440	-0.083542	0.144234	0.986011
0.989464	0.129234	0.065262	-0.118001	0.981055	-0.153647	-0.083882	0.144328	0.985968
0.989397	0.129658	0.065443	-0.118383	0.980986	-0.153791	-0.084139	0.144413	0.985934
0.989379	0.129776	0.065477	-0.118462	0.980916	-0.154180	-0.084236	0.144786	0.985871
0.989431	0.129502	0.065230	-0.118206	0.980909	-0.154415	-0.083981	0.145073	0.985850
0.989495	0.129281	0.064702	-0.118051	0.980904	-0.154571	-0.083449	0.145309	0.985861
0.989509	0.129445	0.064157	-0.118291	0.980869	-0.154605	-0.082942	0.145394	0.985891
0.989490	0.129842	0.063639	-0.118765	0.980821	-0.154545	-0.082485	0.145363	0.985934
0.989412	0.130250	0.064024	-0.119129	0.980807	-0.154353	-0.082899	0.145092	0.985939
0.989329	0.130593	0.064607	-0.119399	0.980802	-0.154181	-0.083501	0.144822	0.985928
0.989295	0.130470	0.065372	-0.119180	0.980856	-0.154005	-0.084214	0.144566	0.985905
0.989295	0.130254	0.065799	-0.118910	0.980898	-0.153944	-0.084594	0.144472	0.985886
0.989330	0.130054	0.065673	-0.118723	0.980908	-0.154029	-0.084451	0.144588	0.985881
0.989364	0.129854	0.065547	-0.118535	0.980917	-0.154113	-0.084309	0.144704	0.985877
0.989372	0.129923	0.065299	-0.118634	0.980895	-0.154177	-0.084082	0.144792	0.985883
0.989472	0.129534	0.064546	-0.118338	0.980895	-0.154407	-0.083314	0.145143	0.985897
0.989440	0.129969	0.064154	-0.118769	0.980733	-0.155101	-0.083077	0.145844	0.985813
0.989333	0.130744	0.064233	-0.119514	0.980621	-0.155241	-0.083285	0.145908	0.985786
0.989295	0.130996	0.064313	-0.119782	0.980644	-0.154885	-0.083358	0.145523	0.985837
