0.907547	0.121919	0.401863	-0.022074	0.969456	-0.244268	-0.419370	0.212814	0.882519
0.907394	0.122442	0.402049	-0.022881	0.969595	-0.243644	-0.419657	0.211882	0.882606
0.907038	0.122445	0.402851	-0.023265	0.969894	-0.242413	-0.420405	0.210505	0.882580
0.906587	0.122828	0.403749	-0.023801	0.970067	-0.241668	-0.421347	0.209483	0.882374
0.906178	0.123662	0.404412	-0.024506	0.970039	-0.241711	-0.422186	0.209123	0.882058
0.906066	0.124279	0.404473	-0.024822	0.969860	-0.242396	-0.422407	0.209587	0.881842
0.906520	0.123948	0.403556	-0.024319	0.969672	-0.243197	-0.421461	0.210649	0.882042
0.907301	0.122412	0.402269	-0.022854	0.969628	-0.243516	-0.419860	0.211749	0.882542
0.908161	0.120621	0.400867	-0.020980	0.969500	-0.244191	-0.418095	0.213354	0.882993
0.908356	0.119906	0.400641	-0.019840	0.969292	-0.245111	-0.417728	0.214699	0.882841
0.908397	0.119561	0.400650	-0.019411	0.969269	-0.245237	-0.417659	0.214995	0.882801
0.908290	0.119434	0.400930	-0.019675	0.969516	-0.244238	-0.417878	0.213951	0.882951
0.907935	0.119954	0.401578	-0.020738	0.969851	-0.242816	-0.418597	0.212134	0.883049
0.907599	0.121136	0.401984	-0.022297	0.970027	-0.241972	-0.419247	0.210650	0.883096
0.907313	0.122587	0.402188	-0.023813	0.970000	-0.241935	-0.419781	0.209933	0.883013
0.907555	0.123327	0.401416	-0.024516	0.969833	-0.242533	-0.419218	0.210271	0.883200
0.907808	0.123166	0.400893	-0.024202	0.969695	-0.243115	-0.418688	0.211000	0.883278
0.908063	0.121953	0.400685	-0.023207	0.969851	-0.242592	-0.418190	0.210990	0.883516
0.908347	0.121194	0.400272	-0.022735	0.969985	-0.242098	-0.417599	0.210809	0.883839
0.908466	0.121474	0.399916	-0.023158	0.969993	-0.242028	-0.417316	0.210612	0.884019
0.908438	0.121866	0.399860	-0.023775	0.970076	-0.241636	-0.417342	0.210005	0.884151
0.908251	0.122062	0.400227	-0.024314	0.970284	-0.240744	-0.417719	0.208925	0.884229
0.907790	0.122526	0.401130	-0.024997	0.970484	-0.239865	-0.418680	0.207720	0.884059
0.907384	0.123361	0.401792	-0.025704	0.970455	-0.239908	-0.419517	0.207361	0.883746
