0.922236	-0.376813	0.086566	0.364325	0.921919	0.131655	-0.129416	-0.089879	0.987509
0.921900	-0.377683	0.086347	0.365181	0.921543	0.131912	-0.129393	-0.090078	0.987494
0.921663	-0.378147	0.086840	0.365552	0.921343	0.132280	-0.130031	-0.090173	0.987401
0.921823	-0.377623	0.087424	0.364906	0.921525	0.132798	-0.130711	-0.090515	0.987280
0.922122	-0.376750	0.088035	0.364003	0.921909	0.132609	-0.131121	-0.090237	0.987251
0.922274	-0.376119	0.089137	0.363277	0.922201	0.132571	-0.132065	-0.089886	0.987157
0.922587	-0.375206	0.089744	0.362236	0.922533	0.133110	-0.132736	-0.090297	0.987030
0.922764	-0.374623	0.090353	0.361521	0.922731	0.133676	-0.133449	-0.090687	0.986898
0.922686	-0.374818	0.090341	0.361718	0.922656	0.133665	-0.133454	-0.090653	0.986900
0.922486	-0.375413	0.089917	0.362390	0.922433	0.133382	-0.133016	-0.090458	0.986977
0.922532	-0.375577	0.088753	0.362732	0.922375	0.132851	-0.131759	-0.090366	0.987154
0.922635	-0.375497	0.088015	0.362797	0.922434	0.132267	-0.130854	-0.090102	0.987299
0.922519	-0.375878	0.087601	0.363204	0.922260	0.132359	-0.130541	-0.090286	0.987323
0.922384	-0.376164	0.087794	0.363527	0.922192	0.131945	-0.130596	-0.089788	0.987361
0.922415	-0.376043	0.087997	0.363493	0.922320	0.131144	-0.130477	-0.088983	0.987450
0.922472	-0.375970	0.087704	0.363472	0.922356	0.130949	-0.130127	-0.088919	0.987502
0.922282	-0.376562	0.087161	0.364044	0.922055	0.131476	-0.129876	-0.089528	0.987480
0.922128	-0.377245	0.085828	0.364774	0.921686	0.132042	-0.128918	-0.090452	0.987521
0.921905	-0.377753	0.085986	0.365258	0.921484	0.132114	-0.129141	-0.090390	0.987498
0.922148	-0.377034	0.086529	0.364487	0.921785	0.132141	-0.129583	-0.090315	0.987447
0.922639	-0.375776	0.086770	0.363238	0.922312	0.131906	-0.129596	-0.090184	0.987457
0.922729	-0.375428	0.087320	0.362928	0.922530	0.131229	-0.129822	-0.089398	0.987499
0.922462	-0.375872	0.088232	0.363322	0.922410	0.130985	-0.130620	-0.088772	0.987450
0.922584	-0.375661	0.087848	0.363105	0.922452	0.131293	-0.130357	-0.089231	0.987444
0.922724	-0.375419	0.087409	0.362856	0.922499	0.131645	-0.130057	-0.089755	0.987436
