0.983763	-0.174563	0.041679	0.167461	0.976363	0.136646	-0.064547	-0.127448	0.989743
0.983769	-0.174315	0.042584	0.167064	0.976358	0.137169	-0.065488	-0.127829	0.989632
0.984046	-0.172859	0.042099	0.165689	0.976607	0.137059	-0.064806	-0.127897	0.989668
0.984105	-0.172524	0.042102	0.165438	0.976825	0.135805	-0.064556	-0.126681	0.989841
0.983961	-0.173261	0.042438	0.166192	0.976834	0.134816	-0.064813	-0.125600	0.989962
0.983866	-0.173810	0.042388	0.166747	0.976748	0.134751	-0.064824	-0.125509	0.989972
0.983865	-0.173825	0.042367	0.166777	0.976768	0.134570	-0.064775	-0.125333	0.989998
0.983866	-0.173784	0.042502	0.166731	0.976801	0.134386	-0.064871	-0.125132	0.990017
0.983876	-0.173748	0.042423	0.166678	0.976754	0.134798	-0.064857	-0.125553	0.989965
0.983898	-0.173588	0.042562	0.166477	0.976738	0.135161	-0.065034	-0.125899	0.989909
0.983908	-0.173532	0.042568	0.166412	0.976730	0.135299	-0.065056	-0.126038	0.989890
0.983968	-0.173294	0.042144	0.166222	0.976746	0.135412	-0.064630	-0.126236	0.989893
0.983979	-0.173309	0.041822	0.166271	0.976724	0.135513	-0.064334	-0.126388	0.989893
0.983971	-0.173435	0.041488	0.166451	0.976718	0.135338	-0.063994	-0.126263	0.989931
0.983977	-0.173410	0.041451	0.166444	0.976750	0.135114	-0.063917	-0.126049	0.989963
0.984015	-0.173155	0.041616	0.166164	0.976785	0.135208	-0.064062	-0.126132	0.989943
0.984021	-0.173148	0.041494	0.166170	0.976777	0.135258	-0.063950	-0.126202	0.989941
0.983958	-0.173626	0.041005	0.166730	0.976732	0.134893	-0.063472	-0.125893	0.990011
0.983723	-0.174887	0.041271	0.167963	0.976553	0.134655	-0.063852	-0.125532	0.990033
0.983618	-0.175491	0.041217	0.168583	0.976474	0.134453	-0.063843	-0.125301	0.990062
0.983762	-0.174939	0.040110	0.168193	0.976584	0.134146	-0.062638	-0.125222	0.990149
0.983911	-0.174451	0.038554	0.167923	0.976671	0.133852	-0.061005	-0.125224	0.990251
0.983794	-0.175100	0.038601	0.168552	0.976541	0.134005	-0.061160	-0.125327	0.990228
0.983740	-0.175324	0.038944	0.168676	0.976398	0.134891	-0.061675	-0.126129	0.990095
0.983861	-0.174624	0.039039	0.167908	0.976395	0.135867	-0.061843	-0.127119	0.989958
