0.019127	0.006378	0.002341
0.003886	-0.000157	-0.001988
-0.001983	-0.005017	-0.009238
0.001822	-0.011025	-0.010921
0.000793	-0.008471	0.000301
0.041685	-0.041375	-0.032314
0.023263	-0.021321	-0.027689
-0.009865	-0.000366	-0.009659
-0.012186	0.004672	-0.001160
-0.006170	0.002303	0.005029
-0.034038	0.022126	0.002723
0.019817	0.013879	0.008855
0.023981	0.032723	0.021265
0.019493	0.042865	0.027044
0.010753	0.016677	0.010107
0.003011	0.002463	-0.001984
-0.000874	0.002620	0.000003
0.065445	0.004362	0.000926
0.030519	0.010177	0.003200
-0.003533	0.013373	0.005471
0.000419	0.000136	0.002727
-0.014735	0.011088	0.008704
-0.034963	0.008708	0.007732
-0.023652	0.006657	0.008895
