-0.001373	-0.003367	-0.002419
-0.013141	0.001441	-0.000852
-0.006016	0.006709	0.014578
-0.005480	0.009804	0.011544
-0.002857	-0.002397	-0.009234
0.012604	-0.004535	0.003887
0.005751	0.001902	0.013012
-0.003386	0.001804	-0.016358
0.007500	-0.007679	-0.007763
-0.004987	0.004155	0.003356
0.012266	0.001179	0.000856
0.001601	0.001989	0.001054
0.003775	0.004180	-0.006384
-0.001146	-0.004745	-0.003784
0.000000	0.000000	-0.000000
0.000000	0.000000	-0.000000
0.001748	-0.005240	-0.000007
0.005597	-0.002505	0.003462
0.000455	-0.002756	-0.002730
-0.002248	-0.000747	-0.002416
-0.008381	-0.001336	-0.002843
-0.007456	0.012082	-0.007852
0.019920	-0.002093	0.002642
