-0.005597	0.002505	-0.003462
-0.001256	-0.000408	-0.008180
0.008807	0.008768	-0.004588
0.006471	-0.005125	0.003459
-0.002020	-0.002125	-0.003781
0.003151	-0.016401	-0.013655
0.007727	-0.004717	0.011640
0.000228	-0.001378	-0.001365
-0.003313	0.000359	-0.006504
-0.000536	-0.003095	0.003035
-0.001748	0.005240	0.000007
0.000228	-0.001378	-0.001365
0.001373	0.003367	0.002419
0.001065	-0.001106	0.004089
0.002894	-0.000495	0.003777
0.001601	0.001989	0.001054
-0.000837	-0.000272	-0.005454
0.000683	-0.004134	-0.004095
0.005825	-0.003883	0.002097
-0.008645	0.002934	0.003979
