0.012913	-0.000063	0.002217
-0.006941	-0.011049	-0.001181
-0.006067	-0.013670	-0.001184
0.002725	-0.019492	0.014544
-0.003695	0.001671	0.006080
0.006280	-0.006639	-0.000633
-0.000874	0.002620	0.000003
-0.002167	0.005104	-0.002720
-0.000918	-0.006123	-0.005149
-0.008689	-0.005809	-0.001174
-0.002064	-0.006528	0.011834
0.001256	0.000408	0.008180
0.000345	0.001580	-0.007127
0.003915	-0.010345	0.002713
-0.015307	0.006545	-0.003572
0.005252	-0.008426	-0.010179
0.007265	-0.013596	0.003760
-0.002556	-0.005219	-0.000746
-0.000911	0.005513	0.005461
-0.009255	0.001284	-0.002840
0.007169	0.009671	-0.000184
-0.008624	0.029160	-0.005727
0.008454	-0.004448	-0.008071
