0.982243	-0.186373	0.021518	0.164014	0.797348	-0.580806	0.091089	0.574023	0.813757
0.982131	-0.186981	0.021372	0.164429	0.797294	-0.580763	0.091552	0.573899	0.813792
0.982099	-0.187160	0.021285	0.164508	0.797169	-0.580912	0.091756	0.574014	0.813688
0.982089	-0.187183	0.021550	0.164663	0.797040	-0.581046	0.091586	0.574187	0.813586
0.982091	-0.187169	0.021546	0.164621	0.796862	-0.581301	0.091632	0.574438	0.813403
0.982098	-0.187185	0.021096	0.164349	0.796745	-0.581538	0.092047	0.574595	0.813246
0.982167	-0.186831	0.021043	0.164006	0.796653	-0.581762	0.091927	0.574838	0.813087
0.982159	-0.186859	0.021147	0.164058	0.796440	-0.582038	0.091917	0.575123	0.812887
0.982054	-0.187394	0.021308	0.164567	0.796230	-0.582181	0.092131	0.575240	0.812780
0.981965	-0.187851	0.021352	0.164954	0.796089	-0.582265	0.092381	0.575286	0.812719
0.981899	-0.188203	0.021307	0.165174	0.795791	-0.582610	0.092693	0.575583	0.812473
0.981755	-0.188957	0.021260	0.165725	0.795469	-0.582894	0.093230	0.575782	0.812270
0.981687	-0.189310	0.021279	0.166026	0.795431	-0.582860	0.093415	0.575719	0.812294
0.981657	-0.189463	0.021316	0.166182	0.795470	-0.582762	0.093455	0.575614	0.812364
0.981620	-0.189637	0.021455	0.166447	0.795687	-0.582389	0.093371	0.575256	0.812627
0.981511	-0.190205	0.021428	0.166895	0.795619	-0.582354	0.093718	0.575163	0.812653
0.981443	-0.190557	0.021415	0.167155	0.795451	-0.582510	0.093967	0.575279	0.812542
0.981426	-0.190621	0.021592	0.167316	0.795464	-0.582446	0.093851	0.575240	0.812583
0.981501	-0.190273	0.021282	0.166904	0.795858	-0.582025	0.093806	0.574810	0.812892
0.981608	-0.189765	0.020868	0.166312	0.796342	-0.581532	0.093736	0.574307	0.813256
0.981673	-0.189502	0.020156	0.165725	0.796680	-0.581237	0.094088	0.573925	0.813484
0.981821	-0.188822	0.019311	0.164757	0.797301	-0.580660	0.094245	0.573286	0.813917
0.982058	-0.187684	0.018357	0.163319	0.797803	-0.580377	0.094282	0.572962	0.814141
0.982344	-0.186219	0.017940	0.161788	0.797467	-0.581267	0.093936	0.573907	0.813515
