0.989520	-0.143978	-0.010941	0.144106	0.989489	0.011994	0.009099	-0.013445	0.999868
0.989523	-0.143946	-0.011144	0.144074	0.989499	0.011633	0.009352	-0.013117	0.999870
0.989635	-0.143152	-0.011412	0.143278	0.989619	0.011163	0.009695	-0.012682	0.999873
0.989885	-0.141337	-0.012336	0.141467	0.989889	0.010374	0.010745	-0.012014	0.999870
0.990283	-0.138413	-0.013436	0.138543	0.990313	0.009299	0.012019	-0.011070	0.999866
0.990692	-0.135267	-0.015208	0.135397	0.990760	0.007893	0.014000	-0.009879	0.999853
0.991023	-0.132621	-0.016885	0.132752	0.991125	0.006889	0.015821	-0.009068	0.999834
0.991343	-0.130198	-0.016976	0.130309	0.991458	0.005552	0.016109	-0.007716	0.999840
0.991523	-0.129015	-0.015391	0.129098	0.991621	0.004535	0.014677	-0.006483	0.999871
0.991734	-0.127427	-0.015040	0.127502	0.991830	0.004166	0.014386	-0.006049	0.999878
0.991889	-0.126172	-0.015410	0.126247	0.991991	0.004025	0.014779	-0.005938	0.999873
0.992186	-0.123755	-0.015858	0.123831	0.992296	0.003914	0.015251	-0.005847	0.999867
0.992556	-0.120490	-0.017765	0.120573	0.992698	0.003668	0.017193	-0.005783	0.999835
0.992869	-0.117702	-0.018903	0.117777	0.993036	0.002933	0.018427	-0.005138	0.999817
0.993245	-0.114126	-0.020957	0.114209	0.993453	0.002819	0.020498	-0.005193	0.999776
0.993656	-0.110038	-0.023205	0.110125	0.993915	0.002480	0.022791	-0.005020	0.999728
0.993758	-0.109219	-0.022738	0.109299	0.994006	0.002307	0.022350	-0.004778	0.999739
0.993374	-0.113197	-0.019863	0.113269	0.993561	0.002552	0.019446	-0.004785	0.999799
0.992827	-0.118306	-0.017256	0.118385	0.992961	0.003623	0.016706	-0.005640	0.999845
0.992587	-0.120360	-0.016879	0.120454	0.992708	0.004724	0.016188	-0.006723	0.999846
0.992475	-0.121207	-0.017361	0.121320	0.992598	0.005613	0.016552	-0.007677	0.999834
0.992307	-0.122610	-0.017122	0.122748	0.992411	0.007253	0.016103	-0.009299	0.999827
0.992225	-0.123379	-0.016349	0.123536	0.992300	0.008928	0.015121	-0.010878	0.999826
0.992072	-0.124575	-0.016553	0.124757	0.992132	0.010450	0.015121	-0.012432	0.999808
0.991854	-0.126151	-0.017659	0.126362	0.991919	0.011377	0.016081	-0.013515	0.999779
