0.978787	-0.192401	-0.070407	0.190891	0.981222	-0.027642	0.074404	0.013616	0.997135
0.978717	-0.192805	-0.070279	0.191283	0.981140	-0.027835	0.074321	0.013799	0.997139
0.978715	-0.192953	-0.069907	0.191436	0.981110	-0.027849	0.073960	0.013874	0.997165
0.978797	-0.192608	-0.069695	0.191099	0.981178	-0.027774	0.073733	0.013867	0.997182
0.978849	-0.192425	-0.069475	0.190915	0.981212	-0.027820	0.073523	0.013967	0.997196
0.978866	-0.192413	-0.069277	0.190905	0.981214	-0.027840	0.073332	0.014026	0.997209
0.978864	-0.192488	-0.069091	0.190981	0.981199	-0.027847	0.073152	0.014063	0.997222
0.978887	-0.192347	-0.069163	0.190869	0.981232	-0.027437	0.073143	0.013656	0.997228
0.978889	-0.192138	-0.069709	0.190671	0.981278	-0.027179	0.073626	0.013314	0.997197
0.978761	-0.192409	-0.070748	0.190936	0.981229	-0.027093	0.074633	0.013009	0.997126
0.978677	-0.192791	-0.070867	0.191311	0.981153	-0.027172	0.074770	0.013035	0.997116
0.978696	-0.192819	-0.070531	0.191349	0.981148	-0.027105	0.074428	0.013032	0.997141
0.978870	-0.191988	-0.070391	0.190543	0.981314	-0.026760	0.074214	0.012782	0.997160
0.979011	-0.191166	-0.070659	0.189727	0.981476	-0.026610	0.074437	0.012646	0.997146
0.979061	-0.190997	-0.070425	0.189574	0.981511	-0.026420	0.074169	0.012516	0.997167
0.978999	-0.191312	-0.070430	0.189914	0.981454	-0.026096	0.074116	0.012173	0.997175
0.979006	-0.191358	-0.070202	0.189983	0.981448	-0.025830	0.073842	0.011950	0.997198
0.979017	-0.191378	-0.070001	0.189990	0.981441	-0.026034	0.073684	0.012188	0.997207
0.978995	-0.191481	-0.070022	0.190063	0.981416	-0.026440	0.073784	0.012576	0.997195
0.978932	-0.191726	-0.070236	0.190282	0.981364	-0.026763	0.074058	0.012834	0.997171
0.978839	-0.192149	-0.070382	0.190696	0.981281	-0.026880	0.074230	0.012890	0.997158
0.978836	-0.192298	-0.070010	0.190848	0.981251	-0.026895	0.073869	0.012965	0.997184
0.978910	-0.192072	-0.069595	0.190636	0.981295	-0.026777	0.073437	0.012944	0.997216
0.979027	-0.191593	-0.069268	0.190164	0.981388	-0.026731	0.073100	0.012998	0.997240
0.979099	-0.191327	-0.068991	0.189903	0.981440	-0.026698	0.072818	0.013039	0.997260
