0.959615	-0.264662	0.095353	0.279730	0.933654	-0.223697	-0.029822	0.241336	0.969983
0.958142	-0.268503	0.099349	0.284388	0.932590	-0.222261	-0.032974	0.241211	0.969912
0.957167	-0.270790	0.102487	0.287347	0.931867	-0.221485	-0.035528	0.241448	0.969763
0.956440	-0.272367	0.105064	0.289442	0.931620	-0.219789	-0.038016	0.240625	0.969873
0.955897	-0.273536	0.106951	0.290917	0.931849	-0.216851	-0.040346	0.238401	0.970328
0.955399	-0.274389	0.109189	0.292121	0.932338	-0.213099	-0.043329	0.235491	0.970910
0.955140	-0.274027	0.112322	0.292331	0.933114	-0.209382	-0.047432	0.232825	0.971361
0.955119	-0.272515	0.116114	0.291610	0.933898	-0.206875	-0.052062	0.231451	0.971453
0.955135	-0.270669	0.120234	0.290712	0.934389	-0.205922	-0.056609	0.231637	0.971154
0.955316	-0.268843	0.122859	0.289542	0.934741	-0.205972	-0.059467	0.232341	0.970815
0.955770	-0.266485	0.124454	0.287627	0.935266	-0.206271	-0.061429	0.232944	0.970548
0.956457	-0.263516	0.125493	0.285016	0.935895	-0.207041	-0.062889	0.233794	0.970250
0.957194	-0.261145	0.124830	0.282620	0.936346	-0.208284	-0.062492	0.234648	0.970070
0.957684	-0.259640	0.124209	0.281128	0.936351	-0.210273	-0.061708	0.236294	0.969720
0.957803	-0.258993	0.124641	0.280719	0.936049	-0.212156	-0.061723	0.238193	0.969254
0.957701	-0.259054	0.125298	0.281079	0.935433	-0.214384	-0.061671	0.240535	0.968679
0.957573	-0.259041	0.126304	0.281506	0.934598	-0.217442	-0.061717	0.243772	0.967867
0.957580	-0.258325	0.127704	0.281391	0.933768	-0.221127	-0.062124	0.247682	0.966848
0.957924	-0.256165	0.129464	0.279992	0.933218	-0.225184	-0.063134	0.251958	0.965677
0.958482	-0.252956	0.131626	0.277700	0.932880	-0.229386	-0.064766	0.256415	0.964394
0.959427	-0.248298	0.133599	0.273956	0.932997	-0.233376	-0.066701	0.260507	0.963165
0.960475	-0.243445	0.134992	0.269796	0.933526	-0.236090	-0.068544	0.263179	0.962309
0.961423	-0.239440	0.135405	0.266147	0.934104	-0.237939	-0.069511	0.264798	0.961795
0.962330	-0.236124	0.134780	0.262864	0.934663	-0.239391	-0.069448	0.265802	0.961523
0.962992	-0.233230	0.135096	0.260246	0.935011	-0.240887	-0.070134	0.267130	0.961105
