0.976061	-0.174735	-0.129507	0.171011	0.984480	-0.039429	0.134386	0.016338	0.990794
0.976049	-0.175169	-0.129010	0.171480	0.984405	-0.039256	0.133874	0.016193	0.990866
0.976009	-0.175814	-0.128433	0.172196	0.984297	-0.038835	0.133244	0.015788	0.990957
0.976030	-0.176155	-0.127808	0.172577	0.984238	-0.038638	0.132600	0.015655	0.991046
0.976077	-0.176400	-0.127110	0.172821	0.984191	-0.038740	0.131934	0.015846	0.991132
0.976112	-0.176729	-0.126380	0.173165	0.984131	-0.038743	0.131221	0.015933	0.991225
0.976155	-0.176787	-0.125968	0.173237	0.984120	-0.038690	0.130808	0.015945	0.991279
0.975961	-0.177255	-0.126809	0.173652	0.984034	-0.039015	0.131700	0.016057	0.991160
0.975914	-0.177494	-0.126836	0.173815	0.983982	-0.039597	0.131833	0.016597	0.991133
0.975944	-0.177661	-0.126371	0.173937	0.983944	-0.040007	0.131450	0.017064	0.991176
0.975903	-0.178025	-0.126179	0.174296	0.983877	-0.040085	0.131281	0.017127	0.991197
0.975951	-0.178040	-0.125783	0.174319	0.983873	-0.040081	0.130891	0.017191	0.991248
0.976009	-0.177669	-0.125859	0.173959	0.983941	-0.039971	0.130939	0.017117	0.991243
0.975922	-0.177878	-0.126237	0.174234	0.983914	-0.039438	0.131221	0.016494	0.991216
0.975558	-0.179426	-0.126859	0.175939	0.983657	-0.038272	0.131652	0.015017	0.991182
0.975223	-0.181039	-0.127142	0.177731	0.983383	-0.036997	0.131727	0.013483	0.991194
0.974924	-0.182506	-0.127336	0.179311	0.983126	-0.036215	0.131797	0.012474	0.991198
0.974304	-0.185135	-0.128286	0.181932	0.982639	-0.036354	0.132789	0.012081	0.991071
0.973570	-0.188416	-0.129076	0.185150	0.982015	-0.036960	0.133718	0.012084	0.990946
0.972966	-0.190625	-0.130383	0.187215	0.981582	-0.038042	0.135233	0.012604	0.990734
0.972283	-0.192364	-0.132896	0.188753	0.981235	-0.039372	0.137976	0.013196	0.990348
0.971641	-0.193774	-0.135515	0.189930	0.980947	-0.040865	0.140852	0.013968	0.989932
0.971248	-0.194102	-0.137850	0.189917	0.980857	-0.043014	0.143560	0.015597	0.989519
0.970866	-0.194756	-0.139602	0.190093	0.980682	-0.046125	0.145889	0.018244	0.989133
0.970772	-0.195538	-0.139162	0.190324	0.980449	-0.049972	0.146213	0.022025	0.989008
0.971271	-0.194357	-0.137324	0.188573	0.980570	-0.054068	0.145164	0.026619	0.989049
