0.961017	-0.253743	-0.109818	0.257668	0.965962	0.022925	0.100263	-0.050328	0.993687
0.960912	-0.254023	-0.110092	0.257916	0.965906	0.022460	0.100633	-0.049976	0.993668
0.960908	-0.254058	-0.110045	0.257940	0.965902	0.022366	0.100610	-0.049877	0.993675
0.961059	-0.253668	-0.109627	0.257537	0.966007	0.022475	0.100199	-0.049833	0.993719
0.961192	-0.253235	-0.109462	0.257092	0.966126	0.022455	0.100068	-0.049726	0.993737
0.961303	-0.252915	-0.109229	0.256734	0.966227	0.022208	0.099923	-0.049391	0.993769
0.961344	-0.252840	-0.109038	0.256604	0.966272	0.021758	0.099859	-0.048897	0.993799
0.961315	-0.252984	-0.108966	0.256703	0.966255	0.021346	0.099889	-0.048492	0.993816
0.961326	-0.253044	-0.108723	0.256722	0.966256	0.021052	0.099727	-0.048149	0.993849
0.961218	-0.253311	-0.109061	0.257008	0.966180	0.021063	0.100037	-0.048276	0.993812
0.960992	-0.253799	-0.109915	0.257524	0.966046	0.020903	0.100878	-0.048394	0.993721
0.960781	-0.254508	-0.110117	0.258210	0.965871	0.020536	0.101133	-0.048164	0.993706
0.960731	-0.254742	-0.110010	0.258408	0.965824	0.020227	0.101098	-0.047860	0.993725
0.960846	-0.254268	-0.110099	0.257921	0.965957	0.020078	0.101246	-0.047688	0.993718
0.960976	-0.253753	-0.110160	0.257396	0.966100	0.019969	0.101359	-0.047544	0.993713
0.961029	-0.253650	-0.109929	0.257263	0.966139	0.019797	0.101185	-0.047306	0.993742
0.961003	-0.253750	-0.109925	0.257388	0.966100	0.020046	0.101112	-0.047558	0.993738
0.960942	-0.253796	-0.110356	0.257513	0.966055	0.020604	0.101381	-0.048217	0.993679
0.960805	-0.254255	-0.110494	0.258031	0.965906	0.021098	0.101362	-0.048782	0.993653
0.960560	-0.255126	-0.110617	0.258940	0.965657	0.021361	0.101368	-0.049161	0.993634
0.960320	-0.255908	-0.110892	0.259752	0.965436	0.021481	0.101562	-0.049433	0.993600
0.960189	-0.256226	-0.111286	0.260103	0.965339	0.021597	0.101895	-0.049683	0.993554
0.960113	-0.256323	-0.111722	0.260217	0.965310	0.021546	0.102324	-0.049758	0.993506
0.960063	-0.256390	-0.112001	0.260326	0.965274	0.021811	0.102519	-0.050096	0.993469
0.960070	-0.256152	-0.112481	0.260190	0.965294	0.022572	0.102795	-0.050937	0.993397
