0.997646	-0.055973	-0.039614	0.053004	0.995966	-0.072404	0.043507	0.070134	0.996588
0.997610	-0.056100	-0.040334	0.053077	0.995958	-0.072466	0.044236	0.070152	0.996555
0.997606	-0.056213	-0.040277	0.053159	0.995896	-0.073254	0.044229	0.070938	0.996500
0.997607	-0.056551	-0.039768	0.053504	0.995830	-0.073897	0.043781	0.071592	0.996473
0.997657	-0.056304	-0.038867	0.053279	0.995766	-0.074904	0.042920	0.072657	0.996433
0.997727	-0.055631	-0.038025	0.052612	0.995701	-0.076234	0.042102	0.074060	0.996365
0.997889	-0.054233	-0.035730	0.051278	0.995555	-0.078993	0.039855	0.076994	0.996235
0.998221	-0.050744	-0.031317	0.047966	0.995321	-0.083872	0.035427	0.082220	0.995984
0.998294	-0.049096	-0.031606	0.046285	0.995368	-0.084269	0.035597	0.082662	0.995942
0.998276	-0.049203	-0.032001	0.046355	0.995359	-0.084335	0.036002	0.082706	0.995923
0.998235	-0.049467	-0.032852	0.046548	0.995348	-0.084359	0.036872	0.082681	0.995894
0.998221	-0.049822	-0.032764	0.046879	0.995263	-0.085165	0.036852	0.083478	0.995828
0.998226	-0.049932	-0.032431	0.046998	0.995215	-0.085667	0.036553	0.083991	0.995796
0.998262	-0.049417	-0.032120	0.046486	0.995181	-0.086338	0.036232	0.084695	0.995748
0.998287	-0.048786	-0.032288	0.045828	0.995174	-0.086764	0.036365	0.085136	0.995706
0.998291	-0.048496	-0.032607	0.045520	0.995210	-0.086520	0.036646	0.084887	0.995716
0.998278	-0.048511	-0.032989	0.045521	0.995251	-0.086040	0.037007	0.084390	0.995745
0.998284	-0.048576	-0.032712	0.045635	0.995307	-0.085330	0.036703	0.083691	0.995816
0.998290	-0.048641	-0.032433	0.045749	0.995363	-0.084619	0.036399	0.082991	0.995885
0.998287	-0.048586	-0.032600	0.045689	0.995387	-0.084368	0.036548	0.082734	0.995901
0.998276	-0.048720	-0.032727	0.045814	0.995384	-0.084332	0.036684	0.082687	0.995900
0.998262	-0.049095	-0.032605	0.046206	0.995384	-0.084117	0.036584	0.082464	0.995922
0.998262	-0.049152	-0.032521	0.046284	0.995411	-0.083750	0.036488	0.082099	0.995956
0.998275	-0.048860	-0.032567	0.046007	0.995468	-0.083221	0.036486	0.081579	0.995999
0.998297	-0.048168	-0.032905	0.045304	0.995533	-0.082837	0.036748	0.081205	0.996020
