0.964050	-0.241095	-0.111718	0.247352	0.967842	0.045814	0.097080	-0.071801	0.992683
0.963916	-0.241283	-0.112469	0.247534	0.967825	0.045184	0.097948	-0.071393	0.992627
0.963812	-0.241839	-0.112160	0.247957	0.967769	0.044040	0.097895	-0.070257	0.992714
0.963935	-0.241767	-0.111256	0.247743	0.967860	0.043247	0.097225	-0.069250	0.992850
0.964233	-0.240890	-0.110575	0.246799	0.968109	0.043083	0.096670	-0.068832	0.992934
0.964479	-0.240060	-0.110231	0.245919	0.968342	0.042857	0.096453	-0.068443	0.992982
0.964666	-0.239658	-0.109466	0.245462	0.968459	0.042841	0.095746	-0.068197	0.993067
0.964713	-0.239763	-0.108820	0.245573	0.968407	0.043373	0.094983	-0.068566	0.993115
0.964675	-0.240081	-0.108461	0.245910	0.968302	0.043812	0.094504	-0.068936	0.993135
0.964632	-0.240480	-0.107957	0.246253	0.968225	0.043585	0.094046	-0.068628	0.993200
0.964530	-0.241014	-0.107674	0.246694	0.968149	0.042775	0.093936	-0.067820	0.993266
0.964401	-0.241630	-0.107447	0.247212	0.968056	0.041884	0.093894	-0.066955	0.993328
0.964346	-0.242013	-0.107078	0.247524	0.967998	0.041381	0.093636	-0.066410	0.993389
0.964339	-0.242164	-0.106806	0.247639	0.967976	0.041189	0.093411	-0.066169	0.993426
0.964397	-0.242032	-0.106575	0.247492	0.968013	0.041202	0.093194	-0.066111	0.993451
0.964587	-0.241514	-0.106036	0.246944	0.968150	0.041284	0.092688	-0.066007	0.993505
0.964704	-0.241250	-0.105573	0.246651	0.968224	0.041309	0.092253	-0.065891	0.993553
0.964630	-0.241478	-0.105724	0.246907	0.968150	0.041493	0.092337	-0.066129	0.993529
0.964551	-0.241636	-0.106084	0.247121	0.968081	0.041826	0.092592	-0.066559	0.993477
0.964526	-0.241617	-0.106350	0.247144	0.968065	0.042082	0.092786	-0.066873	0.993438
0.964229	-0.242148	-0.107832	0.247816	0.967874	0.042502	0.094076	-0.067705	0.993260
0.963882	-0.243111	-0.108762	0.248857	0.967603	0.042602	0.094881	-0.068129	0.993155
0.963794	-0.243622	-0.108396	0.249357	0.967468	0.042733	0.094459	-0.068215	0.993189
0.963868	-0.243228	-0.108618	0.249014	0.967539	0.043128	0.094603	-0.068617	0.993147
