0.988915	-0.133814	-0.064348	0.133090	0.990984	-0.015440	0.065834	0.006705	0.997808
0.989133	-0.132464	-0.063797	0.131753	0.991165	-0.015251	0.065253	0.006680	0.997846
0.989369	-0.130847	-0.063468	0.130162	0.991382	-0.014832	0.064862	0.006413	0.997874
0.989657	-0.128278	-0.064222	0.127651	0.991723	-0.013782	0.065458	0.005442	0.997840
0.990209	-0.123454	-0.065152	0.122790	0.992332	-0.014113	0.066394	0.005975	0.997776
0.990653	-0.120163	-0.064555	0.119527	0.992737	-0.013646	0.065726	0.005802	0.997821
0.991216	-0.116063	-0.063408	0.115420	0.993222	-0.013725	0.064572	0.006286	0.997893
0.991717	-0.112354	-0.062249	0.111718	0.993647	-0.013618	0.063383	0.006551	0.997968
0.991899	-0.111545	-0.060784	0.110995	0.993744	-0.012353	0.061782	0.005506	0.998074
0.992154	-0.109990	-0.059440	0.109555	0.993925	-0.010548	0.060239	0.003953	0.998176
0.992144	-0.110657	-0.058361	0.110369	0.993857	-0.008154	0.058905	0.001648	0.998262
0.992140	-0.111970	-0.055868	0.111719	0.993711	-0.007613	0.056369	0.001312	0.998409
0.992236	-0.112517	-0.052993	0.112205	0.993646	-0.008821	0.053648	0.002806	0.998556
0.992277	-0.113354	-0.050370	0.112955	0.993542	-0.010710	0.051259	0.004937	0.998673
0.992285	-0.113810	-0.049180	0.113337	0.993480	-0.012316	0.050261	0.006647	0.998714
0.992264	-0.114386	-0.048251	0.113885	0.993409	-0.013023	0.049422	0.007427	0.998750
0.992320	-0.114173	-0.047592	0.113664	0.993430	-0.013276	0.048795	0.007765	0.998779
0.992446	-0.113117	-0.047492	0.112600	0.993550	-0.013425	0.048704	0.007976	0.998781
0.992625	-0.111458	-0.047681	0.110882	0.993727	-0.014556	0.049005	0.009162	0.998757
0.992801	-0.109656	-0.048185	0.109052	0.993923	-0.015004	0.049537	0.009641	0.998726
0.992712	-0.110098	-0.049007	0.109538	0.993884	-0.013991	0.050247	0.008521	0.998700
0.992654	-0.110398	-0.049498	0.109911	0.993863	-0.012472	0.050571	0.006941	0.998696
0.992685	-0.110016	-0.049734	0.109600	0.993915	-0.011026	0.050644	0.005495	0.998702
0.992796	-0.108919	-0.049929	0.108569	0.994042	-0.009675	0.050685	0.004185	0.998706
0.993041	-0.106679	-0.049881	0.106360	0.994287	-0.009018	0.050558	0.003650	0.998714
