0.987958	-0.118690	-0.099253	0.111275	0.990787	-0.077189	0.107500	0.065216	0.992064
0.988021	-0.118136	-0.099290	0.110661	0.990816	-0.077708	0.107558	0.065789	0.992020
0.988111	-0.117381	-0.099290	0.109891	0.990892	-0.077833	0.107522	0.065997	0.992010
0.988173	-0.116769	-0.099394	0.109284	0.990969	-0.077697	0.107569	0.065916	0.992010
0.988242	-0.116465	-0.099061	0.109058	0.991035	-0.077170	0.107160	0.065459	0.992085
0.988236	-0.116519	-0.099063	0.109159	0.991057	-0.076745	0.107120	0.065029	0.992117
0.988253	-0.116702	-0.098673	0.109395	0.991050	-0.076500	0.106718	0.064807	0.992175
0.988248	-0.117120	-0.098230	0.109825	0.990991	-0.076656	0.106323	0.064967	0.992207
0.988199	-0.117530	-0.098235	0.110211	0.990929	-0.076891	0.106381	0.065158	0.992188
0.988136	-0.117914	-0.098404	0.110567	0.990877	-0.077061	0.106593	0.065266	0.992158
0.988066	-0.118611	-0.098270	0.111270	0.990795	-0.077098	0.106510	0.065244	0.992169
0.988014	-0.119074	-0.098232	0.111768	0.990761	-0.076822	0.106472	0.064922	0.992194
0.988040	-0.119027	-0.098028	0.111775	0.990790	-0.076436	0.106223	0.064565	0.992244
0.988083	-0.118736	-0.097946	0.111514	0.990837	-0.076198	0.106096	0.064368	0.992270
0.988107	-0.118607	-0.097860	0.111402	0.990859	-0.076084	0.105990	0.064277	0.992288
0.988174	-0.118486	-0.097326	0.111336	0.990881	-0.075890	0.105431	0.064156	0.992355
0.988217	-0.118458	-0.096925	0.111353	0.990892	-0.075714	0.105011	0.064029	0.992408
0.988295	-0.118252	-0.096377	0.111201	0.990924	-0.075531	0.104434	0.063930	0.992475
0.988195	-0.118869	-0.096651	0.111837	0.990877	-0.075196	0.104708	0.063499	0.992474
0.988193	-0.119632	-0.095723	0.112676	0.990793	-0.075053	0.103821	0.063381	0.992574
0.988307	-0.120462	-0.093476	0.113688	0.990704	-0.074706	0.101607	0.063205	0.992815
0.988435	-0.120520	-0.092037	0.113862	0.990701	-0.074472	0.100157	0.063132	0.992967
0.988566	-0.119586	-0.091847	0.112935	0.990805	-0.074506	0.099912	0.063282	0.992982
0.988660	-0.118747	-0.091922	0.112058	0.990881	-0.074820	0.099969	0.063671	0.992951
0.988659	-0.118630	-0.092088	0.111911	0.990884	-0.074997	0.100146	0.063841	0.992923
