0.948027	-0.306579	-0.085167	0.291780	0.944389	-0.151636	0.126919	0.118905	0.984760
0.947558	-0.307874	-0.085720	0.292654	0.943682	-0.154329	0.128406	0.121149	0.984294
0.947306	-0.308519	-0.086178	0.292903	0.943182	-0.156892	0.129686	0.123383	0.983849
0.947348	-0.308356	-0.086302	0.292418	0.942942	-0.159222	0.130475	0.125602	0.983463
0.947428	-0.307979	-0.086765	0.291724	0.942827	-0.161163	0.131439	0.127379	0.983106
0.947205	-0.308454	-0.087511	0.291900	0.942517	-0.162652	0.132651	0.128520	0.982795
0.946733	-0.309669	-0.088325	0.292829	0.942006	-0.163939	0.133969	0.129342	0.982508
0.946197	-0.311243	-0.088537	0.294164	0.941331	-0.165419	0.134828	0.130474	0.982241
0.945707	-0.312654	-0.088804	0.295300	0.940678	-0.167101	0.135781	0.131805	0.981932
0.945334	-0.313566	-0.089548	0.295866	0.940189	-0.168840	0.137135	0.133116	0.981567
0.945031	-0.314266	-0.090293	0.296251	0.939798	-0.170339	0.138389	0.134227	0.981240
0.944846	-0.314648	-0.090897	0.296386	0.939547	-0.171483	0.139359	0.135084	0.980985
0.944789	-0.314702	-0.091303	0.296297	0.939464	-0.172094	0.139934	0.135540	0.980840
0.944813	-0.314562	-0.091536	0.296066	0.939460	-0.172513	0.140260	0.135892	0.980745
0.944900	-0.314215	-0.091835	0.295629	0.939532	-0.172869	0.140600	0.136195	0.980654
0.944969	-0.313913	-0.092148	0.295228	0.939585	-0.173264	0.140971	0.136524	0.980555
0.944922	-0.313987	-0.092387	0.295252	0.939556	-0.173381	0.141242	0.136554	0.980512
0.944899	-0.314007	-0.092550	0.295263	0.939571	-0.173282	0.141369	0.136408	0.980514
0.944735	-0.314244	-0.093419	0.295389	0.939543	-0.173220	0.142204	0.136052	0.980443
0.944504	-0.314632	-0.094444	0.295619	0.939453	-0.173312	0.143255	0.135774	0.980328
0.944476	-0.314687	-0.094540	0.295663	0.939442	-0.173301	0.143350	0.135727	0.980321
0.944661	-0.314158	-0.094449	0.295177	0.939629	-0.173109	0.143131	0.135650	0.980363
0.945095	-0.312832	-0.094505	0.293882	0.940075	-0.172892	0.142928	0.135626	0.980396
0.945478	-0.311672	-0.094508	0.292743	0.940450	-0.172788	0.142733	0.135701	0.980415
