0.960046	-0.255772	-0.113546	0.259960	0.965333	0.023500	0.103599	-0.052078	0.993255
0.960065	-0.255475	-0.114055	0.259738	0.965382	0.023973	0.103982	-0.052640	0.993185
0.959942	-0.255839	-0.114270	0.260147	0.965264	0.024271	0.104091	-0.053026	0.993153
0.959788	-0.256401	-0.114308	0.260726	0.965105	0.024392	0.104065	-0.053215	0.993146
0.959551	-0.257095	-0.114735	0.261444	0.964911	0.024369	0.104444	-0.053380	0.993097
0.959272	-0.257741	-0.115617	0.262102	0.964742	0.023992	0.105356	-0.053319	0.993004
0.958993	-0.258546	-0.116134	0.262899	0.964535	0.023610	0.105911	-0.053173	0.992953
0.958852	-0.259014	-0.116250	0.263368	0.964408	0.023535	0.106016	-0.053183	0.992941
0.958905	-0.258845	-0.116188	0.263202	0.964452	0.023604	0.105948	-0.053215	0.992947
0.959005	-0.258488	-0.116164	0.262812	0.964565	0.023320	0.106020	-0.052894	0.992956
0.959043	-0.258331	-0.116199	0.262598	0.964636	0.022782	0.106204	-0.052363	0.992965
0.958965	-0.258586	-0.116270	0.262852	0.964568	0.022725	0.106274	-0.052354	0.992958
0.958812	-0.258954	-0.116718	0.263270	0.964449	0.022945	0.106627	-0.052728	0.992900
0.958619	-0.259669	-0.116713	0.263973	0.964261	0.022798	0.106622	-0.052664	0.992904
0.958376	-0.260568	-0.116704	0.264802	0.964049	0.022106	0.106748	-0.052089	0.992921
0.958054	-0.261642	-0.116945	0.265815	0.963787	0.021359	0.107121	-0.051549	0.992909
0.957780	-0.262545	-0.117166	0.266652	0.963573	0.020590	0.107492	-0.050963	0.992899
0.957557	-0.263331	-0.117222	0.267395	0.963377	0.020125	0.107630	-0.050616	0.992902
0.957382	-0.264036	-0.117066	0.268069	0.963195	0.019873	0.107510	-0.050408	0.992925
0.957393	-0.264149	-0.116719	0.268159	0.963171	0.019816	0.107186	-0.050271	0.992967
0.957452	-0.264062	-0.116434	0.268074	0.963191	0.019975	0.106873	-0.050338	0.992998
0.957446	-0.264071	-0.116464	0.268100	0.963181	0.020120	0.106863	-0.050488	0.992991
0.957261	-0.264561	-0.116872	0.268629	0.963031	0.020258	0.107192	-0.050787	0.992940
0.956979	-0.265242	-0.117636	0.269384	0.962814	0.020538	0.107814	-0.051344	0.992844
0.956686	-0.265786	-0.118781	0.270065	0.962609	0.021205	0.108704	-0.052366	0.992694
