0.013147	0.007156	0.001689
0.003421	0.015184	0.005277
-0.005732	0.008860	-0.002147
-0.003448	0.007896	-0.002630
0.002188	0.004575	0.001385
-0.000748	0.002811	-0.002080
-0.003390	0.000576	0.001345
-0.000831	-0.001237	0.006205
0.003607	0.003481	0.009631
0.002401	-0.003711	0.003842
0.001505	-0.005104	-0.001657
0.006062	-0.009837	-0.004221
0.000968	-0.022240	-0.031147
-0.011973	-0.014971	-0.067987
0.006549	-0.052789	-0.080043
0.012838	-0.060569	-0.066260
0.012019	-0.056528	-0.044201
-0.009086	-0.007543	0.002017
0.003511	0.023138	0.047973
0.017023	0.063376	0.110131
0.009400	0.077966	0.107283
0.001668	0.073637	0.075869
0.011305	0.052624	0.065043
0.009882	0.025177	0.038387
0.002228	0.010648	0.021473
