-0.003184	-0.026185	-0.042724
-0.003990	-0.028149	-0.053262
-0.004650	-0.010917	-0.032373
-0.003873	-0.006249	-0.025306
-0.003096	-0.001580	-0.018239
-0.003425	-0.000300	-0.019752
-0.003584	-0.003897	-0.020021
-0.004026	-0.005172	-0.014308
-0.001907	-0.005820	-0.008063
-0.003820	0.003032	-0.011850
0.000097	-0.004516	-0.015136
0.002361	0.000317	-0.004352
-0.000172	0.000762	0.011045
-0.000265	0.003096	0.032830
0.003656	0.016964	0.055623
0.008267	0.017659	0.050375
0.001817	0.007420	0.014547
-0.003233	0.000166	0.002617
-0.005383	0.009387	0.001996
0.004844	0.010171	0.003987
0.002086	0.014247	0.009141
0.001716	0.017707	0.018148
0.003478	0.011692	0.009943
0.000824	0.004750	-0.005115
