-0.007644	-0.004097	-0.019800
-0.010048	-0.010527	-0.028137
-0.002339	-0.009909	-0.023325
0.000281	-0.005919	-0.014537
-0.003719	0.007112	-0.009492
-0.003947	0.006348	-0.011296
-0.001529	0.003116	-0.003063
0.001935	0.000009	0.011320
-0.004828	0.004765	0.012752
0.002211	0.022757	0.029120
0.007296	0.021498	0.019468
-0.000756	0.021546	0.006704
-0.007858	0.015451	-0.003167
-0.004360	0.011534	0.001519
-0.002948	0.007394	-0.001210
-0.000759	0.000865	-0.002188
-0.003306	0.000235	-0.003009
-0.005139	0.009028	0.008957
-0.000937	0.013785	0.021379
-0.001508	0.004570	0.007893
0.005416	-0.010310	-0.009099
0.007080	-0.021514	-0.023734
0.002171	-0.019034	-0.032958
-0.004322	0.002541	-0.031256
0.000180	0.007089	-0.027967
