0.887146	0.087796	-0.453060	-0.105841	0.994276	-0.014574	0.449187	0.060882	0.891361
0.887269	0.088610	-0.452661	-0.106455	0.994218	-0.014041	0.448800	0.060646	0.891572
0.887622	0.088881	-0.451915	-0.106498	0.994219	-0.013636	0.448091	0.060231	0.891957
0.887796	0.088835	-0.451583	-0.106376	0.994234	-0.013546	0.447776	0.060063	0.892126
0.887751	0.089028	-0.451632	-0.106632	0.994205	-0.013618	0.447802	0.060247	0.892100
0.887805	0.088864	-0.451559	-0.106423	0.994228	-0.013578	0.447746	0.060110	0.892138
0.888024	0.088497	-0.451200	-0.105908	0.994285	-0.013426	0.447433	0.059709	0.892322
0.887936	0.088959	-0.451282	-0.106387	0.994235	-0.013336	0.447494	0.059852	0.892282
0.888101	0.089352	-0.450880	-0.106846	0.994185	-0.013435	0.447058	0.060106	0.892483
0.888049	0.089310	-0.450990	-0.106951	0.994170	-0.013721	0.447135	0.060419	0.892424
0.887687	0.089759	-0.451615	-0.107559	0.994102	-0.013835	0.447709	0.060856	0.892106
0.887108	0.090812	-0.452540	-0.108833	0.993963	-0.013883	0.448548	0.061567	0.891636
0.886666	0.091914	-0.453183	-0.110153	0.993817	-0.013954	0.449098	0.062292	0.891308
0.885842	0.093098	-0.454550	-0.111546	0.993662	-0.013869	0.450378	0.062989	0.890613
0.885055	0.094220	-0.455850	-0.112821	0.993521	-0.013695	0.451606	0.063551	0.889951
0.884654	0.094585	-0.456554	-0.113292	0.993467	-0.013705	0.452275	0.063848	0.889590
0.884766	0.094025	-0.456452	-0.112974	0.993495	-0.014332	0.452135	0.064248	0.889633
0.885219	0.092901	-0.455804	-0.112107	0.993580	-0.015214	0.451464	0.064566	0.889950
0.885821	0.091592	-0.454899	-0.110805	0.993718	-0.015688	0.450604	0.064302	0.890405
0.886579	0.089301	-0.453876	-0.108451	0.993968	-0.016279	0.449684	0.063655	0.890916
0.887071	0.087961	-0.453176	-0.106955	0.994129	-0.016401	0.449073	0.063018	0.891270
0.887250	0.087452	-0.452923	-0.106455	0.994179	-0.016580	0.448836	0.062927	0.891396
0.887246	0.087710	-0.452881	-0.106729	0.994150	-0.016557	0.448779	0.063026	0.891417
0.887441	0.087517	-0.452537	-0.106597	0.994161	-0.016778	0.448426	0.063128	0.891588
0.887471	0.087476	-0.452485	-0.106601	0.994159	-0.016885	0.448365	0.063220	0.891612
