0.894518	0.100050	-0.435692	-0.119104	0.992744	-0.016564	0.430873	0.066710	0.899944
0.893901	0.101081	-0.436720	-0.120278	0.992604	-0.016449	0.431827	0.067231	0.899447
0.893495	0.101799	-0.437383	-0.121109	0.992504	-0.016402	0.432435	0.067626	0.899126
0.893324	0.102135	-0.437654	-0.121552	0.992448	-0.016501	0.432664	0.067938	0.898992
0.893386	0.102453	-0.437453	-0.121899	0.992405	-0.016522	0.432438	0.068085	0.899089
0.893486	0.102309	-0.437281	-0.121788	0.992417	-0.016653	0.432261	0.068135	0.899171
0.893909	0.101652	-0.436571	-0.121051	0.992505	-0.016764	0.431595	0.067833	0.899514
0.894100	0.101247	-0.436274	-0.120565	0.992564	-0.016740	0.431335	0.067566	0.899658
0.894879	0.100540	-0.434838	-0.119565	0.992689	-0.016538	0.429996	0.066791	0.900357
0.895777	0.099490	-0.433226	-0.118274	0.992843	-0.016548	0.428479	0.066063	0.901133
0.896465	0.098772	-0.431966	-0.117129	0.992987	-0.016028	0.427354	0.064964	0.901747
0.897425	0.097491	-0.430260	-0.115592	0.993167	-0.016061	0.425754	0.064149	0.902562
0.897653	0.097184	-0.429855	-0.115176	0.993217	-0.015967	0.425387	0.063842	0.902757
0.897913	0.096634	-0.429435	-0.114657	0.993273	-0.016225	0.424978	0.063806	0.902952
0.898030	0.096422	-0.429237	-0.114503	0.993287	-0.016429	0.424772	0.063902	0.903042
0.898013	0.096653	-0.429222	-0.114731	0.993262	-0.016375	0.424747	0.063950	0.903051
0.897837	0.097086	-0.429491	-0.115262	0.993199	-0.016438	0.424974	0.064263	0.902921
0.897689	0.097481	-0.429711	-0.115796	0.993134	-0.016608	0.425141	0.064667	0.902814
0.897602	0.097742	-0.429833	-0.116169	0.993088	-0.016767	0.425223	0.064983	0.902753
0.897513	0.097842	-0.429998	-0.116357	0.993064	-0.016905	0.425361	0.065206	0.902672
0.897443	0.097872	-0.430135	-0.116502	0.993043	-0.017117	0.425468	0.065474	0.902602
0.897233	0.097948	-0.430557	-0.116690	0.993018	-0.017265	0.425860	0.065732	0.902398
0.897071	0.097990	-0.430885	-0.116807	0.993003	-0.017359	0.426169	0.065903	0.902240
0.896728	0.098379	-0.431510	-0.117240	0.992954	-0.017258	0.426771	0.066066	0.901943
0.896506	0.098717	-0.431894	-0.117705	0.992896	-0.017382	0.427110	0.066419	0.901757
