0.889160	0.094277	-0.447780	-0.105524	0.994417	-0.000172	0.445264	0.047405	0.894144
0.888499	0.095252	-0.448884	-0.106671	0.994294	-0.000152	0.446308	0.048017	0.893590
0.887986	0.096174	-0.449701	-0.107775	0.994175	-0.000197	0.447063	0.048642	0.893179
0.887560	0.096711	-0.450426	-0.108370	0.994111	-0.000095	0.447764	0.048897	0.892814
0.887341	0.096980	-0.450799	-0.108544	0.994092	0.000204	0.448156	0.048750	0.892625
0.887131	0.096912	-0.451229	-0.108474	0.994099	0.000243	0.448590	0.048732	0.892408
0.887046	0.096624	-0.451456	-0.108251	0.994124	0.000072	0.448810	0.048807	0.892293
0.887163	0.095960	-0.451369	-0.107592	0.994195	-0.000108	0.448739	0.048659	0.892337
0.887792	0.094424	-0.450456	-0.105996	0.994366	-0.000468	0.447874	0.048163	0.892799
0.888742	0.091909	-0.449099	-0.103402	0.994639	-0.001072	0.446592	0.047391	0.893482
0.889171	0.090732	-0.448490	-0.102125	0.994771	-0.001224	0.446034	0.046890	0.893787
0.889283	0.090563	-0.448302	-0.101893	0.994795	-0.001162	0.445863	0.046712	0.893881
0.889260	0.090762	-0.448307	-0.102074	0.994776	-0.001075	0.445868	0.046716	0.893879
0.889040	0.091465	-0.448601	-0.102826	0.994699	-0.000972	0.446134	0.046992	0.893732
0.888638	0.092136	-0.449260	-0.103481	0.994631	-0.000703	0.446783	0.047115	0.893401
0.888277	0.092666	-0.449864	-0.104051	0.994572	-0.000585	0.447367	0.047328	0.893097
0.888476	0.092784	-0.449447	-0.104042	0.994573	-0.000353	0.446975	0.047075	0.893307
0.889034	0.091800	-0.448544	-0.103069	0.994674	-0.000713	0.446089	0.046865	0.893761
0.889436	0.090951	-0.447919	-0.102108	0.994773	-0.000766	0.445507	0.046418	0.894074
0.889846	0.090131	-0.447269	-0.101196	0.994866	-0.000850	0.444896	0.046018	0.894399
0.890018	0.090006	-0.446953	-0.101109	0.994875	-0.000993	0.444573	0.046075	0.894557
0.890047	0.090092	-0.446878	-0.101250	0.994860	-0.001091	0.444483	0.046217	0.894594
0.889926	0.090233	-0.447091	-0.101434	0.994842	-0.001121	0.444683	0.046348	0.894488
0.889955	0.090319	-0.447015	-0.101574	0.994827	-0.001219	0.444593	0.046490	0.894525
0.889732	0.090607	-0.447402	-0.101868	0.994797	-0.001117	0.444973	0.046570	0.894332
