0.900063	0.058812	-0.431772	-0.097740	0.992851	-0.068509	0.424657	0.103864	0.899377
0.899917	0.058948	-0.432058	-0.097878	0.992845	-0.068408	0.424934	0.103850	0.899247
0.899831	0.059012	-0.432229	-0.098158	0.992790	-0.068803	0.425052	0.104337	0.899135
0.899655	0.059504	-0.432529	-0.098736	0.992733	-0.068797	0.425292	0.104600	0.898992
0.899518	0.060059	-0.432736	-0.099329	0.992680	-0.068699	0.425443	0.104779	0.898899
0.899299	0.060651	-0.433109	-0.099944	0.992631	-0.068517	0.425762	0.104904	0.898734
0.899071	0.061048	-0.433525	-0.100462	0.992575	-0.068572	0.426120	0.105204	0.898529
0.898803	0.061380	-0.434034	-0.100965	0.992514	-0.068719	0.426567	0.105587	0.898272
0.898706	0.061966	-0.434152	-0.101657	0.992439	-0.068784	0.426607	0.105952	0.898210
0.898623	0.062650	-0.434225	-0.102360	0.992376	-0.068653	0.426613	0.106140	0.898185
0.898427	0.063044	-0.434573	-0.102930	0.992304	-0.068840	0.426889	0.106579	0.898002
0.898777	0.062615	-0.433912	-0.102099	0.992429	-0.068270	0.426352	0.105661	0.898365
0.899310	0.061166	-0.433014	-0.100619	0.992546	-0.068768	0.425580	0.105414	0.898760
0.899842	0.060113	-0.432054	-0.099207	0.992706	-0.068500	0.424785	0.104502	0.899243
0.900452	0.058732	-0.430971	-0.097586	0.992861	-0.068587	0.423866	0.103817	0.899755
0.900722	0.058044	-0.430501	-0.096725	0.992951	-0.068495	0.423491	0.103335	0.899987
0.900729	0.057818	-0.430517	-0.096501	0.992970	-0.068545	0.423528	0.103286	0.899976
0.900611	0.058014	-0.430737	-0.096863	0.992917	-0.068797	0.423695	0.103682	0.899851
0.900428	0.058180	-0.431098	-0.097206	0.992867	-0.069039	0.424006	0.104070	0.899660
0.900098	0.058775	-0.431704	-0.097876	0.992811	-0.068902	0.424551	0.104272	0.899380
0.899838	0.059208	-0.432187	-0.098256	0.992796	-0.068566	0.425014	0.104163	0.899174
0.899571	0.059575	-0.432692	-0.098674	0.992762	-0.068457	0.425482	0.104277	0.898939
0.899491	0.059576	-0.432859	-0.098781	0.992740	-0.068633	0.425627	0.104493	0.898845
0.899620	0.059377	-0.432617	-0.098548	0.992760	-0.068672	0.425407	0.104413	0.898959
0.899863	0.058751	-0.432198	-0.097938	0.992801	-0.068956	0.425035	0.104380	0.899139
