0.891848	0.079110	-0.445363	-0.099033	0.994850	-0.021600	0.441361	0.063369	0.895089
0.891730	0.079452	-0.445540	-0.099322	0.994825	-0.021386	0.441535	0.063322	0.895007
0.891632	0.079671	-0.445696	-0.099400	0.994825	-0.021023	0.441715	0.063047	0.894937
0.891632	0.079542	-0.445718	-0.099263	0.994839	-0.021033	0.441745	0.062997	0.894926
0.891582	0.079577	-0.445812	-0.099335	0.994831	-0.021086	0.441829	0.063084	0.894878
0.891533	0.079611	-0.445906	-0.099407	0.994822	-0.021138	0.441914	0.063171	0.894830
0.891473	0.079745	-0.446002	-0.099568	0.994806	-0.021148	0.441999	0.063261	0.894782
0.891442	0.079709	-0.446069	-0.099597	0.994800	-0.021275	0.442053	0.063393	0.894746
0.891184	0.079799	-0.446568	-0.099740	0.994786	-0.021282	0.442541	0.063507	0.894497
0.890966	0.079953	-0.446976	-0.099901	0.994772	-0.021194	0.442945	0.063536	0.894295
0.890735	0.080131	-0.447403	-0.100185	0.994741	-0.021296	0.443344	0.063792	0.894079
0.890019	0.081454	-0.448588	-0.101729	0.994585	-0.021239	0.444429	0.064537	0.893486
0.888955	0.083949	-0.450236	-0.104457	0.994311	-0.020846	0.445924	0.065561	0.892666
0.888632	0.084923	-0.450690	-0.105460	0.994210	-0.020600	0.446331	0.065835	0.892443
0.888808	0.084416	-0.450437	-0.104961	0.994259	-0.020777	0.446097	0.065745	0.892567
0.889214	0.083390	-0.449827	-0.103685	0.994396	-0.020621	0.445587	0.064977	0.892878
0.889745	0.082641	-0.448916	-0.102681	0.994504	-0.020434	0.444760	0.064276	0.893341
0.890318	0.082168	-0.447863	-0.102049	0.994570	-0.020394	0.443756	0.063861	0.893870
0.890721	0.081816	-0.447127	-0.101506	0.994630	-0.020210	0.443072	0.063388	0.894242
0.890965	0.081357	-0.446725	-0.100827	0.994704	-0.019938	0.442737	0.062806	0.894449
0.891086	0.080962	-0.446554	-0.100367	0.994751	-0.019929	0.442596	0.062578	0.894535
0.891077	0.080728	-0.446615	-0.100217	0.994762	-0.020142	0.442650	0.062707	0.894499
0.891195	0.080439	-0.446432	-0.100097	0.994765	-0.020580	0.442439	0.063027	0.894581
0.891154	0.080503	-0.446501	-0.100216	0.994751	-0.020665	0.442494	0.063162	0.894544
0.891195	0.080236	-0.446469	-0.099994	0.994770	-0.020825	0.442463	0.063203	0.894557
