0.898831	0.062683	-0.433790	-0.101903	0.992486	-0.067732	0.426284	0.105084	0.898465
0.898797	0.063333	-0.433766	-0.102531	0.992434	-0.067549	0.426206	0.105187	0.898490
0.898688	0.064052	-0.433886	-0.103229	0.992377	-0.067314	0.426267	0.105283	0.898450
0.898645	0.064542	-0.433903	-0.103674	0.992345	-0.067108	0.426250	0.105291	0.898457
0.898630	0.064443	-0.433949	-0.103665	0.992332	-0.067305	0.426284	0.105467	0.898420
0.898579	0.064642	-0.434025	-0.103791	0.992334	-0.067088	0.426361	0.105332	0.898399
0.898709	0.064607	-0.433761	-0.103610	0.992368	-0.066860	0.426131	0.105030	0.898544
0.898695	0.064119	-0.433862	-0.103192	0.992397	-0.067086	0.426262	0.105061	0.898478
0.898566	0.063766	-0.434181	-0.102965	0.992403	-0.067343	0.426588	0.105218	0.898305
0.898183	0.063809	-0.434967	-0.103335	0.992333	-0.067809	0.427305	0.105852	0.897890
0.898172	0.064331	-0.434913	-0.103748	0.992312	-0.067479	0.427229	0.105729	0.897940
0.898315	0.064913	-0.434530	-0.104121	0.992304	-0.067016	0.426836	0.105445	0.898161
0.898296	0.065368	-0.434500	-0.104571	0.992264	-0.066914	0.426765	0.105545	0.898183
0.898730	0.065256	-0.433620	-0.104211	0.992319	-0.066656	0.425940	0.105094	0.898627
0.899277	0.064061	-0.432663	-0.103134	0.992379	-0.067427	0.425047	0.105258	0.899031
0.899596	0.063141	-0.432134	-0.102097	0.992480	-0.067526	0.424620	0.104865	0.899278
0.899751	0.062682	-0.431879	-0.101513	0.992546	-0.067429	0.424434	0.104511	0.899407
0.899692	0.062590	-0.432014	-0.101320	0.992582	-0.067201	0.424603	0.104232	0.899360
0.899709	0.062135	-0.432045	-0.100870	0.992621	-0.067302	0.424675	0.104133	0.899337
0.899622	0.062070	-0.432235	-0.101013	0.992579	-0.067706	0.424825	0.104571	0.899215
0.899478	0.062395	-0.432488	-0.101592	0.992492	-0.068102	0.424992	0.105194	0.899064
0.899454	0.062783	-0.432482	-0.102079	0.992434	-0.068228	0.424926	0.105516	0.899058
0.899430	0.063172	-0.432475	-0.102567	0.992375	-0.068355	0.424860	0.105838	0.899051
0.899341	0.063271	-0.432646	-0.102762	0.992345	-0.068490	0.425001	0.106055	0.898959
