0.005101	0.004844	0.004039
0.004852	0.007838	0.005250
0.007444	0.003341	-0.000423
0.008473	0.003724	0.000416
0.013023	0.004399	-0.006614
0.007084	0.001997	0.005185
0.006317	0.009532	0.006090
0.007995	0.005340	0.000262
0.008432	0.006650	0.000263
0.009193	0.008581	-0.000416
0.007650	0.009090	0.003519
0.006971	0.001308	0.004502
0.003599	0.002428	0.008126
0.014466	0.008295	-0.013581
0.005256	0.002608	0.004874
0.008128	0.007475	0.003673
0.006075	0.003060	0.007075
0.011749	0.003361	-0.001162
0.006927	0.007881	-0.000729
0.010988	0.001430	-0.000483
0.005711	0.005364	0.007604
0.008337	0.007407	0.002309
0.010720	0.002978	-0.002000
0.011635	0.002672	-0.001844
0.007691	0.006165	0.003671
0.008128	0.007475	0.003673
