0.000250	-0.000823	0.009173
0.003026	0.002631	-0.000366
0.005373	-0.002521	0.000251
0.006133	-0.000590	-0.000428
0.002777	0.005624	0.000845
0.001256	0.001762	0.002203
0.001484	0.003140	0.003568
-0.001943	0.002092	0.009390
0.009134	0.007890	-0.013680
-0.001293	-0.000314	0.013107
0.003004	0.007002	0.002210
0.002325	-0.000780	0.003194
0.006155	-0.004961	-0.003004
-0.000437	-0.001310	-0.000002
0.004572	-0.001526	0.000778
0.001939	0.005896	0.006299
0.004242	0.007318	0.001685
0.003313	0.002529	0.003880
0.003254	0.004009	0.000999
0.001256	0.001762	0.002203
0.002420	-0.001537	0.001148
0.000705	-0.000237	0.001519
0.001447	0.000248	-0.001889
0.000433	0.004958	-0.005077
0.000136	-0.001512	0.008490
