0.003926	-0.002768	0.002140
0.000588	0.004891	0.006141
0.002072	0.008032	0.009710
0.003651	0.008244	0.000849
0.000914	-0.000305	0.000156
0.004077	-0.001357	-0.002104
0.003492	-0.007726	0.007217
0.003313	0.002529	0.003880
0.002340	0.004314	0.000843
0.002398	0.002835	0.003724
0.002509	0.007171	-0.000672
0.001256	0.001762	0.002203
0.001355	-0.002643	0.005236
0.003089	-0.004666	-0.002790
-0.005538	-0.003984	0.006343
0.005101	0.002674	-0.006345
0.000911	0.005513	0.005461
0.002167	0.007274	0.007664
0.000132	0.002135	0.003411
0.004036	0.001568	-0.002256
0.005806	0.002437	-0.004826
0.001315	0.000283	0.005084
0.002229	-0.000023	0.005240
0.002171	0.001457	0.002359
0.001102	0.003998	0.001369
