0.002057	0.000768	0.001676
0.001047	0.001830	0.003567
0.003085	0.001151	0.002515
0.002171	0.001457	0.002359
0.000779	0.003377	0.002049
0.004150	0.002257	-0.001574
0.004341	0.000743	-0.005666
-0.001976	-0.004448	0.009012
-0.000272	0.007365	0.003788
0.000096	0.001413	0.008338
0.003713	0.000947	-0.001576
0.001014	-0.004710	0.003189
0.003276	-0.000363	-0.001577
-0.000474	-0.002032	0.004925
-0.000191	0.001514	0.004092
0.001028	0.000384	0.000838
0.001902	0.003004	0.000842
0.000683	0.004134	0.004095
0.000151	0.003581	0.006140
0.003390	0.000326	-0.000895
-0.000437	-0.001310	-0.000002
0.003301	-0.008382	0.000925
0.001348	0.006823	0.005462
0.000911	0.005513	0.005461
0.002971	0.000462	0.001832
