-0.008946	0.001416	-0.025277
0.013449	-0.001308	-0.021585
0.007889	0.002645	-0.009737
0.001263	0.007704	-0.001977
-0.000235	-0.005917	0.011523
-0.006287	-0.000656	0.010791
0.007647	-0.010568	0.011944
0.020523	-0.012078	-0.001149
0.020296	-0.067430	-0.037523
0.003079	-0.067347	-0.040479
0.015448	-0.029750	-0.028866
0.031349	-0.001186	-0.001956
0.034801	0.031980	0.009848
0.027632	0.022308	0.010033
0.007925	0.004093	0.005574
0.011767	-0.004808	-0.001567
0.040868	0.041309	-0.009735
0.059767	0.049065	-0.006029
0.037644	0.011106	-0.002137
0.037270	-0.028337	0.004086
0.027787	-0.025675	0.002611
0.060937	-0.064112	-0.000561
0.106682	-0.026962	-0.038816
0.090954	0.036177	-0.007377
0.060002	0.054982	-0.017552
