0.009446	-0.004110	-0.013836
-0.025826	0.004466	0.016333
-0.044402	0.024454	0.032177
-0.042000	0.025267	0.023374
-0.016241	0.029540	-0.012970
0.009622	0.022182	-0.034760
0.022990	0.019363	-0.035273
0.032252	0.029715	-0.021823
0.022035	0.024813	0.006570
0.007999	0.006989	0.036195
-0.006574	0.025438	0.023522
-0.010357	0.005282	-0.001471
-0.003885	-0.008524	-0.039548
0.011047	-0.010802	-0.054317
0.012112	-0.007568	-0.029461
-0.003548	-0.005558	0.005019
-0.009042	-0.010344	0.036878
-0.011018	-0.003726	0.038250
-0.011069	-0.024105	0.022488
-0.007668	-0.015658	-0.002238
0.003122	-0.006214	-0.018356
0.018826	0.004860	-0.026915
0.027816	0.007847	-0.017253
0.021492	0.010083	-0.001005
0.016879	0.009972	0.020693
