-0.008719	0.004378	-0.005875
-0.003232	0.010551	0.013959
0.008116	0.009947	0.030433
0.009614	0.023568	0.016933
0.003665	0.008516	-0.010780
-0.004642	0.001395	-0.024538
-0.004069	0.005938	-0.012262
-0.013156	0.030559	-0.005101
-0.009938	0.005418	0.001255
-0.001939	0.003726	-0.004085
-0.000646	0.001242	-0.001362
0.003349	-0.003252	0.001047
0.000000	0.000000	-0.000000
-0.008072	0.003136	-0.004513
-0.008263	0.001622	-0.008605
-0.027632	-0.022308	-0.010033
-0.044423	-0.014793	-0.020420
-0.043887	-0.011699	-0.023455
-0.023453	0.011126	-0.017939
-0.010122	0.011199	-0.012994
0.003210	0.011273	-0.008050
0.013463	0.021963	-0.000365
0.022109	0.019029	-0.004344
0.033920	0.018624	-0.021526
