-0.008491	0.007341	0.013528
-0.001990	-0.007972	0.021688
-0.000690	-0.003161	0.014253
0.003878	-0.007452	0.008170
0.004040	0.004250	0.007561
-0.005524	0.001061	0.006391
-0.004525	0.008694	-0.009532
0.009460	0.014821	-0.013384
0.018635	0.007686	-0.010239
0.009651	0.016335	-0.009292
-0.018687	0.019984	-0.009320
-0.035800	0.004096	-0.018490
-0.029601	-0.008395	-0.018818
-0.031768	0.001050	-0.000771
-0.035412	0.023100	0.021072
-0.011452	0.025256	0.031275
-0.003188	0.019294	0.019112
0.000617	0.008946	-0.003339
0.016923	0.010034	-0.015690
0.021096	-0.011876	-0.009641
0.002901	0.006800	-0.006381
-0.012274	-0.008475	0.009302
-0.013265	-0.008813	0.015067
0.004260	-0.004424	0.016354
0.022124	-0.005749	0.020672
0.020787	-0.012009	0.012796
