18:23:36.015 -0.230756 -0.002668 -0.049773
18:23:36.044 -0.224483 -0.020943 -0.061016
18:23:36.098 -0.222191 -0.020133 -0.094983
18:23:36.130 -0.160337 -0.030073 -0.094191
18:23:36.160 -0.117103 -0.028768 -0.082708
18:23:36.215 -0.066172 -0.021992 -0.064286
18:23:36.268 -0.035851 -0.016283 -0.034252
18:23:36.298 -0.066157 -0.038089 0.002266
18:23:36.342 -0.054352 -0.089498 0.019806
18:23:36.375 0.002278 -0.061831 -0.009855
18:23:36.405 0.059614 -0.007731 -0.032549
18:23:36.463 0.080620 0.015296 -0.035525
18:23:36.489 0.067898 0.016873 -0.033650
18:23:36.553 0.048992 0.006162 -0.006431
18:23:36.586 0.021294 0.005614 0.025828
18:23:36.603 -0.000771 0.004009 0.076861
18:23:36.660 -0.000221 0.026035 0.074278
18:23:36.689 -0.007992 0.022008 0.057486
18:23:36.748 -0.011731 0.014936 0.058413
18:23:36.774 0.005046 -0.015850 0.047580
18:23:36.804 0.023563 0.032587 0.018538
18:23:36.860 0.025311 0.031687 0.039299
18:23:36.901 -0.005517 0.021377 0.058536
18:23:36.952 -0.029652 -0.011412 0.048490
18:23:36.982 -0.027646 -0.036899 0.010283
