-0.024679	-0.034498	0.044681
-0.002122	-0.034202	0.006230
-0.012817	-0.027545	-0.019041
-0.021308	-0.024545	-0.026280
-0.020339	-0.002383	-0.026136
-0.007507	-0.003957	-0.002847
0.000264	0.000070	0.013945
0.003114	-0.004828	0.033338
0.011113	-0.006521	0.027997
0.014852	-0.003789	0.006302
0.008800	-0.002868	-0.015197
0.012692	0.004270	-0.027343
0.013361	-0.014455	-0.011123
0.002292	0.005150	-0.013199
-0.014837	-0.020989	0.018714
-0.012046	-0.005512	0.028705
-0.007859	-0.008492	0.035205
-0.009916	-0.007724	0.036882
-0.004084	-0.004312	0.028821
-0.006773	0.012288	0.008820
-0.000169	0.024712	-0.013798
0.009203	0.030727	0.004048
-0.005231	0.034652	0.000473
-0.007596	0.030947	0.003819
-0.006133	-0.000590	-0.000428
