0.022968	-0.002522	-0.004800
0.031503	-0.001120	-0.013175
0.025598	-0.003088	-0.014968
0.013442	-0.008604	-0.011427
-0.001153	-0.012040	0.006374
-0.004979	-0.032258	0.017763
0.024975	-0.071718	-0.018442
0.020369	-0.016485	-0.010698
0.008101	0.030385	-0.015351
0.015981	0.078124	0.002041
0.030693	0.136909	-0.004550
0.009973	0.087788	-0.014306
-0.009365	0.009961	0.013531
-0.022990	-0.023704	0.014505
-0.008924	-0.011726	0.010349
0.003687	-0.008966	0.004078
0.007691	-0.006165	-0.003671
0.016299	-0.006207	-0.002193
0.018356	-0.006974	-0.003869
0.003144	-0.023697	-0.003497
-0.022387	-0.038029	-0.010053
-0.030100	-0.014382	-0.021241
-0.023937	-0.023980	-0.016112
0.006545	-0.010910	-0.007455
