0.127850	0.012107	-0.021633
0.005788	-0.005331	-0.013213
-0.107739	-0.021367	-0.013169
-0.184077	-0.023541	-0.012531
-0.184951	-0.020921	-0.012527
-0.169401	-0.009913	-0.009868
-0.148901	-0.000169	-0.005109
-0.091168	-0.015868	0.009194
-0.035543	-0.003130	0.005613
-0.020463	-0.008297	0.010551
-0.002968	0.006280	0.007137
0.026178	0.013091	0.007918
0.050865	0.015516	-0.001589
0.107269	0.000852	-0.005321
0.218938	-0.030265	-0.047493
0.344520	-0.097520	-0.078807
0.324554	-0.012412	-0.114963
0.208316	0.014316	-0.108242
0.084020	0.063111	-0.105583
-0.066115	0.049392	-0.083246
-0.198466	-0.019554	-0.052489
-0.207331	-0.042975	0.008797
-0.162577	-0.041191	0.042406
-0.098983	-0.015617	0.049552
-0.014463	0.027133	0.054027
