0.122225	-0.088660	-0.105273
0.089592	-0.117063	-0.070866
0.043875	-0.120692	-0.052474
0.046416	-0.082014	-0.035209
0.034413	-0.035074	-0.025916
0.005964	0.020961	-0.034138
-0.010960	0.054636	-0.043012
-0.008837	0.036448	-0.066213
0.022095	-0.021604	-0.108634
0.077228	-0.059947	-0.141766
0.146890	-0.073092	-0.150407
0.181862	-0.126895	-0.185267
0.144341	-0.066676	-0.140543
0.105388	0.006210	-0.128407
-0.004737	-0.036407	-0.086989
-0.071703	-0.032566	-0.068505
-0.091425	-0.021664	-0.077212
-0.122274	-0.062540	-0.069037
-0.157553	-0.065600	-0.049478
-0.154879	-0.053082	-0.033726
-0.098197	-0.048745	-0.023060
-0.049439	-0.048500	-0.017968
-0.021814	-0.033487	0.002223
-0.008851	-0.008830	0.040970
