0.921649	-0.137690	0.362775	0.027377	0.955669	0.293168	-0.387059	-0.260266	0.884560
0.921575	-0.137847	0.362902	0.027630	0.955752	0.292875	-0.387216	-0.259879	0.884605
0.921576	-0.138125	0.362794	0.027991	0.955769	0.292783	-0.387188	-0.259667	0.884680
0.921557	-0.138468	0.362711	0.028441	0.955805	0.292624	-0.387200	-0.259353	0.884767
0.921560	-0.138752	0.362595	0.028898	0.955880	0.292334	-0.387159	-0.258925	0.884910
0.921572	-0.138562	0.362636	0.028882	0.956015	0.291891	-0.387131	-0.258525	0.885039
0.921582	-0.138283	0.362717	0.028737	0.956137	0.291506	-0.387118	-0.258223	0.885133
0.921565	-0.137994	0.362873	0.028527	0.956239	0.291193	-0.387176	-0.258002	0.885172
0.921551	-0.138046	0.362887	0.028641	0.956281	0.291044	-0.387199	-0.257818	0.885216
0.921377	-0.138046	0.363330	0.028556	0.956317	0.290934	-0.387621	-0.257685	0.885070
0.921277	-0.137921	0.363630	0.028478	0.956419	0.290607	-0.387864	-0.257374	0.885054
0.921310	-0.137394	0.363746	0.028107	0.956576	0.290126	-0.387812	-0.257072	0.885164
0.921430	-0.136330	0.363843	0.027235	0.956782	0.289528	-0.387590	-0.256870	0.885320
0.921684	-0.134846	0.363752	0.026000	0.957009	0.288891	-0.387069	-0.256809	0.885566
0.922264	-0.131319	0.363570	0.022742	0.957332	0.288094	-0.385890	-0.257430	0.885900
0.922589	-0.128764	0.363662	0.019891	0.957277	0.288487	-0.385272	-0.258921	0.885734
0.922691	-0.127839	0.363730	0.018706	0.957159	0.288959	-0.385087	-0.259816	0.885553
0.922381	-0.130070	0.363725	0.020062	0.956463	0.291162	-0.385761	-0.261265	0.884833
0.921954	-0.132310	0.363998	0.022043	0.956240	0.291751	-0.386671	-0.260958	0.884526
