0.920497	-0.157765	0.357486	0.063594	0.963158	0.261309	-0.385540	-0.217800	0.896617
0.920570	-0.157340	0.357483	0.063416	0.963338	0.260689	-0.385394	-0.217313	0.896798
0.920567	-0.156828	0.357717	0.063275	0.963632	0.259635	-0.385426	-0.216376	0.897011
0.920486	-0.156646	0.358004	0.063087	0.963691	0.259461	-0.385648	-0.216246	0.896947
0.920427	-0.156166	0.358365	0.062684	0.963836	0.259018	-0.385855	-0.215943	0.896930
0.920393	-0.155780	0.358622	0.062378	0.963958	0.258639	-0.385987	-0.215680	0.896937
0.920478	-0.155297	0.358614	0.061988	0.964054	0.258373	-0.385848	-0.215597	0.897017
0.920961	-0.152433	0.358601	0.059012	0.964253	0.258328	-0.385159	-0.216749	0.897035
0.921424	-0.149998	0.358439	0.056272	0.964272	0.258870	-0.384463	-0.218359	0.896944
0.921749	-0.148321	0.358300	0.054443	0.964308	0.259125	-0.383945	-0.219342	0.896925
0.922005	-0.147451	0.358001	0.053475	0.964277	0.259441	-0.383467	-0.220062	0.896954
0.922131	-0.147459	0.357674	0.053247	0.964088	0.260190	-0.383197	-0.220884	0.896867
0.922202	-0.148338	0.357126	0.054059	0.963886	0.260770	-0.382911	-0.221177	0.896917
0.922217	-0.148985	0.356818	0.054784	0.963826	0.260842	-0.382772	-0.221005	0.897019
0.922223	-0.149117	0.356747	0.054805	0.963739	0.261159	-0.382754	-0.221295	0.896955
0.922254	-0.149110	0.356670	0.054799	0.963728	0.261201	-0.382681	-0.221349	0.896973
0.922247	-0.150108	0.356269	0.056072	0.963735	0.260905	-0.382513	-0.220642	0.897218
0.922106	-0.150962	0.356274	0.056989	0.963698	0.260843	-0.382717	-0.220222	0.897235
0.922138	-0.151482	0.355970	0.057661	0.963690	0.260724	-0.382540	-0.219898	0.897389
0.922125	-0.151857	0.355845	0.058031	0.963633	0.260851	-0.382516	-0.219887	0.897403
0.922058	-0.151973	0.355969	0.058147	0.963643	0.260788	-0.382660	-0.219763	0.897371
0.922001	-0.152146	0.356042	0.058347	0.963655	0.260700	-0.382766	-0.219592	0.897368
