0.909080	-0.199807	0.365582	0.108140	0.960584	0.256095	-0.402342	-0.193277	0.894855
0.909165	-0.199535	0.365519	0.108058	0.960706	0.255671	-0.402172	-0.192950	0.895002
0.909169	-0.199447	0.365559	0.107928	0.960704	0.255733	-0.402199	-0.193050	0.894968
0.909271	-0.198082	0.366046	0.106051	0.960722	0.256450	-0.402467	-0.194363	0.894563
0.909567	-0.195987	0.366439	0.103422	0.960815	0.257174	-0.402482	-0.196019	0.894195
0.909862	-0.194895	0.366289	0.102004	0.960789	0.257838	-0.402177	-0.197234	0.894065
0.909857	-0.194715	0.366397	0.101423	0.960631	0.258652	-0.402336	-0.198175	0.893786
0.910024	-0.194900	0.365882	0.101661	0.960560	0.258825	-0.401897	-0.198341	0.893946
0.909918	-0.195562	0.365793	0.102406	0.960496	0.258766	-0.401948	-0.197996	0.894000
0.909752	-0.196800	0.365543	0.104181	0.960550	0.257856	-0.401868	-0.196502	0.894365
0.909554	-0.198504	0.365114	0.106552	0.960572	0.256803	-0.401695	-0.194673	0.894843
0.909299	-0.199914	0.364979	0.108082	0.960407	0.256781	-0.401862	-0.194043	0.894904
0.909297	-0.200299	0.364772	0.108516	0.960346	0.256827	-0.401750	-0.193948	0.894976
0.909079	-0.200898	0.364988	0.108805	0.960138	0.257481	-0.402166	-0.194358	0.894700
0.909108	-0.200590	0.365085	0.108396	0.960148	0.257617	-0.402211	-0.194628	0.894621
0.909124	-0.200476	0.365106	0.108319	0.960185	0.257511	-0.402194	-0.194562	0.894643
0.909111	-0.200729	0.365000	0.108512	0.960104	0.257730	-0.402172	-0.194699	0.894623
0.909051	-0.200880	0.365067	0.108642	0.960081	0.257761	-0.402273	-0.194656	0.894587
0.909022	-0.200961	0.365095	0.108805	0.960113	0.257574	-0.402295	-0.194416	0.894629
0.909051	-0.200822	0.365097	0.108781	0.960189	0.257300	-0.402234	-0.194183	0.894707
0.909005	-0.200783	0.365235	0.108677	0.960182	0.257371	-0.402368	-0.194259	0.894631
0.908981	-0.200846	0.365259	0.108768	0.960190	0.257302	-0.402396	-0.194154	0.894640
0.908984	-0.200694	0.365335	0.108679	0.960253	0.257105	-0.402414	-0.194000	0.894666
0.908977	-0.200415	0.365505	0.108447	0.960340	0.256879	-0.402492	-0.193859	0.894661
0.908997	-0.200377	0.365477	0.108526	0.960398	0.256627	-0.402426	-0.193609	0.894745
