0.921645	-0.133026	0.364521	0.034738	0.963915	0.263935	-0.386477	-0.230592	0.893008
0.921531	-0.133640	0.364582	0.035306	0.963858	0.264066	-0.386695	-0.230473	0.892944
0.921394	-0.134502	0.364612	0.036101	0.963766	0.264294	-0.386949	-0.230356	0.892864
0.921469	-0.134461	0.364438	0.036140	0.963787	0.264214	-0.386767	-0.230295	0.892959
0.921661	-0.134124	0.364077	0.035768	0.963726	0.264486	-0.386344	-0.230744	0.893026
0.921680	-0.134733	0.363804	0.036134	0.963493	0.265282	-0.386265	-0.231360	0.892901
0.921679	-0.135489	0.363525	0.036623	0.963235	0.266151	-0.386221	-0.231993	0.892756
0.921593	-0.136006	0.363549	0.037056	0.963154	0.266384	-0.386384	-0.232026	0.892677
0.921535	-0.136281	0.363594	0.037359	0.963160	0.266321	-0.386494	-0.231840	0.892677
0.921405	-0.136578	0.363812	0.037553	0.963116	0.266453	-0.386785	-0.231849	0.892549
0.921291	-0.137109	0.363901	0.038088	0.963098	0.266443	-0.387004	-0.231611	0.892516
0.921179	-0.137957	0.363863	0.038781	0.962940	0.266914	-0.387201	-0.231764	0.892390
0.921167	-0.138236	0.363789	0.038925	0.962826	0.267302	-0.387216	-0.232070	0.892305
0.920952	-0.138245	0.364328	0.038729	0.962798	0.267434	-0.387746	-0.232183	0.892045
0.920963	-0.138155	0.364336	0.038818	0.962912	0.267010	-0.387712	-0.231763	0.892169
0.920941	-0.138409	0.364293	0.039140	0.962927	0.266906	-0.387730	-0.231547	0.892217
0.920993	-0.138280	0.364213	0.039178	0.963022	0.266560	-0.387605	-0.231231	0.892354
0.920920	-0.138131	0.364454	0.038906	0.963001	0.266675	-0.387805	-0.231406	0.892221
0.920754	-0.138150	0.364864	0.038648	0.962905	0.267058	-0.388224	-0.231794	0.891938
0.920660	-0.137976	0.365169	0.038338	0.962888	0.267163	-0.388479	-0.231967	0.891782
0.920764	-0.137199	0.365199	0.037486	0.962902	0.267233	-0.388315	-0.232369	0.891749
0.920956	-0.135860	0.365214	0.035965	0.962886	0.267503	-0.388002	-0.233224	0.891662
