0.001487	0.002678	0.001736
-0.000646	0.001242	-0.001362
-0.001884	0.001558	-0.001887
-0.000246	0.002824	0.004094
0.001124	0.000373	0.001208
0.002226	-0.003625	-0.000161
0.002718	-0.007103	0.002036
0.003775	0.006350	0.004000
-0.003460	0.007588	-0.005443
0.000533	-0.000553	0.002044
0.002718	-0.007103	0.002036
0.001083	-0.002552	0.001360
-0.000514	-0.000893	-0.004773
-0.000114	0.000689	0.000683
-0.001139	0.006891	0.006826
0.000705	0.000237	-0.001519
0.000760	-0.001931	0.000679
0.002758	-0.004178	0.001883
-0.000323	0.000621	-0.000681
-0.000646	0.001242	-0.001362
-0.000228	0.001378	0.001365
0.000687	0.001683	0.001209
0.000000	0.000000	-0.000000
0.000970	-0.001863	0.002043
