0.000646	-0.001242	0.001362
0.000000	0.000000	-0.000000
0.000477	0.001615	-0.000154
-0.000209	-0.000068	-0.001363
0.001561	-0.000937	0.001206
0.001958	-0.005172	0.001357
-0.001844	0.004483	-0.002039
0.003713	-0.000947	0.001576
0.003357	0.006214	0.001273
-0.002038	-0.000679	-0.001052
0.003765	-0.006763	0.008853
-0.000970	0.001863	-0.002043
-0.001407	0.003173	-0.002041
0.000095	0.000757	0.002046
0.001183	0.001853	-0.001673
0.000591	0.000926	-0.000836
0.000914	0.000305	-0.000156
0.000323	-0.000621	0.000681
-0.000477	-0.001615	0.000154
-0.001653	0.005997	0.002053
