0.000000	0.000000	-0.000000
-0.000283	0.003546	-0.000833
-0.002152	0.000010	-0.000370
0.000037	-0.000722	0.004927
-0.000114	0.000689	0.000683
0.001829	0.000611	-0.000311
0.000914	0.000305	-0.000156
0.000914	0.000305	-0.000156
0.000209	0.000068	0.001363
0.000000	0.000000	-0.000000
-0.000114	0.000689	0.000683
-0.001028	0.000384	0.000838
-0.000437	0.001310	0.000002
0.001958	-0.005172	0.001357
0.001373	0.003367	0.002419
-0.001748	0.005240	0.000007
0.000606	-0.004167	0.001514
0.002912	-0.001942	0.001049
0.000646	-0.001242	0.001362
-0.001829	-0.000611	0.000311
-0.000397	0.004236	-0.000150
