-0.003992	0.008141	-0.007488
0.000000	0.000000	-0.000000
0.001465	-0.001694	-0.000840
0.001352	-0.001005	-0.000157
-0.000268	-0.001547	0.001517
-0.001197	0.003241	-0.000677
0.001755	0.004225	0.000219
0.000305	0.000825	0.003409
0.001521	-0.003862	0.001358
0.003026	-0.002631	0.000366
0.001238	-0.000316	0.000525
-0.000760	0.001931	-0.000679
-0.001197	0.003241	-0.000677
-0.000228	0.001378	0.001365
-0.000364	-0.002304	-0.000529
-0.000147	0.007229	0.001061
-0.000360	0.001343	-0.005608
0.001616	-0.003105	0.003404
0.001616	-0.003105	0.003404
0.001238	-0.000316	0.000525
-0.000687	-0.001683	-0.001209
