0.991508	0.128764	-0.018211	-0.126699	0.988038	0.087907	0.029312	-0.084853	0.995962
0.991565	0.128349	-0.018023	-0.126306	0.988103	0.087746	0.029071	-0.084729	0.995980
0.991672	0.127608	-0.017426	-0.125628	0.988219	0.087408	0.028375	-0.084491	0.996020
0.991762	0.126987	-0.016822	-0.125044	0.988243	0.087981	0.027796	-0.085153	0.995980
0.991817	0.126662	-0.015981	-0.124778	0.988228	0.088520	0.027005	-0.085802	0.995946
0.991842	0.126540	-0.015377	-0.124720	0.988278	0.088045	0.026338	-0.085408	0.995998
0.991851	0.126564	-0.014620	-0.124817	0.988293	0.087734	0.025552	-0.085195	0.996037
0.991871	0.126476	-0.013960	-0.124787	0.988303	0.087667	0.024885	-0.085212	0.996052
0.991868	0.126530	-0.013687	-0.124863	0.988291	0.087696	0.024623	-0.085274	0.996053
0.991866	0.126546	-0.013740	-0.124872	0.988277	0.087835	0.024694	-0.085405	0.996040
0.991887	0.126361	-0.013879	-0.124680	0.988320	0.087626	0.024789	-0.085185	0.996057
0.991925	0.126061	-0.013935	-0.124383	0.988380	0.087376	0.024788	-0.084937	0.996078
0.991930	0.125996	-0.014120	-0.124304	0.988396	0.087297	0.024955	-0.084837	0.996082
0.991941	0.125872	-0.014452	-0.124155	0.988421	0.087229	0.025264	-0.084732	0.996083
0.991933	0.125899	-0.014756	-0.124154	0.988416	0.087286	0.025574	-0.084750	0.996074
0.991899	0.126158	-0.014845	-0.124403	0.988378	0.087362	0.025694	-0.084807	0.996066
0.991841	0.126658	-0.014469	-0.124933	0.988312	0.087353	0.025364	-0.084833	0.996072
0.991787	0.127105	-0.014204	-0.125399	0.988245	0.087445	0.025152	-0.084946	0.996068
0.991760	0.127350	-0.013918	-0.125662	0.988194	0.087643	0.024915	-0.085172	0.996055
0.991761	0.127319	-0.014153	-0.125615	0.988211	0.087518	0.025129	-0.085019	0.996062
0.991812	0.126890	-0.014417	-0.125172	0.988292	0.087241	0.025318	-0.084722	0.996083
0.991861	0.126508	-0.014390	-0.124782	0.988302	0.087683	0.025314	-0.085174	0.996045
0.991925	0.126036	-0.014135	-0.124342	0.988388	0.087341	0.024979	-0.084878	0.996078
0.992013	0.125423	-0.013387	-0.123794	0.988455	0.087356	0.024189	-0.085001	0.996087
0.992031	0.125349	-0.012729	-0.123756	0.988385	0.088205	0.023638	-0.085927	0.996021
