0.990672	0.124390	-0.055638	-0.120864	0.990680	0.062805	0.062931	-0.055494	0.996474
0.990587	0.124872	-0.056068	-0.121320	0.990623	0.062837	0.063389	-0.055444	0.996448
0.990411	0.125854	-0.056981	-0.122238	0.990497	0.063042	0.064374	-0.055472	0.996383
0.990262	0.126707	-0.057669	-0.123066	0.990408	0.062830	0.065077	-0.055122	0.996357
0.990255	0.126710	-0.057787	-0.123105	0.990443	0.062186	0.065114	-0.054466	0.996390
0.990287	0.126597	-0.057484	-0.123024	0.990468	0.061952	0.064779	-0.054278	0.996422
0.990293	0.126775	-0.056993	-0.123213	0.990429	0.062203	0.064333	-0.054577	0.996435
0.990381	0.126363	-0.056373	-0.122831	0.990473	0.062253	0.063702	-0.054730	0.996467
0.990467	0.125943	-0.055792	-0.122445	0.990523	0.062212	0.063098	-0.054788	0.996502
0.990491	0.125747	-0.055817	-0.122221	0.990524	0.062641	0.063165	-0.055223	0.996474
0.990532	0.125339	-0.056009	-0.121821	0.990592	0.062346	0.063297	-0.054933	0.996482
0.990556	0.125010	-0.056311	-0.121512	0.990666	0.061773	0.063507	-0.054347	0.996500
0.990530	0.125157	-0.056449	-0.121652	0.990649	0.061769	0.063652	-0.054317	0.996493
0.990515	0.125357	-0.056268	-0.121842	0.990606	0.062076	0.063521	-0.054631	0.996484
0.990525	0.125455	-0.055876	-0.121954	0.990585	0.062196	0.063152	-0.054793	0.996499
0.990538	0.125578	-0.055368	-0.122080	0.990545	0.062590	0.062704	-0.055238	0.996502
0.990519	0.125722	-0.055377	-0.122222	0.990525	0.062628	0.062726	-0.055266	0.996499
0.990511	0.125663	-0.055657	-0.122149	0.990536	0.062594	0.062996	-0.055202	0.996486
0.990537	0.125402	-0.055781	-0.121874	0.990563	0.062705	0.063118	-0.055314	0.996472
0.990549	0.125298	-0.055787	-0.121770	0.990575	0.062712	0.063119	-0.055326	0.996471
0.990588	0.124986	-0.055805	-0.121455	0.990613	0.062730	0.063122	-0.055362	0.996469
0.990616	0.124794	-0.055741	-0.121255	0.990625	0.062924	0.063071	-0.055574	0.996460
0.990593	0.125027	-0.055614	-0.121478	0.990581	0.063184	0.062990	-0.055834	0.996451
0.990520	0.125617	-0.055602	-0.122091	0.990528	0.062826	0.062967	-0.055442	0.996474
0.990487	0.125941	-0.055456	-0.122434	0.990496	0.062664	0.062821	-0.055278	0.996493
