0.911606	-0.401635	-0.087538	0.408564	0.908732	0.085336	0.045275	-0.113558	0.992499
0.911276	-0.402383	-0.087546	0.409282	0.908466	0.084723	0.045442	-0.113037	0.992551
0.910885	-0.403298	-0.087406	0.410151	0.908128	0.084137	0.045444	-0.112489	0.992613
0.910511	-0.404194	-0.087158	0.411002	0.907774	0.083812	0.045243	-0.112133	0.992663
0.910198	-0.404927	-0.087031	0.411704	0.907485	0.083494	0.045170	-0.111827	0.992701
0.909928	-0.405582	-0.086796	0.412318	0.907231	0.083220	0.044991	-0.111512	0.992744
0.909928	-0.405582	-0.086796	0.412318	0.907231	0.083220	0.044991	-0.111512	0.992744
0.909677	-0.406128	-0.086880	0.412859	0.907012	0.082932	0.045120	-0.111311	0.992761
0.909495	-0.406544	-0.086840	0.413256	0.906856	0.082657	0.045148	-0.111063	0.992787
0.909304	-0.406992	-0.086740	0.413680	0.906688	0.082382	0.045118	-0.110793	0.992819
0.909137	-0.407398	-0.086586	0.414058	0.906534	0.082169	0.045017	-0.110554	0.992850
0.909137	-0.407398	-0.086586	0.414058	0.906534	0.082169	0.045017	-0.110554	0.992850
0.909137	-0.407398	-0.086586	0.414058	0.906534	0.082169	0.045017	-0.110554	0.992850
0.909137	-0.407398	-0.086586	0.414058	0.906534	0.082169	0.045017	-0.110554	0.992850
0.908951	-0.407957	-0.085899	0.414527	0.906345	0.081894	0.044445	-0.110045	0.992932
0.908310	-0.409564	-0.085036	0.416009	0.905716	0.081335	0.043706	-0.109253	0.993053
0.907485	-0.411561	-0.084196	0.417879	0.904916	0.080652	0.042997	-0.108374	0.993180
0.907045	-0.412607	-0.083814	0.418871	0.904476	0.080433	0.042621	-0.108064	0.993230
0.907045	-0.412607	-0.083814	0.418871	0.904476	0.080433	0.042621	-0.108064	0.993230
0.907257	-0.412027	-0.084374	0.418367	0.904681	0.080752	0.043060	-0.108562	0.993157
0.907384	-0.411655	-0.084827	0.418058	0.904799	0.081034	0.043393	-0.108991	0.993095
0.907384	-0.411655	-0.084827	0.418058	0.904799	0.081034	0.043393	-0.108991	0.993095
0.907391	-0.411550	-0.085252	0.418005	0.904812	0.081156	0.043738	-0.109276	0.993049
0.907391	-0.411550	-0.085252	0.418005	0.904812	0.081156	0.043738	-0.109276	0.993049
