0.837685	-0.532034	-0.123384	0.544038	0.832734	0.102845	0.048029	-0.153277	0.987015
0.836028	-0.534705	-0.123076	0.546583	0.831223	0.101563	0.047997	-0.152181	0.987186
0.835025	-0.536369	-0.122644	0.548148	0.830254	0.101058	0.047622	-0.151613	0.987292
0.834290	-0.537552	-0.122464	0.549290	0.829515	0.100928	0.047332	-0.151471	0.987328
0.833708	-0.538390	-0.122748	0.550152	0.828978	0.100640	0.047572	-0.151434	0.987322
0.833708	-0.538390	-0.122748	0.550152	0.828978	0.100640	0.047572	-0.151434	0.987322
0.833708	-0.538390	-0.122748	0.550152	0.828978	0.100640	0.047572	-0.151434	0.987322
0.833708	-0.538390	-0.122748	0.550152	0.828978	0.100640	0.047572	-0.151434	0.987322
0.833708	-0.538390	-0.122748	0.550152	0.828978	0.100640	0.047572	-0.151434	0.987322
0.833708	-0.538390	-0.122748	0.550152	0.828978	0.100640	0.047572	-0.151434	0.987322
0.833708	-0.538390	-0.122748	0.550152	0.828978	0.100640	0.047572	-0.151434	0.987322
0.833708	-0.538390	-0.122748	0.550152	0.828978	0.100640	0.047572	-0.151434	0.987322
0.833708	-0.538390	-0.122748	0.550152	0.828978	0.100640	0.047572	-0.151434	0.987322
0.834061	-0.537681	-0.123456	0.549564	0.829348	0.100805	0.048187	-0.151925	0.987217
0.834061	-0.537681	-0.123456	0.549564	0.829348	0.100805	0.048187	-0.151925	0.987217
0.835010	-0.536395	-0.122633	0.548168	0.830248	0.100993	0.047643	-0.151554	0.987300
0.836479	-0.534303	-0.121751	0.545977	0.831633	0.101470	0.047036	-0.151351	0.987360
0.837207	-0.533542	-0.120072	0.544981	0.832241	0.101831	0.045598	-0.150691	0.987529
0.837487	-0.533354	-0.118950	0.544613	0.832513	0.101577	0.044851	-0.149852	0.987691
0.837703	-0.533215	-0.118044	0.544339	0.832694	0.101566	0.044138	-0.149338	0.987801
0.837629	-0.533561	-0.117002	0.544518	0.832599	0.101382	0.043322	-0.148630	0.987943
0.837174	-0.534477	-0.116077	0.545277	0.832140	0.101071	0.042572	-0.147908	0.988084
0.836555	-0.535422	-0.116187	0.546212	0.831583	0.100609	0.042750	-0.147628	0.988119
0.835705	-0.536655	-0.116617	0.547475	0.830826	0.099991	0.043227	-0.147408	0.988131
0.834913	-0.537907	-0.116514	0.548686	0.830081	0.099549	0.043168	-0.147044	0.988188
