0.866130	-0.487145	-0.111843	0.497963	0.860300	0.109168	0.043038	-0.150248	0.987711
0.866553	-0.486242	-0.112494	0.497180	0.860705	0.109539	0.043562	-0.150852	0.987596
0.866987	-0.485400	-0.112786	0.496401	0.861117	0.109832	0.043810	-0.151210	0.987530
0.867904	-0.483728	-0.112912	0.494778	0.861999	0.110236	0.044006	-0.151541	0.987471
0.868408	-0.482883	-0.112655	0.493923	0.862423	0.110759	0.043672	-0.151827	0.987442
0.868408	-0.482883	-0.112655	0.493923	0.862423	0.110759	0.043672	-0.151827	0.987442
0.868148	-0.483447	-0.112242	0.494427	0.862114	0.110909	0.043147	-0.151781	0.987472
0.868148	-0.483447	-0.112242	0.494427	0.862114	0.110909	0.043147	-0.151781	0.987472
0.868148	-0.483447	-0.112242	0.494427	0.862114	0.110909	0.043147	-0.151781	0.987472
0.868535	-0.482523	-0.113221	0.493675	0.862495	0.111294	0.043951	-0.152557	0.987317
0.868535	-0.482523	-0.113221	0.493675	0.862495	0.111294	0.043951	-0.152557	0.987317
0.868554	-0.482289	-0.114066	0.493550	0.862631	0.110794	0.044962	-0.152528	0.987276
0.868554	-0.482289	-0.114066	0.493550	0.862631	0.110794	0.044962	-0.152528	0.987276
0.868554	-0.482289	-0.114066	0.493550	0.862631	0.110794	0.044962	-0.152528	0.987276
0.868377	-0.482432	-0.114809	0.493777	0.862584	0.110155	0.045890	-0.152346	0.987261
0.868377	-0.482432	-0.114809	0.493777	0.862584	0.110155	0.045890	-0.152346	0.987261
0.867782	-0.483344	-0.115470	0.494750	0.862121	0.109408	0.046667	-0.152071	0.987267
0.867782	-0.483344	-0.115470	0.494750	0.862121	0.109408	0.046667	-0.152071	0.987267
0.867782	-0.483344	-0.115470	0.494750	0.862121	0.109408	0.046667	-0.152071	0.987267
0.867952	-0.483279	-0.114462	0.494508	0.862320	0.108927	0.046060	-0.151146	0.987438
0.867757	-0.483722	-0.114064	0.494889	0.862100	0.108946	0.045635	-0.150987	0.987482
0.867757	-0.483722	-0.114064	0.494889	0.862100	0.108946	0.045635	-0.150987	0.987482
0.867313	-0.484490	-0.114179	0.495641	0.861744	0.108340	0.045904	-0.150557	0.987535
0.867313	-0.484490	-0.114179	0.495641	0.861744	0.108340	0.045904	-0.150557	0.987535
0.867313	-0.484490	-0.114179	0.495641	0.861744	0.108340	0.045904	-0.150557	0.987535
