0.658372	-0.749065	-0.073809	0.752622	0.656486	0.050857	0.010359	-0.089033	0.995975
0.658871	-0.748595	-0.074121	0.752180	0.656996	0.050807	0.010664	-0.089227	0.995954
0.659259	-0.748219	-0.074472	0.751835	0.657398	0.050718	0.011010	-0.089427	0.995933
0.659259	-0.748219	-0.074472	0.751835	0.657398	0.050718	0.011010	-0.089427	0.995933
0.659259	-0.748219	-0.074472	0.751835	0.657398	0.050718	0.011010	-0.089427	0.995933
0.659259	-0.748219	-0.074472	0.751835	0.657398	0.050718	0.011010	-0.089427	0.995933
0.658761	-0.748685	-0.074199	0.752274	0.656902	0.050633	0.010833	-0.089173	0.995957
0.658761	-0.748685	-0.074199	0.752274	0.656902	0.050633	0.010833	-0.089173	0.995957
0.658761	-0.748685	-0.074199	0.752274	0.656902	0.050633	0.010833	-0.089173	0.995957
0.658761	-0.748685	-0.074199	0.752274	0.656902	0.050633	0.010833	-0.089173	0.995957
0.658199	-0.749177	-0.074216	0.752764	0.656360	0.050373	0.010974	-0.089023	0.995969
0.657810	-0.749502	-0.074383	0.753094	0.656039	0.049614	0.011612	-0.088654	0.995995
0.657170	-0.750034	-0.074678	0.753643	0.655457	0.048972	0.012218	-0.088463	0.996005
0.656192	-0.750892	-0.074659	0.754493	0.654505	0.048617	0.012359	-0.088231	0.996023
0.655489	-0.751505	-0.074659	0.755102	0.653819	0.048397	0.012443	-0.088099	0.996034
0.655489	-0.751505	-0.074659	0.755102	0.653819	0.048397	0.012443	-0.088099	0.996034
0.655489	-0.751505	-0.074659	0.755102	0.653819	0.048397	0.012443	-0.088099	0.996034
0.655159	-0.751770	-0.074891	0.755390	0.653466	0.048654	0.012362	-0.088448	0.996004
0.655159	-0.751770	-0.074891	0.755390	0.653466	0.048654	0.012362	-0.088448	0.996004
0.655159	-0.751770	-0.074891	0.755390	0.653466	0.048654	0.012362	-0.088448	0.996004
0.655159	-0.751770	-0.074891	0.755390	0.653466	0.048654	0.012362	-0.088448	0.996004
0.655159	-0.751770	-0.074891	0.755390	0.653466	0.048654	0.012362	-0.088448	0.996004
0.655231	-0.751671	-0.075253	0.755328	0.653511	0.049021	0.012330	-0.088961	0.995959
0.655231	-0.751671	-0.075253	0.755328	0.653511	0.049021	0.012330	-0.088961	0.995959
0.656631	-0.750439	-0.075344	0.754111	0.654890	0.049353	0.012305	-0.089224	0.995936
0.657608	-0.749581	-0.075368	0.753262	0.655842	0.049672	0.012197	-0.089437	0.995918
