0.951064	-0.290537	-0.105189	0.299206	0.950935	0.078736	0.077152	-0.106356	0.991330
0.951143	-0.290133	-0.105594	0.298849	0.951043	0.078783	0.077567	-0.106491	0.991284
0.951143	-0.290133	-0.105594	0.298849	0.951043	0.078783	0.077567	-0.106491	0.991284
0.951061	-0.290299	-0.105879	0.299028	0.951005	0.078562	0.077885	-0.106378	0.991271
0.951061	-0.290299	-0.105879	0.299028	0.951005	0.078562	0.077885	-0.106378	0.991271
0.950803	-0.291034	-0.106172	0.299754	0.950819	0.078042	0.078237	-0.106028	0.991280
0.950633	-0.291659	-0.105980	0.300356	0.950631	0.078018	0.077993	-0.105998	0.991303
0.950633	-0.291659	-0.105980	0.300356	0.950631	0.078018	0.077993	-0.105998	0.991303
0.950633	-0.291659	-0.105980	0.300356	0.950631	0.078018	0.077993	-0.105998	0.991303
0.950633	-0.291659	-0.105980	0.300356	0.950631	0.078018	0.077993	-0.105998	0.991303
0.950475	-0.292237	-0.105805	0.300948	0.950410	0.078433	0.077638	-0.106390	0.991289
0.950475	-0.292237	-0.105805	0.300948	0.950410	0.078433	0.077638	-0.106390	0.991289
0.950335	-0.292783	-0.105552	0.301484	0.950221	0.078658	0.077268	-0.106574	0.991298
0.950335	-0.292783	-0.105552	0.301484	0.950221	0.078658	0.077268	-0.106574	0.991298
0.950132	-0.293546	-0.105258	0.302223	0.949979	0.078750	0.076877	-0.106634	0.991322
0.950132	-0.293546	-0.105258	0.302223	0.949979	0.078750	0.076877	-0.106634	0.991322
0.950041	-0.294001	-0.104813	0.302622	0.949859	0.078660	0.076431	-0.106448	0.991376
0.949987	-0.294257	-0.104587	0.302853	0.949788	0.078635	0.076196	-0.106377	0.991402
0.949987	-0.294257	-0.104587	0.302853	0.949788	0.078635	0.076196	-0.106377	0.991402
0.949987	-0.294257	-0.104587	0.302853	0.949788	0.078635	0.076196	-0.106377	0.991402
0.949987	-0.294257	-0.104587	0.302853	0.949788	0.078635	0.076196	-0.106377	0.991402
0.949799	-0.294952	-0.104335	0.303523	0.949572	0.078660	0.075872	-0.106379	0.991427
0.949799	-0.294952	-0.104335	0.303523	0.949572	0.078660	0.075872	-0.106379	0.991427
0.949799	-0.294952	-0.104335	0.303523	0.949572	0.078660	0.075872	-0.106379	0.991427
