0.738352	-0.668712	-0.087527	0.674404	0.731326	0.101698	-0.003996	-0.134118	0.990957
0.739248	-0.667626	-0.088249	0.673423	0.732115	0.102515	-0.003834	-0.135213	0.990809
0.738525	-0.668362	-0.088733	0.674217	0.731408	0.102343	-0.003502	-0.135408	0.990784
0.736569	-0.670454	-0.089200	0.676357	0.729604	0.101094	-0.002699	-0.134794	0.990870
0.733890	-0.673405	-0.089058	0.679264	0.727091	0.099693	-0.002381	-0.133657	0.991025
0.731608	-0.675897	-0.088957	0.681722	0.724917	0.098743	-0.002254	-0.132885	0.991129
0.729987	-0.677624	-0.089136	0.683458	0.723363	0.098142	-0.002026	-0.132563	0.991172
0.729280	-0.678374	-0.089220	0.684213	0.722682	0.097898	-0.001934	-0.132441	0.991189
0.728572	-0.679123	-0.089305	0.684967	0.722000	0.097654	-0.001841	-0.132319	0.991205
0.728654	-0.679055	-0.089148	0.684879	0.722074	0.097723	-0.001988	-0.132262	0.991213
0.728654	-0.679055	-0.089148	0.684879	0.722074	0.097723	-0.001988	-0.132262	0.991213
0.729669	-0.677969	-0.089111	0.683797	0.723044	0.098123	-0.002093	-0.132531	0.991177
0.730682	-0.676883	-0.089075	0.682715	0.724013	0.098522	-0.002196	-0.132800	0.991140
0.732097	-0.675267	-0.089716	0.681199	0.725380	0.098955	-0.001743	-0.133559	0.991039
0.733508	-0.673648	-0.090356	0.679680	0.726744	0.099391	-0.001288	-0.134317	0.990938
0.734291	-0.672760	-0.090614	0.678834	0.727458	0.099949	-0.001324	-0.134903	0.990858
0.733944	-0.673199	-0.090164	0.679208	0.727133	0.099768	-0.001602	-0.134464	0.990917
0.733944	-0.673199	-0.090164	0.679208	0.727133	0.099768	-0.001602	-0.134464	0.990917
0.733177	-0.674230	-0.088687	0.680033	0.726414	0.099382	-0.002582	-0.133175	0.991089
0.732749	-0.674971	-0.086561	0.680481	0.725862	0.100351	-0.004903	-0.132435	0.991180
0.733530	-0.674197	-0.085974	0.679628	0.726430	0.102012	-0.006322	-0.133259	0.991061
0.734918	-0.672722	-0.085683	0.678114	0.727560	0.104016	-0.007634	-0.134546	0.990878
0.736063	-0.671425	-0.086020	0.676863	0.728506	0.105520	-0.008183	-0.135893	0.990690
0.736063	-0.671425	-0.086020	0.676863	0.728506	0.105520	-0.008183	-0.135893	0.990690
