0.908296	-0.407842	-0.093070	0.416641	0.901918	0.113814	0.037524	-0.142154	0.989133
0.908693	-0.406829	-0.093637	0.415726	0.902305	0.114096	0.038072	-0.142606	0.989047
0.909468	-0.404997	-0.094053	0.413998	0.903000	0.114879	0.038404	-0.143416	0.988917
0.910432	-0.402726	-0.094472	0.411873	0.903741	0.116672	0.038392	-0.145132	0.988667
0.911561	-0.400064	-0.094899	0.409393	0.904535	0.119223	0.038142	-0.147530	0.988322
0.912480	-0.397890	-0.095209	0.407350	0.905220	0.121005	0.038039	-0.149198	0.988075
0.912854	-0.396995	-0.095356	0.406528	0.905438	0.122137	0.037852	-0.150258	0.987922
0.912854	-0.396995	-0.095356	0.406528	0.905438	0.122137	0.037852	-0.150258	0.987922
0.912060	-0.398689	-0.095880	0.408268	0.904724	0.121619	0.038257	-0.150068	0.987935
0.911142	-0.400583	-0.096716	0.410212	0.904049	0.120088	0.039331	-0.149091	0.988041
0.909480	-0.404219	-0.097226	0.413811	0.902687	0.117965	0.040081	-0.147520	0.988247
0.907467	-0.408743	-0.097120	0.418212	0.900894	0.116139	0.040024	-0.146009	0.988473
0.904993	-0.414476	-0.095906	0.423615	0.898724	0.113334	0.039219	-0.143194	0.988917
0.902585	-0.420176	-0.093768	0.428903	0.896436	0.111558	0.037183	-0.140908	0.989324
0.900794	-0.424518	-0.091410	0.432834	0.894714	0.110190	0.035008	-0.138824	0.989698
0.899991	-0.426516	-0.090002	0.434584	0.894006	0.109042	0.033955	-0.137250	0.989954
0.900549	-0.425493	-0.089256	0.433484	0.894471	0.109600	0.033203	-0.137391	0.989960
0.901685	-0.423019	-0.089549	0.431097	0.895518	0.110467	0.033464	-0.138210	0.989837
0.902613	-0.420988	-0.089766	0.429128	0.896397	0.111000	0.033736	-0.138711	0.989758
0.903281	-0.419556	-0.089759	0.427703	0.897083	0.110964	0.033965	-0.138621	0.989763
0.903703	-0.418775	-0.089155	0.426833	0.897538	0.110635	0.033689	-0.138035	0.989854
0.903890	-0.418437	-0.088840	0.426437	0.897785	0.110153	0.033667	-0.137451	0.989936
0.903925	-0.418430	-0.088522	0.426376	0.897853	0.109833	0.033522	-0.137024	0.990000
0.903530	-0.419489	-0.087537	0.427260	0.897549	0.108879	0.032896	-0.135776	0.990193
0.903228	-0.420266	-0.086925	0.427922	0.897333	0.108059	0.032587	-0.134799	0.990337
