0.999967	0.002637	0.007645	-0.004869	0.951136	0.308733	-0.006458	-0.308761	0.951118
0.999971	0.002145	0.007252	-0.004281	0.951100	0.308853	-0.006235	-0.308875	0.951082
0.999974	0.001793	0.006998	-0.003866	0.951121	0.308793	-0.006102	-0.308812	0.951104
0.999976	0.001361	0.006817	-0.003400	0.951114	0.308822	-0.006064	-0.308838	0.951095
0.999976	0.000979	0.006856	-0.003050	0.951025	0.309100	-0.006218	-0.309113	0.951005
0.999977	0.001071	0.006718	-0.003098	0.950902	0.309476	-0.006057	-0.309489	0.950884
0.999978	0.001343	0.006510	-0.003293	0.950838	0.309671	-0.005775	-0.309686	0.950821
0.999979	0.001298	0.006333	-0.003195	0.950864	0.309591	-0.005620	-0.309605	0.950849
0.999981	0.000878	0.006145	-0.002735	0.950967	0.309281	-0.005572	-0.309292	0.950951
0.999983	0.000270	0.005790	-0.002046	0.951079	0.308941	-0.005423	-0.308948	0.951064
0.999982	-0.000043	0.006013	-0.001815	0.951156	0.308705	-0.005733	-0.308711	0.951139
0.999977	-0.000129	0.006730	-0.001953	0.951238	0.308452	-0.006441	-0.308458	0.951216
0.999974	-0.000095	0.007164	-0.002117	0.951349	0.308108	-0.006845	-0.308115	0.951324
0.999968	-0.000085	0.008014	-0.002384	0.951529	0.307550	-0.007651	-0.307560	0.951498
0.999961	-0.000226	0.008788	-0.002481	0.951801	0.306706	-0.008434	-0.306716	0.951764
0.999955	0.000257	0.009438	-0.003134	0.951974	0.306162	-0.008906	-0.306178	0.951933
0.999950	0.000976	0.009959	-0.003977	0.952015	0.306026	-0.009182	-0.306050	0.951971
0.999943	0.001283	0.010642	-0.004483	0.951844	0.306550	-0.009737	-0.306580	0.951795
0.999941	0.001427	0.010767	-0.004668	0.951587	0.307343	-0.009807	-0.307375	0.951538
0.999943	0.001612	0.010513	-0.004774	0.951316	0.308180	-0.009504	-0.308213	0.951270
0.999945	0.001603	0.010371	-0.004726	0.951165	0.308647	-0.009370	-0.308679	0.951120
0.999948	0.001311	0.010158	-0.004381	0.951201	0.308542	-0.009258	-0.308570	0.951157
0.999952	0.001054	0.009695	-0.003992	0.951292	0.308266	-0.008897	-0.308291	0.951251
0.999957	0.000760	0.009289	-0.003586	0.951341	0.308120	-0.008603	-0.308140	0.951302
