0.999531	-0.002306	0.030542	-0.007769	0.945456	0.325658	-0.029627	-0.325742	0.944994
0.999556	-0.001396	0.029763	-0.008345	0.945810	0.324613	-0.028604	-0.324717	0.945379
0.999576	-0.000708	0.029118	-0.008764	0.946060	0.323873	-0.027777	-0.323990	0.945652
0.999572	-0.000391	0.029252	-0.009086	0.946312	0.323128	-0.027808	-0.323256	0.945903
0.999570	-0.000340	0.029323	-0.009140	0.946514	0.322533	-0.027864	-0.322662	0.946104
0.999573	-0.000475	0.029232	-0.008965	0.946725	0.321918	-0.027828	-0.322042	0.946316
0.999582	-0.000671	0.028912	-0.008658	0.946932	0.321317	-0.027594	-0.321433	0.946530
0.999600	-0.001054	0.028262	-0.008070	0.947131	0.320745	-0.027106	-0.320845	0.946744
0.999604	-0.001411	0.028117	-0.007675	0.947251	0.320401	-0.027086	-0.320490	0.946865
0.999607	-0.001854	0.027980	-0.007197	0.947426	0.319895	-0.027102	-0.319970	0.947040
0.999613	-0.002290	0.027714	-0.006662	0.947854	0.318637	-0.026998	-0.318698	0.947472
0.999603	-0.002804	0.028022	-0.006207	0.948623	0.316348	-0.027470	-0.316397	0.948229
0.999579	-0.003346	0.028811	-0.005856	0.949587	0.313450	-0.028408	-0.313487	0.949168
0.999538	-0.003766	0.030164	-0.005810	0.950330	0.311190	-0.029837	-0.311222	0.949869
0.999498	-0.003685	0.031451	-0.006223	0.950981	0.309186	-0.031049	-0.309227	0.950481
0.999450	-0.002793	0.033030	-0.007491	0.951634	0.307143	-0.032290	-0.307222	0.951090
0.999406	-0.001338	0.034433	-0.009248	0.952167	0.305439	-0.033195	-0.305576	0.951589
0.999369	0.000195	0.035527	-0.011030	0.952272	0.305050	-0.033772	-0.305249	0.951673
0.999322	0.001355	0.036791	-0.012556	0.951950	0.305995	-0.034609	-0.306249	0.951322
0.999300	0.002208	0.037339	-0.013606	0.951326	0.307884	-0.034842	-0.308177	0.950691
0.999308	0.002830	0.037096	-0.014200	0.950631	0.309998	-0.034388	-0.310310	0.950013
0.999324	0.002848	0.036655	-0.014139	0.950087	0.311664	-0.033938	-0.311972	0.949485
0.999318	0.002491	0.036829	-0.013893	0.949737	0.312741	-0.034199	-0.313039	0.949124
0.999311	0.002502	0.037038	-0.013996	0.949489	0.313489	-0.034383	-0.313791	0.948869
