17:27:36.688 -0.002174 -0.002191 0.007438
17:27:36.740 0.000918 0.006123 0.005149
17:27:36.771 0.010056 0.001881 0.013751
17:27:36.804 0.023196 0.000440 0.014603
17:27:36.866 0.037556 -0.002041 0.008325
17:27:36.905 0.033288 -0.004912 0.002129
17:27:36.934 0.012971 0.023271 -0.012946
17:27:36.965 -0.002659 0.006413 -0.015300
17:27:37.020 -0.025179 -0.005457 -0.023841
17:27:37.049 -0.037864 -0.006772 -0.027423
17:27:37.080 -0.031973 -0.023735 -0.026082
17:27:37.127 -0.024165 -0.022601 -0.014747
17:27:37.167 -0.013875 -0.010463 0.008248
17:27:37.223 -0.001946 0.000771 0.026840
17:27:37.255 -0.002204 0.012337 0.023505
17:27:37.284 -0.003188 0.014953 -0.001656
17:27:37.349 -0.002057 -0.003573 -0.019091
17:27:37.378 0.005406 -0.008360 -0.021397
17:27:37.410 0.015645 -0.012260 0.006603
17:27:37.466 0.007014 0.009605 0.011034
17:27:37.496 -0.000088 -0.008806 0.031230
17:27:37.526 -0.017526 -0.000049 0.019481
17:27:37.579 -0.018554 -0.001835 0.009935
17:27:37.609 -0.014514 -0.001926 -0.003271
17:27:37.646 -0.007698 -0.005471 -0.006939
17:27:37.683 0.003695 -0.001671 -0.006080
