0.999090	0.027087	0.032944	-0.040373	0.849661	0.525782	-0.013749	-0.526634	0.849981
0.999115	0.027079	0.032190	-0.039971	0.849588	0.525930	-0.013107	-0.526751	0.849919
0.999145	0.028077	0.030360	-0.039853	0.849694	0.525768	-0.011035	-0.526528	0.850086
0.999157	0.029840	0.028189	-0.040211	0.849545	0.525982	-0.008252	-0.526672	0.850029
0.999151	0.031601	0.026446	-0.040787	0.849797	0.525530	-0.005866	-0.526162	0.850364
0.999098	0.033491	0.026093	-0.042204	0.850313	0.524582	-0.004618	-0.525210	0.850960
0.999047	0.034195	0.027131	-0.043345	0.850649	0.523944	-0.005163	-0.524620	0.851321
0.998994	0.033401	0.029920	-0.044126	0.850964	0.523368	-0.007980	-0.524162	0.851581
0.998980	0.032333	0.031522	-0.044062	0.850720	0.523769	-0.009881	-0.524624	0.851277
0.999013	0.031163	0.031641	-0.043137	0.850286	0.524550	-0.010558	-0.525397	0.850792
0.999036	0.030463	0.031603	-0.042532	0.849790	0.525403	-0.010851	-0.526241	0.850267
0.999046	0.030239	0.031497	-0.042294	0.849409	0.526038	-0.010847	-0.526869	0.849878
0.999060	0.030121	0.031189	-0.042039	0.849067	0.526610	-0.010620	-0.527426	0.849535
0.999077	0.029668	0.031079	-0.041599	0.848896	0.526920	-0.010750	-0.527727	0.849346
0.999095	0.029129	0.030996	-0.041102	0.848724	0.527237	-0.010949	-0.528034	0.849153
0.999108	0.029010	0.030689	-0.040845	0.848427	0.527734	-0.010728	-0.528517	0.848855
0.999114	0.029232	0.030273	-0.040819	0.848137	0.528203	-0.010235	-0.528970	0.848579
0.999117	0.029345	0.030062	-0.040807	0.847945	0.528511	-0.009982	-0.529271	0.848394
0.999136	0.029150	0.029625	-0.040409	0.848056	0.528364	-0.009722	-0.529105	0.848501
0.999166	0.028590	0.029142	-0.039674	0.848267	0.528081	-0.009622	-0.528797	0.848694
0.999194	0.028167	0.028604	-0.039032	0.848179	0.528270	-0.009381	-0.528960	0.848595
0.999195	0.028481	0.028245	-0.039112	0.848022	0.528516	-0.008900	-0.529195	0.848453
0.999199	0.028957	0.027604	-0.039168	0.848516	0.527718	-0.008141	-0.528377	0.848971
0.999190	0.029158	0.027738	-0.039394	0.849545	0.526042	-0.008227	-0.526709	0.850006
0.999193	0.029075	0.027707	-0.039294	0.850450	0.524586	-0.008311	-0.525251	0.850907
