17:57:54.249 -0.060333 -0.024611 0.087434
17:57:54.319 -0.070345 -0.004727 0.141139
17:57:54.354 -0.094878 0.045304 0.156398
17:57:54.385 -0.103553 0.045404 0.093374
17:57:54.431 -0.081525 0.041221 0.006263
17:57:54.465 -0.060709 0.045372 -0.083875
17:57:54.497 0.009364 0.068776 -0.104196
17:57:54.551 0.056732 0.103453 -0.064236
17:57:54.618 0.103109 0.133452 -0.039279
17:57:54.620 0.193198 0.079105 -0.069984
17:57:54.673 0.225107 0.006801 -0.097855
17:57:54.691 0.191173 -0.030754 -0.076781
17:57:54.744 0.167802 -0.053146 -0.049692
17:57:54.776 0.111569 -0.146272 0.037734
17:57:54.817 0.038837 -0.150242 0.105057
17:57:54.873 0.014340 -0.094423 0.156395
17:57:54.920 -0.006698 -0.054873 0.171641
17:57:54.950 0.002166 0.020938 0.127326
17:57:54.969 -0.009558 0.069517 0.067946
17:57:55.025 -0.000096 0.031948 0.037591
17:57:55.057 0.052040 0.014413 0.027663
17:57:55.114 0.143509 0.031799 0.047725
17:57:55.142 0.216446 0.069236 0.047249
17:57:55.172 0.235757 0.061152 0.022304
