18:04:02.264 0.155483 -0.013633 -0.007804
18:04:02.270 0.161646 -0.023231 -0.002675
18:04:02.310 0.162674 -0.025785 -0.013897
18:04:02.367 0.141006 -0.018452 -0.016532
18:04:02.398 0.120593 -0.010710 -0.010986
18:04:02.427 0.094554 0.009724 -0.013604
18:04:02.484 0.058592 0.006458 -0.010717
18:04:02.535 0.009578 0.017779 -0.019145
18:04:02.588 -0.031797 0.006897 -0.026239
18:04:02.589 -0.052254 0.005896 -0.025846
18:04:02.646 -0.065056 0.001622 -0.023667
18:04:02.675 -0.079115 0.001280 -0.008901
18:04:02.708 -0.079387 -0.001745 0.008079
18:04:02.751 -0.072372 0.007860 0.019113
18:04:02.842 -0.065394 0.016017 0.014837
18:04:02.844 -0.047935 0.029146 -0.003887
18:04:02.873 -0.028676 0.009364 -0.003059
18:04:02.928 -0.012369 0.010453 -0.015410
18:04:02.957 0.000037 -0.002892 -0.005457
18:04:02.990 0.003041 -0.007724 0.002716
18:04:03.029 0.015124 0.003576 0.010090
18:04:03.084 0.018436 0.003217 0.016594
18:04:03.142 0.016189 0.002470 0.014179
18:04:03.172 0.013750 0.000209 0.007671
18:04:03.202 0.009651 0.016335 -0.009292
