0.999247	0.027605	0.027261	-0.037851	0.847815	0.528940	-0.008511	-0.529574	0.848221
0.999255	0.027700	0.026885	-0.037737	0.847544	0.529381	-0.008123	-0.530001	0.847958
0.999273	0.027480	0.026437	-0.037320	0.847120	0.530090	-0.007828	-0.530691	0.847529
0.999292	0.026930	0.026273	-0.036769	0.846999	0.530322	-0.007972	-0.530913	0.847389
0.999317	0.026258	0.025997	-0.036048	0.847354	0.529804	-0.008117	-0.530379	0.847722
0.999339	0.025701	0.025697	-0.035406	0.848059	0.528717	-0.008203	-0.529278	0.848409
0.999346	0.025248	0.025869	-0.035100	0.848837	0.527488	-0.008641	-0.528052	0.849168
0.999337	0.025270	0.026220	-0.035293	0.849455	0.526479	-0.008968	-0.527055	0.849784
0.999317	0.025746	0.026490	-0.035838	0.849567	0.526261	-0.008956	-0.526851	0.849910
0.999305	0.026355	0.026376	-0.036296	0.849527	0.526295	-0.008537	-0.526886	0.849893
0.999304	0.026618	0.026136	-0.036387	0.849940	0.525622	-0.008223	-0.526207	0.850317
0.999303	0.027113	0.025653	-0.036547	0.850418	0.524837	-0.007586	-0.525409	0.850816
0.999310	0.027665	0.024802	-0.036569	0.850465	0.524758	-0.006576	-0.525303	0.850890
0.999336	0.027656	0.023709	-0.035987	0.850400	0.524904	-0.005645	-0.525409	0.850831
0.999312	0.029268	0.022760	-0.036861	0.850310	0.524990	-0.003988	-0.525468	0.850804
0.999275	0.031389	0.021553	-0.038033	0.850005	0.525400	-0.001829	-0.525839	0.850582
0.999228	0.033234	0.020942	-0.039281	0.849693	0.525812	-0.000319	-0.526229	0.850343
0.999190	0.034132	0.021320	-0.040243	0.849626	0.525848	-0.000165	-0.526280	0.850311
0.999168	0.034463	0.021801	-0.040778	0.849625	0.525809	-0.000402	-0.526261	0.850323
0.999156	0.034635	0.022081	-0.041071	0.849574	0.525868	-0.000546	-0.526331	0.850280
0.999154	0.034655	0.022153	-0.041126	0.849336	0.526248	-0.000578	-0.526714	0.850042
0.999148	0.034392	0.022826	-0.041258	0.849232	0.526405	-0.001281	-0.526898	0.849927
0.999143	0.034263	0.023205	-0.041348	0.849246	0.526376	-0.001672	-0.526884	0.849935
0.999141	0.034188	0.023406	-0.041389	0.849553	0.525878	-0.001906	-0.526395	0.850238
