0.999889	-0.003826	0.014374	-0.001025	0.946326	0.323211	-0.014839	-0.323190	0.946218
0.999940	-0.000552	0.010961	-0.003030	0.946039	0.324037	-0.010548	-0.324051	0.945981
0.999963	0.002177	0.008295	-0.004750	0.945911	0.324392	-0.007141	-0.324419	0.945886
0.999960	0.004713	0.007616	-0.006922	0.946295	0.323229	-0.005683	-0.323269	0.946290
0.999949	0.006763	0.007467	-0.008802	0.947067	0.320914	-0.004901	-0.320964	0.947079
0.999945	0.005812	0.008709	-0.008289	0.947625	0.319278	-0.006397	-0.319333	0.947621
0.999931	0.002681	0.011423	-0.006168	0.948262	0.317430	-0.009981	-0.317479	0.948213
0.999920	-0.000033	0.012634	-0.003957	0.948851	0.315699	-0.011998	-0.315724	0.948775
0.999919	-0.001511	0.012646	-0.002560	0.948838	0.315754	-0.012476	-0.315761	0.948757
0.999922	-0.001828	0.012361	-0.002186	0.948409	0.317041	-0.012302	-0.317044	0.948331
0.999924	-0.001675	0.012200	-0.002294	0.948031	0.318170	-0.012099	-0.318174	0.947955
0.999916	-0.000793	0.012945	-0.003377	0.947781	0.318905	-0.012522	-0.318922	0.947698
0.999913	0.000448	0.013173	-0.004630	0.947676	0.319199	-0.012341	-0.319233	0.947596
0.999908	0.001566	0.013488	-0.005795	0.947554	0.319543	-0.012280	-0.319591	0.947476
0.999909	0.002172	0.013308	-0.006316	0.947422	0.319925	-0.011914	-0.319980	0.947349
0.999913	0.002480	0.012962	-0.006507	0.947156	0.320708	-0.011482	-0.320765	0.947089
0.999922	0.002862	0.012165	-0.006635	0.946475	0.322710	-0.010590	-0.322765	0.946420
0.999934	0.003520	0.010903	-0.006879	0.945461	0.325663	-0.009162	-0.325716	0.945423
0.999937	0.004348	0.010388	-0.007516	0.944632	0.328047	-0.008386	-0.328104	0.944604
0.999935	0.004981	0.010242	-0.008076	0.944189	0.329306	-0.008031	-0.329368	0.944168
0.999935	0.005194	0.010186	-0.008261	0.944089	0.329586	-0.007904	-0.329649	0.944070
0.999936	0.004862	0.010179	-0.007945	0.944128	0.329482	-0.008008	-0.329542	0.944107
0.999939	0.004112	0.010281	-0.007274	0.944000	0.329865	-0.008349	-0.329919	0.943972
0.999940	0.003678	0.010353	-0.006894	0.943774	0.330520	-0.008555	-0.330571	0.943742
