18:25:27.020 -0.003901 0.024935 -0.023029
18:25:27.080 0.002145 0.012379 -0.012139
18:25:27.108 0.006339 0.016694 -0.015796
18:25:27.141 0.010533 0.021010 -0.019453
18:25:27.181 0.021499 0.013038 -0.031931
18:25:27.248 0.028925 0.011144 -0.028779
18:25:27.290 0.027676 0.022371 -0.026350
18:25:27.292 0.023526 0.026798 -0.017540
18:25:27.346 0.018575 0.028061 -0.019641
18:25:27.379 0.006617 0.031355 -0.022166
18:25:27.432 -0.005010 0.017298 -0.032270
18:25:27.462 -0.003761 0.006070 -0.034699
18:25:27.492 -0.008814 -0.020403 -0.006022
18:25:27.549 -0.017673 0.002840 -0.000226
18:25:27.579 -0.020427 -0.006849 0.025861
18:25:27.623 -0.023732 0.005146 0.029967
18:25:27.653 -0.015535 0.012264 0.018561
18:25:27.700 -0.003078 0.010617 0.002741
18:25:27.734 0.003783 0.011475 -0.016542
18:25:27.774 0.012568 -0.005983 -0.011424
18:25:27.854 0.018069 0.014779 -0.011906
18:25:27.857 0.001065 -0.001106 0.004089
18:25:27.913 -0.004642 0.005736 -0.003770
18:25:27.941 -0.007610 0.007675 -0.017401
18:25:27.975 0.000389 0.005983 -0.022742
