0.999525	-0.014502	0.027210	0.003679	0.932278	0.361724	-0.030613	-0.361452	0.931888
0.999506	-0.015163	0.027513	0.004209	0.932548	0.361021	-0.031131	-0.360727	0.932152
0.999495	-0.015661	0.027652	0.004656	0.932916	0.360064	-0.031436	-0.359754	0.932518
0.999488	-0.015753	0.027835	0.004718	0.933392	0.358828	-0.031634	-0.358513	0.932989
0.999481	-0.015620	0.028167	0.004515	0.933845	0.357651	-0.031890	-0.357338	0.933431
0.999487	-0.015470	0.028050	0.004443	0.934147	0.356860	-0.031724	-0.356552	0.933737
0.999485	-0.015377	0.028164	0.004329	0.934294	0.356477	-0.031795	-0.356171	0.933880
0.999481	-0.015339	0.028318	0.004238	0.934298	0.356468	-0.031925	-0.356163	0.933878
0.999474	-0.015441	0.028524	0.004254	0.934219	0.356675	-0.032155	-0.356366	0.933793
0.999469	-0.015667	0.028585	0.004442	0.934197	0.356731	-0.032293	-0.356414	0.933770
0.999469	-0.016190	0.028269	0.005032	0.934064	0.357071	-0.032186	-0.356739	0.933649
0.999457	-0.016804	0.028343	0.005570	0.933965	0.357321	-0.032476	-0.356969	0.933551
0.999451	-0.017477	0.028165	0.006256	0.933891	0.357502	-0.032551	-0.357129	0.933488
0.999459	-0.018036	0.027503	0.007004	0.933766	0.357816	-0.032134	-0.357429	0.933387
0.999464	-0.018752	0.026833	0.007892	0.933523	0.358429	-0.031770	-0.358025	0.933171
0.999459	-0.019431	0.026527	0.008611	0.933240	0.359150	-0.031735	-0.358728	0.932903
0.999459	-0.019700	0.026327	0.008911	0.932973	0.359837	-0.031651	-0.359408	0.932644
0.999464	-0.019603	0.026227	0.008839	0.932768	0.360369	-0.031528	-0.359944	0.932441
0.999472	-0.019307	0.026119	0.008591	0.932666	0.360639	-0.031323	-0.360224	0.932340
0.999483	-0.019152	0.025810	0.008551	0.932587	0.360844	-0.030981	-0.360437	0.932269
0.999485	-0.019426	0.025528	0.008898	0.932444	0.361204	-0.030821	-0.360791	0.932137
0.999483	-0.019946	0.025228	0.009477	0.932276	0.361623	-0.030733	-0.361197	0.931983
0.999478	-0.020387	0.025047	0.009942	0.932129	0.361991	-0.030727	-0.361553	0.931845
0.999490	-0.020081	0.024829	0.009717	0.931913	0.362552	-0.030419	-0.362126	0.931633
0.999522	-0.018879	0.024463	0.008730	0.931936	0.362518	-0.029642	-0.362131	0.931656
