0.999308	0.002904	0.037092	-0.014423	0.949230	0.314253	-0.034296	-0.314571	0.948614
0.999309	0.003368	0.037017	-0.014867	0.948969	0.315019	-0.034067	-0.315351	0.948363
0.999319	0.003540	0.036736	-0.014966	0.948744	0.315692	-0.033736	-0.316026	0.948150
0.999320	0.003327	0.036724	-0.014798	0.948389	0.316763	-0.033775	-0.317091	0.947794
0.999308	0.002929	0.037077	-0.014568	0.948064	0.317747	-0.034221	-0.318067	0.947450
0.999325	0.002686	0.036636	-0.014213	0.947914	0.318209	-0.033874	-0.318515	0.947312
0.999316	0.002842	0.036871	-0.014410	0.948159	0.317470	-0.034058	-0.317784	0.947551
0.999313	0.003421	0.036897	-0.014914	0.948646	0.315989	-0.033922	-0.316322	0.948045
0.999317	0.003864	0.036764	-0.015267	0.948888	0.315242	-0.033667	-0.315588	0.948299
0.999314	0.003944	0.036832	-0.015356	0.948960	0.315021	-0.033709	-0.315371	0.948370
0.999302	0.004485	0.037089	-0.015958	0.948886	0.315216	-0.033780	-0.315588	0.948295
0.999290	0.005312	0.037292	-0.016807	0.948870	0.315221	-0.033711	-0.315624	0.948285
0.999291	0.005783	0.037205	-0.017220	0.948930	0.315017	-0.033483	-0.315434	0.948357
0.999278	0.005717	0.037553	-0.017249	0.949101	0.314500	-0.033844	-0.314920	0.948515
0.999274	0.005301	0.037729	-0.016898	0.949210	0.314189	-0.034147	-0.314598	0.948611
0.999278	0.005220	0.037639	-0.016797	0.949166	0.314326	-0.034085	-0.314732	0.948568
0.999281	0.005164	0.037550	-0.016735	0.948997	0.314841	-0.034009	-0.315243	0.948401
0.999283	0.005068	0.037522	-0.016658	0.948785	0.315483	-0.034002	-0.315881	0.948189
0.999273	0.005200	0.037760	-0.016875	0.948621	0.315965	-0.034177	-0.316373	0.948019
0.999266	0.005386	0.037919	-0.017104	0.948610	0.315984	-0.034268	-0.316400	0.948007
0.999246	0.004554	0.038559	-0.016483	0.948917	0.315096	-0.035154	-0.315494	0.948276
0.999213	0.003000	0.039544	-0.015282	0.949258	0.314125	-0.036595	-0.314483	0.948558
0.999168	0.000597	0.040779	-0.013320	0.949838	0.312457	-0.038547	-0.312741	0.949056
0.999108	-0.001579	0.042210	-0.011611	0.950541	0.310381	-0.040612	-0.310594	0.949675
0.999044	-0.002547	0.043652	-0.011083	0.950956	0.309129	-0.042299	-0.309317	0.950018
