0.894711	0.338086	0.291874	-0.256156	0.923737	-0.284772	-0.365892	0.180023	0.913080
0.894843	0.337561	0.292077	-0.255499	0.923862	-0.284954	-0.366028	0.180363	0.912958
0.894817	0.337749	0.291939	-0.255457	0.923670	-0.285614	-0.366121	0.180995	0.912796
0.895087	0.337705	0.291161	-0.255323	0.923516	-0.286231	-0.365553	0.181862	0.912851
0.895248	0.338048	0.290267	-0.255676	0.923275	-0.286693	-0.364912	0.182447	0.912991
0.895087	0.338718	0.289980	-0.256274	0.922990	-0.287076	-0.364887	0.182644	0.912962
0.894863	0.339816	0.289389	-0.257456	0.922606	-0.287254	-0.364605	0.182548	0.913093
0.894605	0.341305	0.288432	-0.259160	0.922107	-0.287323	-0.364030	0.182291	0.913374
0.894653	0.342189	0.287233	-0.260337	0.921790	-0.287277	-0.363071	0.182236	0.913767
0.894623	0.342757	0.286650	-0.261036	0.921588	-0.287290	-0.362644	0.182190	0.913946
0.894562	0.342957	0.286600	-0.261217	0.921509	-0.287380	-0.362663	0.182215	0.913933
0.894734	0.342479	0.286636	-0.260868	0.921726	-0.287000	-0.362491	0.182015	0.914041
0.894945	0.341555	0.287078	-0.260104	0.922160	-0.286298	-0.362518	0.181551	0.914123
0.895229	0.340618	0.287305	-0.259305	0.922551	-0.285762	-0.362390	0.181323	0.914219
0.895428	0.340242	0.287129	-0.259156	0.922752	-0.285249	-0.362002	0.181009	0.914434
0.895866	0.339584	0.286544	-0.258851	0.923036	-0.284606	-0.361138	0.180796	0.914818
0.896201	0.338634	0.286618	-0.257923	0.923347	-0.284439	-0.360969	0.180989	0.914847
0.896220	0.338614	0.286584	-0.257840	0.923316	-0.284616	-0.360982	0.181186	0.914802
0.896072	0.339736	0.285715	-0.259235	0.922973	-0.284460	-0.360349	0.180830	0.915122
0.895202	0.342209	0.285494	-0.261259	0.921957	-0.285900	-0.361051	0.181350	0.914743
0.894346	0.344999	0.284818	-0.262814	0.920365	-0.289582	-0.362042	0.184132	0.913795
0.893523	0.346971	0.285004	-0.263756	0.919260	-0.292222	-0.363386	0.185936	0.912896
0.893148	0.348140	0.284756	-0.264360	0.918566	-0.293855	-0.363870	0.187178	0.912449
0.893248	0.348257	0.284298	-0.264139	0.918277	-0.294953	-0.363784	0.188372	0.912237
0.893596	0.347529	0.284095	-0.263075	0.918293	-0.295853	-0.363700	0.189634	0.912009
