0.946563	0.063409	0.316225	0.020550	0.966633	-0.255340	-0.321864	0.248194	0.913676
0.946457	0.063185	0.316587	0.020986	0.966544	-0.255642	-0.322147	0.248598	0.913466
0.946291	0.062529	0.317211	0.021852	0.966507	-0.255707	-0.322576	0.248905	0.913231
0.946243	0.062189	0.317423	0.022043	0.966664	-0.255100	-0.322706	0.248383	0.913327
0.946348	0.062001	0.317145	0.021821	0.966920	-0.254146	-0.322411	0.247431	0.913690
0.946352	0.061405	0.317250	0.022132	0.967156	-0.253218	-0.322379	0.246655	0.913911
0.946191	0.060890	0.317828	0.022633	0.967282	-0.252693	-0.322815	0.246290	0.913855
0.946258	0.061063	0.317595	0.022177	0.967451	-0.252084	-0.322651	0.245579	0.914105
0.946400	0.061957	0.316999	0.020983	0.967563	-0.251755	-0.322314	0.244913	0.914402
0.946606	0.062837	0.316209	0.019822	0.967622	-0.251624	-0.321782	0.244457	0.914712
0.946411	0.063755	0.316609	0.019077	0.967575	-0.251864	-0.322400	0.244407	0.914507
0.946479	0.064077	0.316341	0.018772	0.967508	-0.252142	-0.322219	0.244586	0.914523
0.946491	0.063427	0.316437	0.019505	0.967462	-0.252262	-0.322141	0.244936	0.914457
0.946499	0.062716	0.316554	0.020333	0.967394	-0.252459	-0.322065	0.245389	0.914362
0.946493	0.062335	0.316646	0.020594	0.967502	-0.252022	-0.322065	0.245058	0.914451
0.946578	0.062719	0.316316	0.020003	0.967595	-0.251714	-0.321853	0.244594	0.914650
0.946610	0.062757	0.316214	0.019995	0.967552	-0.251881	-0.321760	0.244756	0.914639
0.946564	0.062289	0.316443	0.020579	0.967507	-0.252004	-0.321858	0.245050	0.914526
0.946626	0.061801	0.316353	0.020921	0.967598	-0.251627	-0.321653	0.244815	0.914661
0.946661	0.061919	0.316226	0.020645	0.967694	-0.251283	-0.321568	0.244408	0.914800
0.946636	0.062433	0.316200	0.020075	0.967733	-0.251178	-0.321678	0.244122	0.914837
0.946456	0.062781	0.316670	0.019794	0.967778	-0.251026	-0.322226	0.243853	0.914716
0.946262	0.063300	0.317146	0.019387	0.967791	-0.251008	-0.322820	0.243668	0.914556
0.946064	0.063881	0.317620	0.018979	0.967757	-0.251168	-0.323424	0.243649	0.914348
