0.947953	0.112355	0.297929	-0.026998	0.960667	-0.276386	-0.317264	0.253957	0.913701
0.948058	0.113077	0.297319	-0.026979	0.959899	-0.279044	-0.316950	0.256528	0.913091
0.948324	0.114463	0.295938	-0.027903	0.959137	-0.281562	-0.316074	0.258754	0.912767
0.948381	0.114503	0.295740	-0.027785	0.958958	-0.282183	-0.315913	0.259400	0.912639
0.948205	0.113138	0.296828	-0.026440	0.959291	-0.281178	-0.316557	0.258767	0.912596
0.947970	0.111834	0.298072	-0.025145	0.959647	-0.280080	-0.317366	0.258012	0.912529
0.947933	0.111498	0.298315	-0.024944	0.959827	-0.279482	-0.317493	0.257489	0.912632
0.948096	0.111462	0.297809	-0.025161	0.959913	-0.279167	-0.316987	0.257184	0.912894
0.948178	0.110719	0.297824	-0.024740	0.960203	-0.278204	-0.316774	0.256419	0.913183
0.948492	0.110057	0.297068	-0.024578	0.960453	-0.277354	-0.315845	0.255767	0.913688
0.948656	0.110405	0.296415	-0.025251	0.960549	-0.276962	-0.315299	0.255257	0.914019
0.948856	0.111020	0.295545	-0.026244	0.960628	-0.276597	-0.314617	0.254694	0.914411
0.948840	0.111702	0.295340	-0.027115	0.960706	-0.276240	-0.314591	0.254099	0.914585
0.948587	0.112073	0.296011	-0.027417	0.960794	-0.275905	-0.315327	0.253604	0.914469
0.948491	0.112148	0.296290	-0.027579	0.960925	-0.275431	-0.315601	0.253072	0.914522
0.948457	0.112071	0.296429	-0.027641	0.961072	-0.274911	-0.315699	0.252548	0.914633
0.948413	0.111593	0.296750	-0.027492	0.961427	-0.273681	-0.315844	0.251405	0.914898
0.948324	0.110867	0.297306	-0.027098	0.961847	-0.272243	-0.316145	0.250118	0.915146
0.948188	0.110573	0.297847	-0.026919	0.962072	-0.271463	-0.316567	0.249381	0.915202
0.948119	0.110550	0.298076	-0.027022	0.962224	-0.270916	-0.316765	0.248806	0.915290
0.948128	0.110423	0.298093	-0.027236	0.962499	-0.269914	-0.316719	0.247794	0.915580
0.948182	0.110613	0.297851	-0.027572	0.962552	-0.269691	-0.316528	0.247503	0.915725
0.948340	0.111187	0.297134	-0.028270	0.962466	-0.269925	-0.315993	0.247581	0.915889
0.948370	0.112444	0.296565	-0.029529	0.962288	-0.270425	-0.315789	0.247706	0.915925
0.948085	0.113328	0.297139	-0.030088	0.962123	-0.270951	-0.316590	0.247944	0.915584
