0.945007	0.073316	0.318726	0.030878	0.950195	-0.310123	-0.325589	0.302910	0.895677
0.945124	0.072636	0.318535	0.031360	0.950302	-0.309747	-0.325203	0.302739	0.895875
0.945136	0.072628	0.318501	0.031084	0.950555	-0.308996	-0.325194	0.301944	0.896147
0.945134	0.072743	0.318481	0.030519	0.950969	-0.307777	-0.325254	0.300610	0.896573
0.945091	0.072735	0.318610	0.030200	0.951309	-0.306756	-0.325409	0.299534	0.896877
0.945123	0.072631	0.318538	0.030074	0.951497	-0.306184	-0.325327	0.298961	0.897098
0.945259	0.072725	0.318113	0.029767	0.951568	-0.305995	-0.324959	0.298714	0.897313
0.945241	0.073097	0.318083	0.029375	0.951587	-0.305973	-0.325050	0.298562	0.897331
0.945183	0.073118	0.318251	0.029635	0.951379	-0.306594	-0.325195	0.299219	0.897060
0.945129	0.073382	0.318351	0.029609	0.951197	-0.307161	-0.325354	0.299732	0.896831
0.945106	0.073623	0.318361	0.029664	0.950934	-0.307969	-0.325414	0.300507	0.896549
0.944925	0.073408	0.318948	0.030310	0.950706	-0.308607	-0.325880	0.301278	0.896122
0.944742	0.073134	0.319553	0.031050	0.950450	-0.309321	-0.326341	0.302151	0.895660
0.944441	0.073132	0.320443	0.031906	0.949929	-0.310832	-0.327129	0.303786	0.894818
0.944243	0.072850	0.321090	0.032713	0.949632	-0.311656	-0.327621	0.304782	0.894300
0.943874	0.072092	0.322343	0.034342	0.949183	-0.312844	-0.328516	0.306355	0.893434
0.943341	0.071515	0.324028	0.035560	0.949089	-0.312996	-0.329915	0.306784	0.892771
0.943108	0.071891	0.324622	0.035283	0.949192	-0.312714	-0.330609	0.306377	0.892654
0.943102	0.073673	0.324239	0.033286	0.949327	-0.312521	-0.330833	0.305532	0.892860
0.943205	0.075342	0.323556	0.031211	0.949539	-0.312091	-0.330743	0.304464	0.893258
0.943426	0.075655	0.322836	0.030105	0.950058	-0.310618	-0.330213	0.302764	0.894032
0.943277	0.075445	0.323322	0.029964	0.950520	-0.309216	-0.330653	0.301364	0.894342
0.943427	0.074668	0.323063	0.030059	0.951044	-0.307590	-0.330214	0.299900	0.894997
0.943544	0.074101	0.322852	0.029971	0.951561	-0.305994	-0.329888	0.298395	0.895619
0.943603	0.073597	0.322795	0.029838	0.952108	-0.304303	-0.329731	0.296773	0.896216
0.943599	0.073129	0.322913	0.029799	0.952587	-0.302804	-0.329747	0.295348	0.896681
