0.946548	0.075812	0.313529	0.022000	0.954552	-0.297232	-0.321813	0.288242	0.901861
0.946488	0.075798	0.313711	0.021837	0.954761	-0.296572	-0.321998	0.287553	0.902015
0.946120	0.075750	0.314830	0.022031	0.954942	-0.295973	-0.323065	0.286962	0.901821
0.945746	0.075245	0.316074	0.022751	0.955088	-0.295446	-0.324109	0.286608	0.901559
0.945388	0.075440	0.317097	0.022943	0.955033	-0.295611	-0.325139	0.286742	0.901146
0.945160	0.075599	0.317738	0.023280	0.954774	-0.296418	-0.325777	0.287559	0.900655
0.945071	0.075812	0.317952	0.023526	0.954432	-0.297501	-0.326018	0.288640	0.900222
0.945096	0.075883	0.317861	0.023652	0.954232	-0.298131	-0.325936	0.289281	0.900046
0.945207	0.075792	0.317551	0.023790	0.954103	-0.298534	-0.325603	0.289731	0.900022
0.945109	0.075147	0.317997	0.024523	0.954138	-0.298362	-0.325834	0.289783	0.899921
0.944932	0.074222	0.318740	0.025705	0.954102	-0.298377	-0.326257	0.290139	0.899653
0.944911	0.073461	0.318979	0.026327	0.954277	-0.297761	-0.326268	0.289756	0.899773
0.945330	0.073687	0.317680	0.025227	0.954696	-0.296513	-0.325137	0.288317	0.900644
0.946125	0.075321	0.314919	0.022325	0.955081	-0.295504	-0.323030	0.286615	0.901944
0.946538	0.076409	0.313411	0.020451	0.955376	-0.294683	-0.321942	0.285339	0.902737
0.946648	0.076302	0.313106	0.020377	0.955452	-0.294443	-0.321624	0.285114	0.902922
0.946768	0.076099	0.312792	0.020639	0.955309	-0.294887	-0.321254	0.285646	0.902886
0.946766	0.076497	0.312701	0.020299	0.955238	-0.295142	-0.321281	0.285778	0.902834
0.946814	0.076911	0.312453	0.019836	0.955218	-0.295237	-0.321168	0.285733	0.902889
0.946834	0.076967	0.312380	0.019842	0.955144	-0.295477	-0.321110	0.285966	0.902835
0.946742	0.076902	0.312675	0.019950	0.955186	-0.295332	-0.321374	0.285841	0.902781
0.946677	0.076676	0.312927	0.020120	0.955304	-0.294941	-0.321555	0.285510	0.902821
0.946585	0.076304	0.313296	0.020518	0.955377	-0.294677	-0.321801	0.285365	0.902779
0.946808	0.075767	0.312752	0.020827	0.955422	-0.294508	-0.321124	0.285356	0.903023
