0.935970	0.103178	0.336621	-0.009730	0.963311	-0.268211	-0.351944	0.247763	0.902635
0.936035	0.103249	0.336420	-0.010150	0.963514	-0.267466	-0.351760	0.246943	0.902931
0.936222	0.103314	0.335879	-0.010381	0.963520	-0.267435	-0.351256	0.246892	0.903141
0.936399	0.103507	0.335326	-0.010610	0.963428	-0.267757	-0.350777	0.247169	0.903251
0.936423	0.103875	0.335144	-0.010678	0.963168	-0.268690	-0.350710	0.248029	0.903042
0.936553	0.104217	0.334675	-0.010897	0.962974	-0.269374	-0.350357	0.248636	0.903012
0.936489	0.103975	0.334930	-0.010462	0.962897	-0.269666	-0.350542	0.249035	0.902830
0.936128	0.103302	0.336144	-0.009009	0.962612	-0.270735	-0.351543	0.250414	0.902059
0.936002	0.102271	0.336809	-0.007460	0.962409	-0.271501	-0.351915	0.251613	0.901580
0.935911	0.101460	0.337308	-0.006209	0.962220	-0.272202	-0.352182	0.252662	0.901182
0.935957	0.101249	0.337243	-0.006122	0.962302	-0.271916	-0.352061	0.252437	0.901293
0.936043	0.101498	0.336931	-0.006724	0.962483	-0.271259	-0.351823	0.251645	0.901607
0.935981	0.101556	0.337084	-0.006777	0.962508	-0.271167	-0.351985	0.251523	0.901578
0.936014	0.101424	0.337033	-0.006768	0.962589	-0.270880	-0.351898	0.251266	0.901684
0.936142	0.101728	0.336585	-0.007345	0.962684	-0.270528	-0.351545	0.250780	0.901956
0.936480	0.102061	0.335542	-0.008094	0.962757	-0.270248	-0.350627	0.250366	0.902429
0.936656	0.101991	0.335072	-0.008163	0.962761	-0.270232	-0.350156	0.250379	0.902608
0.936847	0.101992	0.334538	-0.008396	0.962817	-0.270026	-0.349640	0.250164	0.902868
0.937066	0.101956	0.333935	-0.008668	0.962914	-0.269669	-0.349045	0.249803	0.903198
0.937133	0.101449	0.333900	-0.008359	0.963063	-0.269148	-0.348871	0.249436	0.903366
0.937145	0.100603	0.334122	-0.007666	0.963242	-0.268527	-0.348855	0.249088	0.903469
0.937235	0.100286	0.333965	-0.007816	0.963551	-0.267409	-0.348610	0.248015	0.903858
0.937283	0.100249	0.333843	-0.008427	0.963987	-0.265815	-0.348469	0.246331	0.904373
0.937197	0.099740	0.334237	-0.008348	0.964384	-0.264374	-0.348701	0.244981	0.904650
