0.949300	0.065346	0.307506	0.028955	0.955826	-0.292503	-0.313036	0.286577	0.905474
0.949315	0.066000	0.307320	0.028354	0.955741	-0.292840	-0.313046	0.286711	0.905428
0.949474	0.066381	0.306744	0.027932	0.955624	-0.293262	-0.312599	0.287013	0.905486
0.949604	0.066801	0.306252	0.027637	0.955380	-0.294084	-0.312232	0.287727	0.905386
0.949639	0.067570	0.305973	0.026946	0.955246	-0.294583	-0.312184	0.287992	0.905318
0.949604	0.069521	0.305646	0.025346	0.954871	-0.295938	-0.312426	0.288771	0.904987
0.949564	0.071699	0.305266	0.023806	0.954216	-0.298169	-0.312668	0.290398	0.904383
0.949608	0.073654	0.304664	0.022279	0.953680	-0.299996	-0.312648	0.291667	0.903981
0.949474	0.075034	0.304745	0.021526	0.953145	-0.301748	-0.313107	0.293062	0.903371
0.949263	0.075782	0.305216	0.021352	0.952761	-0.302968	-0.313757	0.294114	0.902803
0.949172	0.076940	0.305208	0.020300	0.952681	-0.303293	-0.314101	0.294073	0.902697
0.949176	0.076909	0.305206	0.020257	0.952750	-0.303080	-0.314094	0.293859	0.902769
0.949209	0.076211	0.305277	0.020922	0.952788	-0.302914	-0.313950	0.293915	0.902801
0.949219	0.075337	0.305463	0.021773	0.952849	-0.302662	-0.313862	0.293943	0.902822
0.949213	0.074561	0.305672	0.022382	0.953052	-0.301978	-0.313838	0.293483	0.902981
0.949288	0.074588	0.305434	0.021921	0.953388	-0.300950	-0.313644	0.292383	0.903404
0.949336	0.074163	0.305387	0.021979	0.953707	-0.299932	-0.313494	0.291449	0.903759
0.949226	0.073036	0.305999	0.023007	0.953957	-0.299059	-0.313752	0.290915	0.903841
0.948944	0.072250	0.307059	0.023845	0.954202	-0.298210	-0.314542	0.290306	0.903762
0.949001	0.071684	0.307014	0.024072	0.954489	-0.297272	-0.314351	0.289502	0.904086
0.948768	0.071617	0.307749	0.024155	0.954686	-0.296634	-0.315048	0.288871	0.904046
0.948549	0.071560	0.308439	0.024171	0.954918	-0.295883	-0.315707	0.288115	0.904057
0.948541	0.071045	0.308581	0.024326	0.955277	-0.294710	-0.315718	0.287052	0.904391
0.948571	0.070181	0.308687	0.024927	0.955530	-0.293840	-0.315581	0.286423	0.904638
0.948460	0.068881	0.309319	0.026261	0.955649	-0.293334	-0.315806	0.286339	0.904586
