0.928230	0.216202	0.302731	-0.127703	0.949515	-0.286556	-0.349401	0.227330	0.908977
0.928269	0.216076	0.302700	-0.127694	0.949603	-0.286265	-0.349300	0.227078	0.909079
0.928389	0.215951	0.302422	-0.127821	0.949731	-0.285783	-0.348935	0.226662	0.909323
0.928557	0.215706	0.302081	-0.127608	0.949721	-0.285914	-0.348566	0.226939	0.909396
0.928580	0.215519	0.302144	-0.127310	0.949689	-0.286152	-0.348614	0.227249	0.909300
0.928558	0.215419	0.302282	-0.127202	0.949727	-0.286073	-0.348711	0.227184	0.909279
0.928626	0.215618	0.301933	-0.127607	0.949761	-0.285782	-0.348383	0.226856	0.909486
0.928586	0.215568	0.302089	-0.127629	0.949847	-0.285485	-0.348479	0.226542	0.909528
0.928582	0.215239	0.302337	-0.127304	0.949949	-0.285291	-0.348611	0.226427	0.909506
0.928506	0.215391	0.302462	-0.127505	0.949983	-0.285089	-0.348739	0.226141	0.909528
0.928355	0.215405	0.302916	-0.127401	0.949994	-0.285098	-0.349180	0.226081	0.909374
0.928251	0.214946	0.303559	-0.126882	0.950153	-0.284800	-0.349644	0.225850	0.909253
0.928129	0.214822	0.304020	-0.126799	0.950289	-0.284380	-0.349998	0.225392	0.909230
0.928045	0.215034	0.304126	-0.127000	0.950271	-0.284354	-0.350148	0.225269	0.909203
0.928002	0.215191	0.304146	-0.127059	0.950187	-0.284605	-0.350240	0.225470	0.909118
0.927964	0.215499	0.304045	-0.127356	0.950114	-0.284718	-0.350234	0.225486	0.909116
0.927921	0.215658	0.304063	-0.127515	0.950093	-0.284715	-0.350289	0.225420	0.909111
0.927831	0.216004	0.304092	-0.127683	0.949932	-0.285177	-0.350466	0.225769	0.908956
0.927575	0.216381	0.304604	-0.127727	0.949761	-0.285727	-0.351127	0.226127	0.908612
0.927008	0.215994	0.306598	-0.126745	0.949833	-0.285926	-0.352975	0.226196	0.907879
0.926621	0.213632	0.309411	-0.123636	0.950267	-0.285845	-0.355089	0.226616	0.906949
0.926700	0.212560	0.309913	-0.121914	0.950109	-0.287105	-0.355478	0.228277	0.906380
0.926909	0.212367	0.309418	-0.121676	0.950011	-0.287532	-0.355013	0.228867	0.906414
0.926956	0.212178	0.309409	-0.121568	0.950089	-0.287320	-0.354929	0.228719	0.906484
0.926826	0.212402	0.309643	-0.122194	0.950360	-0.286155	-0.355052	0.227380	0.906773
