0.943976	0.145380	0.296268	-0.065531	0.962438	-0.263476	-0.323443	0.229300	0.918045
0.943778	0.145029	0.297069	-0.064779	0.962341	-0.264014	-0.324171	0.229927	0.917631
0.943754	0.145400	0.296964	-0.065171	0.962305	-0.264050	-0.324163	0.229844	0.917655
0.943782	0.145401	0.296873	-0.065354	0.962415	-0.263601	-0.324043	0.229380	0.917813
0.943829	0.144957	0.296941	-0.065076	0.962583	-0.263056	-0.323963	0.228956	0.917947
0.943702	0.145095	0.297279	-0.065257	0.962669	-0.262699	-0.324297	0.228509	0.917940
0.943645	0.145625	0.297200	-0.065808	0.962623	-0.262729	-0.324351	0.228364	0.917958
0.943426	0.146151	0.297636	-0.066094	0.962495	-0.263126	-0.324929	0.228568	0.917702
0.943181	0.146377	0.298301	-0.066009	0.962388	-0.263538	-0.325657	0.228873	0.917368
0.943220	0.146158	0.298286	-0.065850	0.962446	-0.263367	-0.325577	0.228771	0.917422
0.943524	0.145673	0.297560	-0.065619	0.962523	-0.263142	-0.324741	0.228755	0.917722
0.943992	0.144894	0.296455	-0.065467	0.962813	-0.262117	-0.323410	0.228028	0.918373
0.944234	0.144099	0.296069	-0.064809	0.962900	-0.261961	-0.322833	0.228165	0.918542
0.944438	0.143791	0.295568	-0.064768	0.963016	-0.261543	-0.322244	0.227868	0.918823
0.944479	0.143812	0.295427	-0.064477	0.962765	-0.262537	-0.322183	0.228913	0.918584
0.944567	0.143626	0.295236	-0.063997	0.962534	-0.263500	-0.322020	0.229999	0.918370
0.944517	0.143999	0.295213	-0.063986	0.962223	-0.264636	-0.322169	0.231064	0.918051
0.944426	0.144855	0.295087	-0.064494	0.961878	-0.265764	-0.322335	0.231963	0.917765
0.944365	0.145548	0.294943	-0.065067	0.961706	-0.266246	-0.322400	0.232242	0.917672
0.944276	0.146274	0.294866	-0.065603	0.961494	-0.266881	-0.322550	0.232666	0.917512
0.944108	0.146930	0.295079	-0.066129	0.961389	-0.267128	-0.322935	0.232684	0.917372
0.944079	0.147498	0.294887	-0.066690	0.961297	-0.267320	-0.322903	0.232705	0.917378
0.944057	0.147570	0.294922	-0.066894	0.961394	-0.266922	-0.322925	0.232261	0.917482
0.944235	0.146791	0.294740	-0.066268	0.961532	-0.266578	-0.322534	0.232180	0.917641
0.944303	0.146040	0.294896	-0.065376	0.961525	-0.266827	-0.322517	0.232686	0.917518
0.944266	0.145524	0.295268	-0.064674	0.961508	-0.267057	-0.322766	0.233077	0.917331
