0.501329	0.865089	0.017059	-0.850100	0.496125	-0.176606	-0.161244	0.074036	0.984134
0.501419	0.865034	0.017193	-0.850015	0.496226	-0.176731	-0.161410	0.074002	0.984109
0.501159	0.865183	0.017271	-0.850087	0.495951	-0.177156	-0.161838	0.074102	0.984031
0.500522	0.865553	0.017192	-0.850458	0.495312	-0.177164	-0.161861	0.074053	0.984031
0.500067	0.865818	0.017095	-0.850734	0.494852	-0.177128	-0.161820	0.074032	0.984039
0.499808	0.865972	0.016886	-0.850880	0.494554	-0.177257	-0.161851	0.074226	0.984020
0.499708	0.866038	0.016453	-0.850922	0.494360	-0.177594	-0.161936	0.074745	0.983966
0.499739	0.866023	0.016270	-0.850884	0.494344	-0.177824	-0.162043	0.075022	0.983928
0.499661	0.866072	0.016041	-0.850920	0.494216	-0.178003	-0.162092	0.075291	0.983899
0.499370	0.866241	0.016013	-0.851090	0.493926	-0.177996	-0.162097	0.075257	0.983901
0.499044	0.866426	0.016165	-0.851270	0.493634	-0.177947	-0.162158	0.075043	0.983907
0.498588	0.866690	0.016067	-0.851545	0.493173	-0.177910	-0.162117	0.075022	0.983916
0.498243	0.866884	0.016305	-0.851714	0.492871	-0.177936	-0.162286	0.074768	0.983907
0.498160	0.866929	0.016468	-0.851812	0.492846	-0.177537	-0.162029	0.074414	0.983976
0.498036	0.866999	0.016515	-0.851921	0.492752	-0.177276	-0.161836	0.074220	0.984023
0.498085	0.866976	0.016243	-0.851877	0.492736	-0.177527	-0.161915	0.074586	0.983982
0.498174	0.866933	0.015800	-0.851898	0.492766	-0.177346	-0.161533	0.074889	0.984022
0.498099	0.866986	0.015287	-0.852023	0.492626	-0.177134	-0.161103	0.075205	0.984068
0.497794	0.867164	0.015068	-0.852316	0.492338	-0.176526	-0.160495	0.075031	0.984181
0.497555	0.867306	0.014774	-0.852500	0.492066	-0.176390	-0.160254	0.075169	0.984210
0.497459	0.867369	0.014347	-0.852602	0.491907	-0.176346	-0.160015	0.075493	0.984224
0.497643	0.867262	0.014443	-0.852714	0.492209	-0.174955	-0.158841	0.074749	0.984471
0.497673	0.867250	0.014085	-0.852942	0.492282	-0.173635	-0.157518	0.074400	0.984709
0.497231	0.867505	0.014008	-0.853418	0.491938	-0.172266	-0.156333	0.073701	0.984951
0.496114	0.868155	0.013349	-0.854242	0.490799	-0.171425	-0.155375	0.073643	0.985107
