0.000244	0.004401	0.002282
0.000505	0.004242	0.003360
-0.000052	-0.001221	0.004380
0.000656	0.000140	0.002684
-0.000116	-0.000679	0.001901
-0.000519	-0.001847	0.004094
-0.001260	-0.000309	0.002907
-0.002002	0.001229	0.001721
-0.001101	0.001953	0.000191
-0.002287	0.000641	0.002281
-0.001339	0.000790	0.002941
-0.001441	-0.001134	0.001199
0.000012	-0.003700	0.000363
0.000529	0.000257	0.002196
-0.000154	0.005776	0.003439
-0.000174	0.003903	0.002985
-0.000896	-0.000238	0.002433
-0.001648	-0.003058	0.000123
-0.001014	-0.002103	0.001668
-0.000553	-0.001099	0.002343
-0.000920	0.000621	0.000003
-0.000610	0.000225	0.000011
0.000356	-0.002028	0.002690
0.000215	-0.000450	0.001524
0.000819	0.000834	0.001918
