-0.001017	0.003939	0.001756
0.001105	0.001122	0.001525
-0.001345	0.001906	-0.000275
-0.000621	-0.004042	0.001477
-0.000226	-0.003109	0.001555
-0.000757	-0.000924	0.004764
-0.002199	0.002106	0.000458
0.000176	0.006352	-0.000946
0.000822	0.002649	0.001319
0.000552	-0.005066	0.002337
0.001852	-0.004441	0.002540
-0.000472	0.003537	0.004550
-0.000060	0.000593	-0.000459
0.001735	0.003864	-0.003214
-0.000483	0.002431	0.001693
-0.000879	0.001779	0.002537
-0.000108	-0.003386	-0.000401
0.001130	-0.006822	-0.002295
-0.002858	0.001351	0.002704
0.001429	0.002801	-0.003079
0.002624	-0.000741	0.002900
-0.002257	0.002141	0.000999
-0.001343	-0.002244	0.002634
0.000348	-0.007839	-0.000071
-0.000501	-0.002321	-0.000650
0.000166	0.005292	0.003681
