0.000530	-0.002334	-0.000190
0.001064	0.002576	0.001918
0.002232	0.004297	0.003771
0.001386	0.004002	0.000725
0.000045	0.001847	0.000212
-0.000146	-0.001294	0.000574
0.000685	-0.005445	-0.003062
-0.003752	-0.000942	0.003726
-0.003539	-0.002703	0.005033
-0.001222	0.000463	0.003698
0.000358	-0.000519	0.002130
0.000096	-0.004852	0.003139
-0.000474	-0.002944	0.002472
-0.000222	0.001838	0.001247
0.000805	0.002554	0.000149
-0.000898	-0.001027	0.003204
0.000356	-0.000102	0.001819
0.000330	0.000470	0.000353
-0.000717	-0.001993	0.000138
0.000635	-0.001576	-0.003375
0.001155	0.000124	0.000646
-0.000212	0.005139	0.002306
0.000034	0.000871	0.002256
-0.000166	-0.005395	0.001226
-0.002224	-0.004093	0.002682
-0.001489	0.000912	0.002533
