0.000303	0.001059	0.002247
-0.000343	0.000299	0.003547
0.000580	0.000591	0.000734
-0.000013	0.001507	0.001329
-0.000728	-0.000897	0.001695
0.000657	-0.003732	-0.000266
-0.001082	-0.005089	0.004839
-0.002556	-0.003303	0.006390
-0.000714	0.001189	0.002347
-0.002562	-0.002043	0.002728
-0.002799	-0.002345	0.001519
-0.001543	0.000775	0.002409
-0.001028	0.003071	0.004935
-0.001270	0.000267	0.004502
0.001722	-0.001018	-0.001307
0.001282	-0.001761	0.000560
0.001767	-0.003840	0.000242
0.000616	-0.003656	0.001237
0.000553	0.001466	-0.001355
-0.000213	0.002363	-0.000822
0.000069	0.002213	0.000636
-0.000013	-0.001479	-0.001341
-0.000604	-0.001639	0.001067
-0.000106	0.000605	-0.000933
