-0.000148	-0.002632	0.001325
-0.000315	-0.001037	-0.000484
-0.002944	-0.003797	0.004195
-0.001258	0.001354	0.003958
-0.001509	-0.002141	0.004418
-0.001761	-0.005634	0.004877
-0.003033	-0.008171	0.002282
-0.002940	-0.003812	-0.001328
0.001121	-0.000149	0.003265
0.002208	0.007876	0.003406
0.000256	0.002700	-0.001676
-0.000960	-0.001998	-0.000175
-0.000245	-0.002775	0.001353
0.000802	-0.000546	0.000272
0.000253	0.003621	0.001664
0.000092	0.003615	0.000644
-0.001308	-0.003266	0.001820
-0.002073	-0.001648	0.002382
0.000081	0.000392	-0.000371
-0.000302	0.003407	0.002886
-0.000321	-0.000204	0.000910
-0.000339	-0.001872	-0.001737
0.000279	0.002537	0.000868
0.001030	0.005132	0.003750
-0.001137	0.008691	0.002304
