0.001463	-0.002399	-0.002499
0.002342	-0.001073	-0.014117
-0.003054	-0.007565	0.003392
0.001787	-0.000774	-0.011973
0.002043	-0.004317	-0.030687
-0.000063	-0.015120	-0.020781
-0.005015	-0.008123	-0.015621
-0.019562	0.010938	-0.021240
-0.017976	0.014011	-0.015760
-0.002365	0.004577	-0.002705
0.002549	0.004621	-0.000205
0.006042	0.001344	-0.001513
0.001406	0.000124	-0.002514
0.007426	0.003627	-0.005281
0.005735	0.001572	-0.004908
0.011995	0.008584	-0.008796
0.009340	0.007508	-0.001929
0.003217	0.012754	0.013054
0.002077	0.011341	0.011311
0.004818	0.017221	0.015705
0.006554	0.027392	0.007130
0.002489	0.010602	0.004664
-0.002314	-0.001826	0.009730
-0.007319	-0.008697	0.015950
-0.006906	-0.010433	0.008287
