-0.004867	0.000692	-0.003389
-0.000524	-0.003642	0.000856
-0.001710	-0.003713	0.003562
-0.009423	-0.001225	0.012083
-0.005847	0.000008	0.007163
-0.002281	0.010157	-0.001853
0.005736	0.008149	-0.003188
0.007141	0.002948	-0.003157
0.000164	0.006896	-0.002178
0.003687	0.004792	-0.004630
-0.003553	-0.003809	0.004580
0.000585	-0.008279	-0.000953
0.005133	-0.004321	-0.005023
0.001436	0.000262	-0.002006
-0.000162	0.010973	-0.006719
0.000780	0.007674	-0.004808
0.002195	0.010254	-0.005582
-0.000132	0.000840	0.000104
-0.000487	-0.005647	0.001381
-0.000431	-0.000925	0.002480
-0.001661	-0.003209	0.003788
-0.006946	0.001613	0.004130
0.002974	-0.002307	0.000423
0.002665	-0.002323	0.003904
-0.004217	-0.003588	0.002440
