-0.004603	-0.000462	-0.003304
0.002664	0.000834	-0.004807
-0.002488	-0.000995	-0.004937
-0.006824	-0.007822	0.003126
-0.004336	-0.004478	0.007653
0.002310	-0.008337	0.009040
0.002291	0.001989	-0.000344
-0.001472	0.003339	-0.002267
-0.001632	-0.001634	-0.000957
0.000746	-0.000322	-0.001011
0.000689	0.000583	-0.001214
0.002910	0.001054	-0.000151
0.002612	0.004188	-0.000846
0.000797	0.003557	-0.002108
-0.001397	0.002927	-0.002037
0.001643	0.001333	0.000279
0.002405	0.004177	0.004222
0.001526	0.003283	0.001799
-0.001031	-0.000545	-0.000197
-0.004937	-0.001240	0.003285
-0.005466	-0.001925	0.011372
0.002350	-0.004895	0.011392
0.001897	0.001762	0.007224
-0.001144	0.002240	0.003524
-0.002704	-0.003288	0.006174
-0.004202	-0.000409	0.008516
