0.906308	-0.403616	0.125298	0.412354	0.909482	-0.052981	-0.092572	0.099684	0.990704
0.906408	-0.403391	0.125303	0.412105	0.909609	-0.052728	-0.092706	0.099431	0.990716
0.906338	-0.403531	0.125359	0.412182	0.909616	-0.051998	-0.093046	0.098799	0.990748
0.905868	-0.404752	0.124812	0.413283	0.909160	-0.051236	-0.092737	0.097995	0.990857
0.905771	-0.405160	0.124192	0.413617	0.909017	-0.051087	-0.092195	0.097641	0.990942
0.905749	-0.405543	0.123103	0.413889	0.908895	-0.051039	-0.091189	0.097179	0.991081
0.905103	-0.407191	0.122406	0.415357	0.908297	-0.049755	-0.090922	0.095876	0.991232
0.905061	-0.407510	0.121652	0.415598	0.908190	-0.049692	-0.090234	0.095533	0.991328
0.905200	-0.407185	0.121715	0.415319	0.908293	-0.050147	-0.090134	0.095943	0.991298
0.905150	-0.407160	0.122164	0.415334	0.908288	-0.050108	-0.090558	0.096094	0.991244
0.904955	-0.407511	0.122440	0.415668	0.908162	-0.049611	-0.090979	0.095790	0.991235
0.904476	-0.408778	0.121752	0.416837	0.907648	-0.049214	-0.090391	0.095264	0.991340
0.903626	-0.410974	0.120667	0.418904	0.906715	-0.048857	-0.089332	0.094696	0.991490
0.902729	-0.413127	0.120024	0.420894	0.905858	-0.047645	-0.089041	0.093528	0.991627
0.901718	-0.415305	0.120113	0.422958	0.904970	-0.046210	-0.089508	0.092471	0.991684
0.900793	-0.417275	0.120219	0.424867	0.904120	-0.045336	-0.089775	0.091915	0.991712
0.900594	-0.417777	0.119974	0.425398	0.903842	-0.045897	-0.089263	0.092371	0.991715
0.900499	-0.418117	0.119501	0.425776	0.903617	-0.046805	-0.088413	0.093028	0.991730
0.900750	-0.417608	0.119389	0.425339	0.903774	-0.047745	-0.087962	0.093787	0.991699
0.901107	-0.416852	0.119336	0.424648	0.904055	-0.048570	-0.087640	0.094443	0.991665
0.901272	-0.416475	0.119405	0.424265	0.904241	-0.048447	-0.087794	0.094323	0.991663
0.901987	-0.414932	0.119381	0.422792	0.904884	-0.049320	-0.087562	0.094960	0.991623
0.902829	-0.413067	0.119482	0.420959	0.905721	-0.049636	-0.087715	0.095110	0.991595
0.903305	-0.411969	0.119675	0.419822	0.906281	-0.049029	-0.088260	0.094531	0.991602
0.903546	-0.411371	0.119913	0.419172	0.906625	-0.048224	-0.088879	0.093837	0.991612
