0.820765	-0.554039	0.139233	0.562969	0.825842	-0.032434	-0.097014	0.105004	0.989728
0.821801	-0.552454	0.139419	0.561479	0.826820	-0.033309	-0.096872	0.105654	0.989673
0.824937	-0.547887	0.138920	0.556983	0.829791	-0.034872	-0.096168	0.106144	0.989689
0.826168	-0.546036	0.138889	0.555132	0.831025	-0.035011	-0.096304	0.106026	0.989689
0.826547	-0.545117	0.140240	0.554352	0.831547	-0.034994	-0.097540	0.106666	0.989499
0.826942	-0.544711	0.139489	0.553891	0.831841	-0.035290	-0.096810	0.106444	0.989595
0.826882	-0.544810	0.139456	0.554069	0.831686	-0.036131	-0.096299	0.107144	0.989569
0.826626	-0.545264	0.139202	0.554553	0.831338	-0.036701	-0.095712	0.107533	0.989584
0.826662	-0.545361	0.138604	0.554642	0.831254	-0.037286	-0.094881	0.107699	0.989646
0.826289	-0.545838	0.138953	0.555194	0.830869	-0.037639	-0.094907	0.108246	0.989583
0.825601	-0.546616	0.139981	0.556082	0.830278	-0.037563	-0.095690	0.108853	0.989442
0.825509	-0.546616	0.140520	0.556140	0.830240	-0.037549	-0.096141	0.109146	0.989366
0.825629	-0.546330	0.140928	0.555865	0.830440	-0.037207	-0.096705	0.109056	0.989320
0.824976	-0.547483	0.140277	0.556870	0.829804	-0.036360	-0.096496	0.108112	0.989444
0.824365	-0.548668	0.139232	0.557925	0.829105	-0.036128	-0.095615	0.107463	0.989601
0.823615	-0.550139	0.137858	0.559171	0.828302	-0.035259	-0.094791	0.106126	0.989824
0.821862	-0.552844	0.137498	0.561742	0.826610	-0.034098	-0.094806	0.105262	0.989915
0.819592	-0.556163	0.137666	0.565003	0.824425	-0.033104	-0.095084	0.104913	0.989925
0.818436	-0.557793	0.137946	0.566648	0.823305	-0.032851	-0.095248	0.105053	0.989895
0.818864	-0.557162	0.137959	0.566068	0.823681	-0.033406	-0.095022	0.105449	0.989874
0.819388	-0.556431	0.137798	0.565389	0.824116	-0.034171	-0.094548	0.105909	0.989871
0.819489	-0.556120	0.138451	0.565206	0.824215	-0.034799	-0.094761	0.106770	0.989758
0.820251	-0.554878	0.138922	0.564074	0.824961	-0.035489	-0.094914	0.107472	0.989667
0.822332	-0.551877	0.138570	0.561110	0.826938	-0.036446	-0.094475	0.107724	0.989682
0.823174	-0.550543	0.138874	0.559852	0.827767	-0.036972	-0.094600	0.108183	0.989620
