0.971873	-0.204018	0.117641	0.216843	0.970099	-0.109031	-0.091879	0.131474	0.987053
0.970798	-0.209211	0.117393	0.221789	0.969227	-0.106816	-0.091434	0.129733	0.987324
0.970185	-0.211536	0.118295	0.224165	0.968755	-0.106130	-0.092149	0.129483	0.987291
0.970496	-0.209592	0.119203	0.222411	0.969079	-0.106861	-0.093120	0.130220	0.987103
0.971003	-0.206953	0.119684	0.219843	0.969660	-0.106901	-0.093929	0.130113	0.987040
0.971475	-0.204166	0.120633	0.217214	0.970220	-0.107202	-0.095154	0.130347	0.986892
0.971924	-0.202310	0.120147	0.215308	0.970631	-0.107324	-0.094906	0.130179	0.986938
0.972077	-0.201464	0.120326	0.214506	0.970786	-0.107524	-0.095148	0.130333	0.986894
0.971995	-0.201650	0.120674	0.214773	0.970687	-0.107887	-0.095381	0.130783	0.986812
0.971870	-0.202452	0.120343	0.215520	0.970532	-0.107786	-0.094975	0.130691	0.986864
0.971816	-0.202808	0.120181	0.215851	0.970463	-0.107747	-0.094779	0.130651	0.986888
0.971778	-0.202954	0.120235	0.215987	0.970452	-0.107578	-0.094849	0.130511	0.986899
0.971728	-0.203014	0.120545	0.216091	0.970425	-0.107609	-0.095133	0.130615	0.986858
0.971838	-0.202434	0.120632	0.215506	0.970575	-0.107431	-0.095334	0.130403	0.986867
0.971999	-0.201928	0.120179	0.214961	0.970673	-0.107640	-0.094919	0.130459	0.986899
0.971940	-0.202109	0.120350	0.215213	0.970562	-0.108137	-0.094951	0.131004	0.986824
0.972045	-0.201580	0.120391	0.214702	0.970661	-0.108263	-0.095036	0.131084	0.986805
0.972294	-0.200079	0.120887	0.213250	0.971001	-0.108078	-0.095757	0.130863	0.986765
0.972410	-0.199184	0.121425	0.212400	0.971219	-0.107796	-0.096459	0.130613	0.986730
0.972404	-0.199100	0.121610	0.212330	0.971247	-0.107682	-0.096674	0.130532	0.986720
0.972463	-0.198827	0.121588	0.212070	0.971287	-0.107836	-0.096656	0.130652	0.986705
0.972532	-0.199119	0.120555	0.212218	0.971262	-0.107763	-0.095633	0.130387	0.986840
0.972340	-0.200612	0.119627	0.213534	0.971033	-0.107227	-0.094651	0.129806	0.987011
0.972090	-0.201989	0.119335	0.214810	0.970822	-0.106586	-0.094324	0.129246	0.987116
