0.982296	-0.158540	0.099797	0.170813	0.976738	-0.129639	-0.076923	0.144391	0.986526
0.982358	-0.158142	0.099814	0.170431	0.976787	-0.129771	-0.076975	0.144493	0.986507
0.982312	-0.158378	0.099901	0.170656	0.976784	-0.129497	-0.077072	0.144255	0.986534
0.982132	-0.159474	0.099924	0.171693	0.976699	-0.128765	-0.077061	0.143621	0.986628
0.982079	-0.159746	0.100008	0.171989	0.976625	-0.128934	-0.077074	0.143823	0.986597
0.982018	-0.160305	0.099711	0.172512	0.976514	-0.129074	-0.076678	0.143954	0.986609
0.981982	-0.160527	0.099712	0.172726	0.976488	-0.128980	-0.076662	0.143879	0.986621
0.981995	-0.160297	0.099954	0.172502	0.976580	-0.128587	-0.077001	0.143514	0.986648
0.982092	-0.160148	0.099240	0.172244	0.976636	-0.128509	-0.076341	0.143302	0.986730
0.982033	-0.160221	0.099696	0.172397	0.976585	-0.128687	-0.076744	0.143562	0.986661
0.982068	-0.159744	0.100118	0.171968	0.976687	-0.128487	-0.077259	0.143400	0.986645
0.982152	-0.158550	0.101185	0.170911	0.976911	-0.128193	-0.078524	0.143198	0.986574
0.982145	-0.158224	0.101770	0.170660	0.976973	-0.128056	-0.079165	0.143137	0.986532
0.981994	-0.158915	0.102143	0.171372	0.976896	-0.127691	-0.079491	0.142896	0.986540
0.982049	-0.158691	0.101966	0.171142	0.976907	-0.127915	-0.079313	0.143069	0.986530
0.982108	-0.158177	0.102195	0.170716	0.976896	-0.128573	-0.079497	0.143719	0.986420
0.982204	-0.157617	0.102140	0.170161	0.976977	-0.128693	-0.079504	0.143783	0.986410
0.982196	-0.157698	0.102088	0.170239	0.976954	-0.128764	-0.079430	0.143851	0.986407
0.982194	-0.157836	0.101897	0.170321	0.976986	-0.128414	-0.079284	0.143482	0.986472
0.982312	-0.157219	0.101716	0.169677	0.977104	-0.128363	-0.079206	0.143351	0.986497
0.982383	-0.156574	0.102024	0.169070	0.977225	-0.128242	-0.079621	0.143232	0.986481
0.982489	-0.156456	0.101173	0.168809	0.977306	-0.127973	-0.078855	0.142811	0.986604
0.982385	-0.157078	0.101221	0.169442	0.977184	-0.128064	-0.078796	0.142959	0.986587
0.982360	-0.157380	0.100992	0.169718	0.977122	-0.128171	-0.078510	0.143051	0.986597
