0.001175	-0.009783	-0.012283
0.004113	-0.001535	-0.003353
0.003548	0.005558	-0.005019
-0.001175	0.005443	-0.008485
0.004157	0.007208	0.001800
0.000264	0.000070	0.013945
0.001139	-0.002550	0.013942
0.002549	-0.002076	0.010904
-0.003658	-0.001221	0.000623
0.007088	0.003820	0.000120
-0.003041	0.007724	-0.002716
0.000925	0.013418	-0.005009
-0.000368	0.015902	-0.007732
-0.007228	0.015044	0.011551
-0.001778	0.019768	0.016074
0.005678	0.003346	0.003158
0.001293	-0.002484	0.002723
-0.006934	0.000586	0.009429
-0.006831	-0.015386	0.003216
0.004525	-0.013035	-0.011236
-0.001300	-0.009152	-0.013333
0.008910	-0.007205	-0.010801
0.001256	-0.003932	-0.012587
0.001594	-0.009647	-0.009556
0.017827	-0.002774	-0.010992
