-0.006471	0.009465	0.017309
-0.004238	-0.008719	0.019272
-0.003393	-0.001151	0.014568
0.000881	0.009015	0.010606
-0.007485	0.026610	0.008215
-0.006420	0.025504	0.012303
0.002614	0.032894	0.006351
-0.003982	0.023425	-0.001957
-0.003071	0.017912	-0.007417
0.020765	0.005474	-0.002062
-0.000654	-0.006053	0.008796
0.005024	-0.002707	0.011954
0.015998	0.000956	0.010087
0.006860	0.005199	0.001485
-0.009754	-0.004703	-0.005262
-0.002820	-0.005289	-0.014691
0.005296	0.000318	-0.005026
0.000265	-0.004270	-0.006822
-0.002549	0.002076	-0.010904
0.000228	-0.001378	-0.001365
0.001440	-0.009713	0.001663
0.002167	-0.005104	0.002720
-0.002409	-0.012448	-0.001807
-0.007771	0.000314	0.003975
-0.002145	-0.012379	0.012139
-0.005597	0.002505	-0.003462
