0.000117	0.002959	-0.005761
-0.011010	-0.000771	0.007325
-0.004767	-0.004518	0.012149
0.004716	-0.007180	0.013624
0.000911	-0.001172	0.015307
0.003849	0.002735	0.003469
0.005031	0.004588	0.001796
0.003996	-0.004494	0.002409
-0.001741	0.012536	-0.010151
0.008733	0.010212	-0.014441
0.000265	-0.004270	-0.006822
0.000690	0.007501	0.006514
-0.002027	-0.009420	0.006377
-0.003775	-0.004180	0.006384
0.008491	-0.003000	0.007240
-0.001109	-0.003297	0.011526
0.011268	-0.010795	-0.003989
-0.026560	-0.011779	0.004666
-0.008836	0.001420	-0.000113
0.009292	-0.004176	-0.002617
0.003989	-0.016129	-0.008201
0.005707	-0.006842	0.007859
0.004716	-0.007180	0.013624
-0.010907	-0.016743	0.001111
-0.014404	-0.006263	0.001125
0.000110	-0.004337	0.004396
