0.001410	0.004815	0.017730
0.007345	-0.003405	0.024223
0.010055	0.006221	0.034518
0.001939	0.000614	0.024853
-0.006669	-0.003684	0.002607
-0.001028	-0.001786	-0.009546
-0.007161	-0.002376	-0.009973
-0.006096	-0.003482	-0.005885
0.011547	0.003866	-0.010359
0.004797	-0.005669	-0.007448
-0.007110	0.013662	-0.014979
0.010438	-0.003772	-0.019601
0.006853	-0.006437	-0.009125
-0.021029	-0.005544	-0.011883
-0.034654	-0.043549	-0.031677
-0.016806	-0.011416	-0.010839
0.026362	0.007310	0.022168
0.025025	0.001050	0.014292
0.001102	-0.003998	-0.001369
-0.017378	-0.011618	-0.002348
-0.019303	0.011039	-0.005981
0.002945	0.015543	-0.001228
0.023137	0.020815	0.005201
0.009115	0.017581	0.014511
0.002512	0.000817	0.016361
