0.006324	0.002104	0.004520
0.005487	0.001832	-0.000934
0.004649	0.001560	-0.006388
0.002512	-0.003524	-0.004407
0.004194	0.004316	-0.003657
-0.003878	0.007452	-0.008170
0.002864	0.009692	-0.000924
-0.001829	-0.000611	0.000311
-0.000007	-0.007295	0.010158
-0.000999	-0.007634	0.015923
-0.002483	-0.006664	0.009107
0.000308	0.004473	-0.001670
-0.000757	0.005579	-0.005758
-0.001711	0.002348	-0.005450
0.010327	0.004905	-0.003229
-0.005707	0.006842	-0.007859
0.019083	-0.002365	-0.002812
0.003577	-0.004630	-0.000318
-0.004415	0.004358	-0.005135
-0.009879	-0.019297	-0.010111
0.003614	-0.007522	-0.005775
0.009887	-0.021457	0.003750
0.003055	0.011206	0.003168
0.000911	-0.005513	-0.005461
