0.016409	0.010543	-0.002204
-0.006030	0.012222	-0.014126
-0.007206	0.002439	-0.026409
-0.005641	0.001898	-0.012152
0.002975	-0.005356	-0.003473
0.005193	-0.016290	-0.001188
-0.002733	-0.012197	0.004386
-0.004267	0.002871	0.006196
-0.013713	-0.001238	-0.007640
-0.014735	-0.011088	-0.008704
0.000771	-0.013352	-0.006210
0.028367	0.013837	-0.004729
0.013435	0.015899	0.001269
-0.004642	-0.005736	0.003770
-0.010584	-0.002320	0.020874
-0.011194	-0.005010	0.006925
-0.011804	-0.007700	-0.007024
-0.004304	-0.000021	0.000739
-0.000624	0.020581	0.007271
-0.009262	0.006011	-0.007318
-0.010107	0.013579	-0.012022
0.006045	0.012556	-0.010890
0.005707	0.006842	-0.007859
0.008263	0.001622	-0.008605
0.001829	-0.000611	0.000311
