-0.019024	0.018010	-0.012213
-0.021529	0.002850	-0.027230
-0.008843	0.005875	-0.010045
0.007389	-0.000998	-0.008608
0.016460	-0.009835	-0.017966
0.021977	0.002861	-0.000965
0.023159	0.001008	0.000708
0.009754	-0.004703	-0.005262
0.007925	-0.004093	-0.005574
0.010357	0.005282	-0.001471
0.003886	0.000157	0.001988
-0.001293	-0.002484	0.002723
-0.012266	0.001179	0.000856
-0.019046	0.000527	0.002645
-0.025671	-0.004532	-0.005114
-0.020838	-0.000310	-0.012977
-0.012340	-0.004605	-0.010059
-0.000932	0.025054	0.005601
0.003202	-0.003977	-0.002108
0.003253	-0.020016	0.002897
0.023218	-0.022326	0.015871
-0.000155	-0.039302	0.034113
0.017973	-0.042387	-0.004918
0.009813	0.015672	-0.014664
-0.018826	0.000520	-0.047683
