-0.003129	0.009762	0.013022
-0.014206	-0.002547	0.004941
-0.020530	-0.004783	-0.011307
-0.017100	-0.007382	-0.012050
-0.004760	-0.002777	-0.001991
-0.005795	0.006304	-0.002603
-0.000948	-0.008405	-0.010918
0.002556	-0.005219	-0.000746
0.015315	-0.000750	0.006586
0.024070	0.006521	0.006168
0.041251	0.003712	-0.002245
0.044549	0.027342	0.012470
0.038416	0.027932	0.012898
0.020875	-0.001138	-0.002334
0.011767	0.004808	0.001567
0.004642	0.005736	-0.003770
-0.000463	0.004539	-0.012888
0.006867	-0.016834	-0.012095
0.006618	0.016695	0.018369
-0.005758	0.009197	0.002854
-0.004157	0.002868	-0.018968
-0.002894	-0.004836	-0.016990
-0.004532	-0.001399	-0.000626
-0.010320	-0.002390	0.006928
-0.003687	-0.008966	0.004078
