-0.019179	-0.029973	-0.019635
-0.006148	-0.024188	0.025444
-0.009924	-0.011328	0.060596
0.002798	-0.022772	0.000167
0.014910	-0.019545	0.008861
0.013971	0.012804	0.004304
0.000793	0.004131	-0.021069
-0.012458	-0.005987	-0.036588
-0.015644	0.035789	0.002807
-0.010995	0.034230	0.009194
-0.023291	0.025222	0.014751
0.006978	-0.012497	-0.016491
0.013184	-0.007302	-0.006005
0.013559	0.001305	-0.003579
0.004605	0.002843	-0.009227
0.009005	-0.021917	-0.010114
0.007610	0.012016	0.003367
0.001139	0.006891	0.006826
-0.008440	-0.019039	0.012245
-0.009395	-0.011468	0.032705
-0.015535	-0.003583	0.022975
0.002071	-0.022504	-0.019543
0.015653	0.000624	-0.017213
0.013655	0.024572	-0.007523
0.001734	0.019831	-0.020309
