0.890113	0.051856	-0.452780	-0.073847	0.996787	-0.031015	0.449717	0.061043	0.891083
0.889767	0.052044	-0.453437	-0.074185	0.996757	-0.031167	0.450345	0.061370	0.890743
0.889371	0.052289	-0.454186	-0.074391	0.996750	-0.030916	0.451093	0.061283	0.890370
0.888779	0.052723	-0.455293	-0.075057	0.996694	-0.031102	0.452148	0.061816	0.889798
0.888213	0.053340	-0.456326	-0.075952	0.996619	-0.031341	0.453111	0.062496	0.889261
0.887892	0.054531	-0.456809	-0.077115	0.996542	-0.030926	0.453543	0.062686	0.889027
0.887773	0.054917	-0.456994	-0.077320	0.996541	-0.030451	0.453741	0.062368	0.888948
0.888555	0.053720	-0.455615	-0.075940	0.996643	-0.030591	0.452442	0.061782	0.889651
0.889524	0.052512	-0.453861	-0.074735	0.996717	-0.031152	0.450735	0.061630	0.890528
0.889975	0.051936	-0.453042	-0.073941	0.996781	-0.030984	0.449975	0.061074	0.890950
0.890280	0.051537	-0.452488	-0.073331	0.996834	-0.030743	0.449471	0.060552	0.891241
0.890337	0.051258	-0.452407	-0.072913	0.996870	-0.030547	0.449425	0.060184	0.891288
0.890303	0.050950	-0.452510	-0.072552	0.996898	-0.030501	0.449552	0.059985	0.891238
0.890254	0.050761	-0.452627	-0.072402	0.996906	-0.030605	0.449673	0.060017	0.891175
0.890371	0.050922	-0.452378	-0.072403	0.996915	-0.030287	0.449440	0.059720	0.891312
0.890319	0.050905	-0.452482	-0.072306	0.996928	-0.030116	0.449559	0.059530	0.891265
0.890465	0.050580	-0.452232	-0.071867	0.996963	-0.030004	0.449341	0.059218	0.891396
0.890407	0.050661	-0.452336	-0.071859	0.996970	-0.029792	0.449456	0.059032	0.891350
0.890413	0.051009	-0.452285	-0.072215	0.996946	-0.029733	0.449387	0.059137	0.891377
0.890419	0.051135	-0.452260	-0.072350	0.996936	-0.029725	0.449354	0.059188	0.891391
0.890341	0.051209	-0.452404	-0.072418	0.996933	-0.029673	0.449497	0.059181	0.891319
0.890324	0.051055	-0.452456	-0.072237	0.996947	-0.029649	0.449561	0.059082	0.891294
0.890155	0.050877	-0.452809	-0.072139	0.996949	-0.029797	0.449912	0.059189	0.891109
0.890158	0.050482	-0.452847	-0.071863	0.996960	-0.030122	0.449950	0.059356	0.891079
0.890054	0.050425	-0.453057	-0.071873	0.996955	-0.030239	0.450153	0.059477	0.890969
