0.887878	0.095291	-0.450102	-0.114539	0.993295	-0.015652	0.445593	0.065451	0.892840
0.887939	0.095210	-0.450000	-0.114547	0.993291	-0.015867	0.445470	0.065636	0.892887
0.887986	0.095228	-0.449902	-0.114646	0.993277	-0.016039	0.445350	0.065822	0.892934
0.888047	0.095147	-0.449800	-0.114654	0.993272	-0.016254	0.445227	0.066006	0.892981
0.887947	0.095163	-0.449993	-0.114628	0.993277	-0.016134	0.445433	0.065908	0.892886
0.887950	0.094958	-0.450030	-0.114524	0.993285	-0.016380	0.445453	0.066084	0.892863
0.888036	0.094752	-0.449904	-0.114318	0.993308	-0.016449	0.445334	0.066039	0.892926
0.888387	0.094532	-0.449258	-0.113936	0.993355	-0.016283	0.444733	0.065652	0.893254
0.888533	0.094322	-0.449013	-0.113705	0.993380	-0.016333	0.444500	0.065567	0.893376
0.888645	0.094281	-0.448799	-0.113608	0.993393	-0.016263	0.444300	0.065439	0.893485
0.888795	0.094018	-0.448557	-0.113207	0.993441	-0.016089	0.444103	0.065080	0.893609
0.888875	0.093653	-0.448475	-0.112817	0.993485	-0.016137	0.444042	0.064940	0.893650
0.888745	0.093634	-0.448736	-0.112820	0.993484	-0.016144	0.444301	0.064974	0.893518
0.888607	0.093585	-0.449021	-0.112776	0.993490	-0.016118	0.444590	0.064961	0.893376
0.888568	0.093596	-0.449096	-0.112724	0.993498	-0.015978	0.444680	0.064822	0.893341
0.888404	0.093747	-0.449388	-0.112861	0.993484	-0.015865	0.444973	0.064813	0.893196
0.888286	0.094411	-0.449482	-0.113521	0.993412	-0.015685	0.445039	0.064959	0.893152
0.888225	0.095200	-0.449437	-0.114295	0.993326	-0.015475	0.444964	0.065113	0.893178
0.888148	0.095511	-0.449523	-0.114514	0.993305	-0.015203	0.445061	0.064980	0.893140
0.887900	0.095449	-0.450025	-0.114397	0.993322	-0.015025	0.445586	0.064822	0.892889
0.887739	0.095471	-0.450338	-0.114395	0.993323	-0.014922	0.445906	0.064764	0.892734
0.887554	0.095982	-0.450594	-0.114897	0.993268	-0.014740	0.446146	0.064855	0.892607
0.887534	0.096630	-0.450495	-0.115585	0.993189	-0.014680	0.446008	0.065100	0.892658
0.887522	0.097019	-0.450436	-0.115997	0.993142	-0.014644	0.445926	0.065246	0.892689
