0.896742	0.066461	-0.437535	-0.106538	0.992003	-0.067669	0.429539	0.107296	0.896652
0.896491	0.066891	-0.437984	-0.107186	0.991917	-0.067904	0.429902	0.107821	0.896415
0.896229	0.067324	-0.438453	-0.107701	0.991865	-0.067849	0.430318	0.108030	0.896190
0.896267	0.067683	-0.438320	-0.107902	0.991869	-0.067477	0.430189	0.107774	0.896282
0.896338	0.067945	-0.438134	-0.107935	0.991898	-0.066993	0.430033	0.107338	0.896410
0.896239	0.067883	-0.438347	-0.107949	0.991889	-0.067105	0.430236	0.107461	0.896298
0.896174	0.067724	-0.438505	-0.107793	0.991906	-0.067104	0.430411	0.107405	0.896220
0.896121	0.067923	-0.438581	-0.107919	0.991907	-0.066887	0.430488	0.107270	0.896199
0.895993	0.068192	-0.438801	-0.108116	0.991904	-0.066616	0.430706	0.107129	0.896111
0.895819	0.068069	-0.439176	-0.108063	0.991905	-0.066686	0.431081	0.107197	0.895923
0.895738	0.067811	-0.439380	-0.107898	0.991910	-0.066881	0.431290	0.107316	0.895808
0.895859	0.067381	-0.439199	-0.107519	0.991934	-0.067131	0.431133	0.107362	0.895878
0.896189	0.066847	-0.438608	-0.106886	0.991997	-0.067208	0.430606	0.107113	0.896162
0.896104	0.067014	-0.438756	-0.107045	0.991986	-0.067114	0.430743	0.107108	0.896096
0.895975	0.067412	-0.438959	-0.107378	0.991969	-0.066833	0.430928	0.107015	0.896018
0.895813	0.067778	-0.439233	-0.107743	0.991940	-0.066676	0.431174	0.107053	0.895895
0.895771	0.067843	-0.439309	-0.107865	0.991922	-0.066758	0.431231	0.107186	0.895852
0.896835	0.066571	-0.437327	-0.105965	0.992159	-0.066275	0.429486	0.105779	0.896857
0.897789	0.064806	-0.435632	-0.104101	0.992313	-0.066920	0.427947	0.105430	0.897634
0.897862	0.065126	-0.435434	-0.104439	0.992276	-0.066942	0.427711	0.105581	0.897728
0.898083	0.065216	-0.434964	-0.104419	0.992286	-0.066819	0.427251	0.105428	0.897965
0.897986	0.065024	-0.435194	-0.104295	0.992291	-0.066943	0.427486	0.105502	0.897845
0.897952	0.065027	-0.435263	-0.104243	0.992305	-0.066808	0.427569	0.105364	0.897821
0.898073	0.065349	-0.434965	-0.104423	0.992306	-0.066519	0.427272	0.105160	0.897987
0.897958	0.065224	-0.435220	-0.104342	0.992311	-0.066571	0.427532	0.105189	0.897859
