0.000000	0.000000	0.000000
-0.001487	0.002678	0.001736
-0.000419	0.000136	0.002727
0.001451	-0.003400	0.003190
-0.000551	-0.001999	-0.000684
-0.000819	-0.000452	-0.002202
-0.000055	-0.002168	0.002198
-0.001274	-0.001038	0.005452
-0.001829	0.000611	-0.000311
-0.002134	0.001436	0.003098
0.002339	0.002144	-0.009540
-0.000114	-0.000689	-0.000683
0.000797	0.004823	0.004778
-0.001910	0.006461	-0.000616
-0.001616	-0.003105	0.003404
0.003283	-0.009828	-0.001803
-0.000874	-0.002620	-0.000003
-0.003599	-0.000258	0.002258
-0.001745	-0.008888	0.005072
-0.001465	-0.001694	-0.000840
-0.002152	-0.000010	0.000370
-0.000209	0.000068	0.001363
0.000437	0.001310	0.000002
0.000228	0.001378	0.001365
0.000018	0.001446	0.002729
