-0.001620	0.002713	0.008709
0.000059	-0.001479	0.002881
-0.000874	-0.002620	-0.000003
-0.000114	-0.000689	-0.000683
0.000268	-0.001547	0.001517
0.000018	0.001446	0.002729
0.001183	-0.001853	0.001673
0.000191	0.000656	0.006292
0.000933	-0.001029	-0.007500
-0.003371	0.001120	0.003623
-0.000407	0.008878	-0.004702
0.000000	0.000000	0.000000
-0.001392	0.001921	-0.000310
0.000290	-0.005919	-0.001059
-0.000951	-0.000417	0.004771
-0.000400	0.001582	0.005455
0.002002	-0.001401	0.003875
-0.000742	-0.000485	0.003408
0.001028	0.000384	0.000838
0.000705	-0.000237	0.001519
0.002211	-0.001469	0.002511
0.000878	-0.001027	0.005082
-0.000400	0.001582	0.005455
-0.001755	0.004225	0.000219
-0.000646	-0.001242	0.001362
