0.004249	-0.002147	0.001459
0.001025	0.006202	0.006143
-0.000308	0.004473	-0.001670
-0.002050	-0.010233	-0.001902
-0.003250	-0.007656	0.004080
-0.001076	-0.012018	0.001134
-0.001521	-0.003862	0.001358
-0.002075	-0.000044	0.005979
-0.002134	0.001436	0.003098
-0.000533	-0.000553	0.002044
0.001256	0.001762	0.002203
0.001102	0.003998	0.001369
0.002053	0.004415	-0.003402
0.003408	0.001772	0.001834
0.001924	0.000802	0.008649
0.003122	0.004044	0.007972
0.000018	0.001446	0.002729
0.000841	-0.003920	-0.000375
-0.003140	-0.003320	-0.000316
-0.003122	-0.001874	0.002412
-0.002417	-0.002111	0.003931
-0.000095	0.000757	0.002046
0.000228	0.001378	0.001365
-0.001355	0.004813	0.005148
