0.000338	0.005715	-0.003031
-0.002016	-0.001523	0.008860
0.000040	-0.000755	0.010536
0.001601	-0.001989	-0.001054
0.002615	-0.006699	0.002135
0.002064	-0.008698	0.001450
-0.001961	0.000646	0.006661
-0.000646	-0.001242	0.001362
-0.001348	-0.004652	0.004922
0.000474	0.004202	0.005459
0.000011	0.010912	0.002955
-0.000554	0.003819	0.004621
0.000231	-0.004440	-0.003940
-0.001256	-0.001762	-0.002203
-0.000437	-0.001310	-0.000002
0.000004	-0.003648	0.005079
-0.002020	0.002125	0.003781
-0.000992	0.002509	0.004619
-0.000221	-0.008673	0.008793
0.001282	-0.006257	0.004706
0.000382	-0.000858	0.002200
0.000988	0.003309	0.000686
0.000610	0.000520	0.003565
0.001047	0.001830	0.003567
0.001847	0.000836	0.003040
