0.926433	-0.100366	0.362833	-0.009450	0.957302	0.288936	-0.376340	-0.271109	0.885928
0.926443	-0.100879	0.362667	-0.009176	0.957085	0.289662	-0.376324	-0.271683	0.885759
0.926436	-0.101152	0.362607	-0.009123	0.956909	0.290245	-0.376341	-0.272202	0.885592
0.926465	-0.101320	0.362487	-0.009084	0.956786	0.290651	-0.376272	-0.272571	0.885508
0.926439	-0.101880	0.362397	-0.008668	0.956653	0.291101	-0.376346	-0.272829	0.885397
0.926395	-0.102451	0.362349	-0.008034	0.956680	0.291032	-0.376469	-0.272522	0.885440
0.926352	-0.102456	0.362456	-0.007788	0.956878	0.290387	-0.376578	-0.271823	0.885608
0.926275	-0.100941	0.363077	-0.008843	0.957372	0.288723	-0.376744	-0.270647	0.885898
0.926295	-0.100438	0.363167	-0.009052	0.957610	0.287926	-0.376691	-0.269991	0.886120
0.926392	-0.099694	0.363124	-0.009333	0.957943	0.286808	-0.376444	-0.269086	0.886500
0.926655	-0.098286	0.362837	-0.010137	0.958330	0.285485	-0.375777	-0.268224	0.887044
0.926949	-0.096035	0.362687	-0.011842	0.958715	0.284122	-0.374999	-0.267661	0.887543
0.927337	-0.092984	0.362491	-0.014490	0.958992	0.283064	-0.373946	-0.267748	0.887961
0.927576	-0.092033	0.362123	-0.015318	0.959007	0.282967	-0.373321	-0.268020	0.888142
0.927624	-0.092097	0.361983	-0.015505	0.958796	0.283673	-0.373193	-0.268754	0.887974
0.927429	-0.093125	0.362220	-0.014889	0.958543	0.284558	-0.373704	-0.269300	0.887594
0.927135	-0.094897	0.362512	-0.013202	0.958530	0.284684	-0.374494	-0.268727	0.887435
0.926992	-0.096148	0.362548	-0.011462	0.958874	0.283600	-0.374906	-0.267050	0.887767
0.926739	-0.099204	0.362372	-0.008724	0.958568	0.284730	-0.375605	-0.267032	0.887477
0.926783	-0.100923	0.361785	-0.007098	0.958346	0.285520	-0.375531	-0.267183	0.887463
0.926759	-0.101648	0.361642	-0.006613	0.958132	0.286252	-0.375598	-0.267678	0.887285
0.926772	-0.101290	0.361711	-0.007036	0.958106	0.286327	-0.375560	-0.267904	0.887233
0.926696	-0.100967	0.361996	-0.007351	0.958180	0.286071	-0.375741	-0.267761	0.887199
