0.915595	-0.177660	0.360726	0.085471	0.962587	0.257139	-0.392914	-0.204604	0.896524
0.915489	-0.178052	0.360799	0.086080	0.962663	0.256650	-0.393026	-0.203903	0.896635
0.915521	-0.178236	0.360628	0.086527	0.962753	0.256164	-0.392853	-0.203320	0.896843
0.915355	-0.178673	0.360835	0.086845	0.962668	0.256374	-0.393171	-0.203337	0.896700
0.915200	-0.178400	0.361362	0.086697	0.962842	0.255770	-0.393564	-0.202752	0.896660
0.915273	-0.177861	0.361443	0.086575	0.963133	0.254714	-0.393421	-0.201841	0.896928
0.915278	-0.177474	0.361619	0.086361	0.963294	0.254178	-0.393456	-0.201413	0.897009
0.915358	-0.177138	0.361583	0.086316	0.963478	0.253495	-0.393281	-0.200828	0.897217
0.915413	-0.177075	0.361474	0.086315	0.963502	0.253403	-0.393152	-0.200767	0.897287
0.915786	-0.175017	0.361530	0.084169	0.963712	0.253327	-0.392748	-0.201564	0.897285
0.916400	-0.172433	0.361217	0.081406	0.963878	0.253599	-0.391898	-0.202993	0.897335
0.916621	-0.171477	0.361113	0.080246	0.963867	0.254009	-0.391621	-0.203852	0.897261
0.915977	-0.174125	0.361479	0.082879	0.963605	0.254157	-0.392578	-0.202843	0.897071
0.915079	-0.175503	0.363083	0.082710	0.962874	0.256970	-0.394702	-0.205117	0.895621
0.914429	-0.176280	0.364342	0.082556	0.962483	0.258480	-0.396237	-0.206283	0.894675
0.914364	-0.176810	0.364248	0.083373	0.962555	0.257946	-0.396216	-0.205488	0.894867
0.914545	-0.178011	0.363207	0.084796	0.962375	0.258157	-0.395496	-0.205297	0.895229
0.914713	-0.178415	0.362585	0.085754	0.962523	0.257285	-0.394900	-0.204249	0.895732
0.914804	-0.178388	0.362370	0.086208	0.962743	0.256308	-0.394591	-0.203233	0.896099
0.914974	-0.178115	0.362075	0.086175	0.962857	0.255892	-0.394204	-0.202933	0.896338
