0.921909	-0.128685	0.365409	0.017719	0.956239	0.292050	-0.387001	-0.262769	0.883845
0.921944	-0.128657	0.365332	0.017645	0.956192	0.292209	-0.386922	-0.262954	0.883825
0.921831	-0.128748	0.365584	0.017748	0.956250	0.292011	-0.387186	-0.262697	0.883786
0.921638	-0.128655	0.366102	0.017780	0.956450	0.291355	-0.387643	-0.262015	0.883788
0.921521	-0.128493	0.366454	0.017688	0.956579	0.290935	-0.387925	-0.261621	0.883781
0.921482	-0.128268	0.366631	0.017567	0.956698	0.290553	-0.388023	-0.261299	0.883833
0.921482	-0.127755	0.366810	0.017297	0.956922	0.289829	-0.388035	-0.260728	0.883996
0.921439	-0.127359	0.367055	0.017015	0.957068	0.289365	-0.388150	-0.260387	0.884047
0.921497	-0.127006	0.367032	0.016776	0.957155	0.289090	-0.388023	-0.260238	0.884146
0.921493	-0.126753	0.367131	0.016581	0.957226	0.288867	-0.388042	-0.260102	0.884178
0.921665	-0.125670	0.367069	0.015700	0.957395	0.288354	-0.387668	-0.260003	0.884371
0.921905	-0.124366	0.366911	0.014602	0.957556	0.287879	-0.387140	-0.260039	0.884592
0.921995	-0.123315	0.367040	0.013490	0.957585	0.287836	-0.386966	-0.260432	0.884552
0.921940	-0.123061	0.367263	0.012892	0.957411	0.288440	-0.387117	-0.261190	0.884262
0.921887	-0.123046	0.367402	0.012858	0.957428	0.288386	-0.387246	-0.261136	0.884222
0.921804	-0.123379	0.367498	0.011941	0.956588	0.291200	-0.387472	-0.264041	0.883260
0.921805	-0.123629	0.367411	0.011484	0.956076	0.292893	-0.387483	-0.265771	0.882736
0.921406	-0.124519	0.368112	0.011549	0.955629	0.294346	-0.388430	-0.266961	0.881960
0.920831	-0.125093	0.369354	0.011584	0.955510	0.294732	-0.389790	-0.267120	0.881312
0.920789	-0.125905	0.369182	0.012535	0.955536	0.294608	-0.389859	-0.266644	0.881425
0.920787	-0.127156	0.368758	0.014005	0.955542	0.294521	-0.389814	-0.266027	0.881632
0.920841	-0.128723	0.368080	0.016036	0.955645	0.294085	-0.389609	-0.264903	0.882061
0.920872	-0.129036	0.367892	0.016628	0.955780	0.293612	-0.389510	-0.264262	0.882297
