0.926730	-0.095451	0.363402	-0.009424	0.960983	0.276446	-0.375610	-0.259616	0.889672
0.926715	-0.095803	0.363347	-0.009095	0.960951	0.276569	-0.375655	-0.259605	0.889656
0.926754	-0.095660	0.363286	-0.009248	0.960934	0.276623	-0.375555	-0.259721	0.889665
0.926740	-0.095501	0.363363	-0.009435	0.960933	0.276621	-0.375585	-0.259784	0.889634
0.926769	-0.095410	0.363314	-0.009474	0.960960	0.276525	-0.375513	-0.259716	0.889684
0.926643	-0.095382	0.363643	-0.009418	0.961086	0.276089	-0.375826	-0.259261	0.889685
0.926626	-0.095243	0.363720	-0.009536	0.961119	0.275971	-0.375862	-0.259190	0.889690
0.926633	-0.094822	0.363813	-0.009924	0.961167	0.275789	-0.375836	-0.259166	0.889708
0.926650	-0.093942	0.363998	-0.010837	0.961195	0.275657	-0.375769	-0.259382	0.889673
0.926644	-0.093343	0.364168	-0.011481	0.961207	0.275589	-0.375765	-0.259553	0.889625
0.926671	-0.093373	0.364092	-0.011348	0.961262	0.275402	-0.375703	-0.259338	0.889714
0.926734	-0.093891	0.363796	-0.010679	0.961298	0.275303	-0.375565	-0.259017	0.889865
0.926790	-0.094136	0.363592	-0.010276	0.961362	0.275095	-0.375440	-0.258691	0.890013
0.926725	-0.094498	0.363664	-0.009817	0.961438	0.274848	-0.375613	-0.258279	0.890060
0.926625	-0.094753	0.363851	-0.009982	0.961183	0.275730	-0.375854	-0.259131	0.889711
0.926596	-0.094901	0.363888	-0.010073	0.961024	0.276281	-0.375924	-0.259666	0.889525
0.926706	-0.095141	0.363544	-0.009704	0.961038	0.276245	-0.375662	-0.259525	0.889677
0.926893	-0.095299	0.363025	-0.009434	0.961006	0.276365	-0.375206	-0.259586	0.889851
0.927073	-0.094878	0.362676	-0.009739	0.961021	0.276302	-0.374754	-0.259684	0.890013
0.927163	-0.094565	0.362527	-0.009994	0.961035	0.276246	-0.374525	-0.259748	0.890091
0.927149	-0.094508	0.362578	-0.010078	0.961028	0.276269	-0.374557	-0.259796	0.890063
0.927067	-0.094687	0.362741	-0.009970	0.961010	0.276334	-0.374763	-0.259797	0.889977
