-0.000933	0.001141	0.002884
-0.000382	-0.000858	0.002200
0.000569	-0.001275	0.006971
0.001274	-0.001038	0.005452
-0.000914	-0.000305	0.000156
0.003089	0.004666	0.002790
0.000499	0.005987	0.002422
-0.001906	-0.000644	0.005921
-0.002325	-0.000780	0.003194
0.003720	0.008518	0.001802
0.000268	0.001547	-0.001517
0.000165	-0.006505	0.006595
-0.000228	0.001378	0.001365
0.000573	0.002372	0.001892
0.000000	0.000000	-0.000000
0.000610	0.001650	0.006819
-0.001484	0.003140	0.003568
-0.002373	0.010854	0.001222
0.000246	-0.000654	0.006290
-0.000455	0.002756	0.002730
-0.002857	-0.000227	0.001149
-0.005292	0.003330	-0.000053
0.003202	0.003977	0.002108
