-0.012553	-0.001281	0.003390
-0.012935	-0.002139	0.005590
-0.008094	0.000935	0.003295
-0.009468	-0.002432	0.000876
-0.014327	-0.004059	0.005900
-0.017489	-0.005111	0.003640
-0.012781	0.000098	0.004755
-0.014338	0.004682	-0.001530
-0.013346	0.007191	0.003089
-0.008781	0.001422	0.012469
0.005013	0.006034	0.004525
0.007062	-0.004199	0.002623
0.006743	0.000070	-0.003137
0.008818	0.000026	0.002842
0.010000	0.001879	0.001169
0.009736	0.003979	-0.002393
0.009578	-0.001905	0.003521
0.004264	-0.002946	0.000891
-0.002920	-0.007524	-0.001275
-0.005601	-0.001143	0.001616
-0.001348	0.006823	0.005462
-0.005850	-0.004136	0.000405
