-0.000055	0.004339	0.008186
0.003151	0.011964	0.005214
0.000364	0.002304	0.000529
0.000702	-0.003410	0.003560
-0.000268	-0.001547	0.001517
-0.000441	-0.002338	0.005081
-0.002299	0.007239	0.000691
0.000308	0.004473	-0.001670
0.002361	0.000058	0.001733
0.003195	-0.003318	0.012266
-0.003067	-0.000295	-0.000214
-0.001407	0.003173	-0.002041
0.001373	0.003367	0.002419
0.001373	0.003367	0.002419
-0.001524	0.000215	0.003721
-0.004021	-0.003526	0.000094
-0.000455	0.002756	0.002730
0.002229	0.002193	0.005144
-0.000246	0.002824	0.004094
0.002303	-0.001422	0.004614
0.003507	0.004803	0.005517
-0.001062	0.006924	0.001216
-0.000911	0.005513	0.005461
