0.002299	-0.005069	0.009693
-0.002365	-0.003705	0.003346
0.000437	-0.001310	-0.000002
-0.000760	0.001931	-0.000679
-0.000646	0.001242	-0.001362
-0.000191	0.000656	0.006292
-0.000455	0.002756	0.002730
-0.000455	0.002756	0.002730
-0.001102	0.003998	0.001369
-0.000665	0.002688	0.001367
-0.001127	-0.004021	0.003871
0.003195	-0.005488	0.001882
0.001498	0.015791	-0.003117
-0.000782	-0.000270	0.007128
-0.000265	0.004270	0.006822
-0.000683	0.004134	0.004095
-0.000687	-0.001683	-0.001209
-0.001943	0.000078	0.000994
-0.000837	0.001898	0.004930
0.001105	0.001819	0.003936
0.000896	0.001751	0.002573
0.001373	0.003367	0.002419
