-0.000606	0.004167	-0.001514
-0.001183	-0.001853	0.001673
0.000000	0.000000	-0.000000
-0.000059	-0.001479	0.002881
0.001829	0.000611	-0.000311
0.000573	0.002372	0.001892
0.001392	0.001921	-0.000310
0.002784	0.003841	-0.000619
0.000342	-0.002067	-0.002048
-0.000099	-0.004405	0.003033
-0.001293	0.002484	-0.002723
-0.000874	0.002620	0.000003
-0.001616	0.003105	-0.003404
0.000040	0.002925	-0.000152
-0.002956	-0.004632	0.004182
-0.000801	-0.000994	-0.000527
-0.000632	-0.003852	0.000989
-0.001127	-0.004021	0.003871
0.001083	-0.002552	0.001360
