-0.004649	-0.001560	0.006388
-0.001719	-0.004947	0.004708
-0.003195	0.007658	0.008502
-0.001903	0.005174	0.011225
0.002049	-0.008063	0.008481
0.006442	0.005062	-0.001242
0.005296	0.000318	-0.005026
0.010819	-0.000743	-0.011417
0.004606	-0.007184	-0.011540
0.000455	-0.002756	-0.002730
0.001601	0.001989	0.001054
0.004224	-0.005872	0.001044
-0.002622	0.007861	0.000010
-0.001447	0.002418	0.008495
-0.009901	0.006866	0.016566
-0.003269	0.013443	0.019416
-0.002733	0.016538	0.016382
0.006449	0.016698	0.009368
0.005766	0.020832	0.013464
-0.003423	0.009036	0.009867
-0.007470	-0.002509	0.012464
-0.000463	-0.004539	0.012888
0.003878	-0.007452	0.008170
0.000389	0.010324	-0.001974
