-0.015029	0.025546	0.010825
-0.006089	0.008154	0.004725
0.007925	0.004093	0.005574
0.011848	0.001043	-0.001871
0.000801	-0.001176	-0.009857
-0.001139	0.002550	-0.013942
0.003357	0.004044	-0.009111
0.005215	-0.005533	-0.004721
0.002960	-0.017916	-0.017747
-0.000939	-0.041030	-0.036979
-0.014418	-0.033874	-0.040862
-0.002798	-0.027112	-0.020601
0.004555	-0.027563	-0.027303
-0.008491	0.011681	0.034296
-0.021118	0.046720	0.077853
-0.031071	0.024527	0.037121
-0.017688	0.040639	0.037060
-0.000779	0.036083	0.041686
0.003782	0.020156	0.024993
-0.002484	0.045726	0.026078
0.000470	0.016175	-0.002278
-0.004290	0.018952	-0.000287
0.000646	-0.001242	0.001362
-0.000646	0.001242	-0.001362
0.003085	-0.003321	-0.012898
