0.029148	-0.102309	-0.053928
-0.003362	-0.076749	-0.060005
0.001161	-0.033054	-0.033502
0.001226	0.010596	0.003480
-0.007823	0.041005	0.046719
-0.019965	0.054420	0.050712
-0.019943	0.023916	0.003267
-0.017320	0.011716	-0.017511
-0.007118	0.006367	-0.004821
0.008565	-0.008785	-0.003674
-0.006243	0.003747	-0.004824
-0.001102	0.003998	0.001369
0.003511	0.008450	0.000438
-0.005135	0.011384	0.004417
-0.005135	0.011384	0.004417
-0.003878	0.011793	0.012598
-0.003423	0.009036	0.009867
-0.005031	-0.004588	-0.001796
-0.002556	-0.005219	-0.000746
0.001557	-0.006755	-0.004099
-0.003122	0.001874	-0.002412
-0.001557	0.006755	0.004099
0.007720	-0.020693	-0.019738
0.017460	-0.034920	-0.014928
0.006376	-0.029907	0.003311
0.000455	-0.002756	-0.002730
