-0.000911	0.005513	0.005461
-0.000455	0.002756	0.002730
0.006133	0.000590	0.000428
0.009181	0.000161	-0.007014
0.003930	0.004246	-0.017603
-0.000221	0.008673	-0.008793
-0.005436	0.018547	0.016696
-0.006126	0.011046	0.010182
-0.016020	0.016527	-0.024945
0.024123	-0.051552	-0.069680
0.027854	-0.043095	-0.018913
0.004327	-0.026184	-0.025938
0.000706	-0.025958	-0.010005
0.006163	-0.013938	-0.015639
0.008990	0.002987	0.009662
-0.000559	0.023069	0.029711
0.001608	0.013624	0.011664
-0.002013	0.009511	0.006829
-0.005898	0.009668	0.008817
-0.006170	0.002303	0.005029
-0.002284	0.002146	0.003042
0.000595	-0.017281	0.006367
-0.002475	0.000631	-0.001050
0.008763	0.000024	-0.009740
