-0.010350	0.021258	0.029906
-0.005862	0.011116	0.024127
0.000977	-0.014252	0.014551
-0.003004	0.009172	0.012594
0.004488	-0.005802	0.014989
0.008815	-0.031986	-0.010949
-0.003408	-0.024422	-0.006652
0.002659	-0.010753	-0.005467
0.004341	-0.002913	-0.004718
0.002130	-0.006552	-0.012591
-0.008183	0.007473	-0.008909
-0.008072	0.003136	-0.004513
-0.003996	0.004494	-0.002409
0.000837	-0.004068	-0.015314
0.003805	-0.010348	-0.022451
-0.001601	-0.006329	-0.021822
-0.001293	0.002484	-0.002723
-0.004797	0.005669	0.007448
-0.003570	0.016265	0.010928
0.001190	0.013488	0.008937
0.000272	0.007365	0.003788
-0.000683	0.004134	0.004095
0.012634	-0.019063	-0.012180
0.005700	-0.022818	-0.023519
-0.001939	0.003726	-0.004085
