-0.003159	0.004766	0.003045
-0.002740	0.004902	0.005772
-0.011040	0.009417	0.002624
-0.008756	0.007271	-0.000417
-0.001139	0.006891	0.006826
-0.000455	0.002756	0.002730
-0.004840	-0.003074	0.002296
-0.005942	0.000925	0.003664
-0.001829	-0.000611	0.000311
-0.005487	-0.001832	0.000934
-0.000955	-0.003231	0.000308
0.007302	-0.020829	-0.022465
0.037755	-0.049961	-0.035479
0.009689	-0.038947	-0.031720
0.008822	-0.024691	-0.021107
0.013214	-0.007225	-0.010062
0.005979	0.000523	0.011646
-0.003570	0.016265	0.010928
-0.006273	0.018275	0.011243
-0.003540	0.006078	0.015629
-0.007191	0.012152	0.006093
-0.001939	0.003726	-0.004085
0.005986	0.007819	0.001489
0.003621	0.004113	0.004835
0.002593	0.002327	-0.004711
