0.002887	-0.012131	-0.006833
-0.003416	0.020672	0.020477
-0.009351	0.033232	0.034751
-0.014449	0.041724	0.033711
-0.006494	0.031289	0.023218
-0.002733	0.016538	0.016382
-0.002696	0.013645	0.010925
0.000683	0.000206	0.016672
-0.005024	0.007048	0.008813
-0.002931	0.003388	0.001680
-0.003497	0.010481	0.000014
-0.002284	0.002146	0.003042
-0.003577	0.004630	0.000318
-0.003996	0.004494	-0.002409
0.003048	-0.000429	-0.007441
0.003129	0.005422	-0.007746
0.001183	0.001853	-0.001673
0.005480	-0.009804	-0.011544
0.007918	-0.007543	-0.005036
-0.001330	0.005376	0.002734
-0.008903	0.018840	0.021411
-0.003437	-0.009895	0.009415
0.000823	-0.022999	-0.015766
-0.000279	-0.019001	-0.014397
0.006009	-0.014004	-0.004420
