-0.001454	-0.013558	-0.022882
0.000455	-0.002756	-0.002730
0.001601	0.001989	0.001054
0.005259	0.003210	0.000431
0.009248	-0.012919	-0.007770
0.017805	-0.029000	-0.001287
-0.008652	-0.008701	-0.006631
-0.001293	0.002484	-0.002723
0.004459	0.000045	-0.010479
-0.001065	0.001106	-0.004089
-0.007088	-0.003820	-0.000120
-0.009563	-0.003189	-0.001170
-0.000499	-0.005987	-0.002422
0.001183	0.001853	-0.001673
-0.000646	0.001242	-0.001362
-0.006434	0.002233	-0.008916
0.007198	-0.000516	0.004516
0.004304	-0.000021	0.000739
-0.000228	0.001378	0.001365
-0.002740	0.004902	0.005772
-0.005560	0.003953	0.011848
-0.004341	0.002913	0.004718
-0.007265	0.017937	0.017008
-0.005620	0.028668	0.023214
0.004576	0.007344	0.004527
