0.001712	0.004518	0.004934
0.006405	-0.007955	-0.004215
0.003393	-0.003321	0.004184
0.002134	-0.001436	-0.003098
0.003067	-0.000295	-0.000214
0.003111	-0.006868	0.005017
0.003654	0.004597	0.005927
0.003346	0.009069	0.004258
0.003522	0.002461	0.002516
0.002057	0.000768	0.001676
0.006607	0.001443	-0.005353
0.002648	-0.000159	0.002513
0.000441	-0.002338	0.005081
0.001733	0.000147	0.002357
0.002284	0.002146	0.003042
0.002736	0.008550	0.000693
0.003063	0.005523	0.005091
0.000724	0.001209	0.004248
0.004345	-0.002905	-0.000587
-0.001708	-0.005996	0.010529
0.010449	0.006002	-0.018980
0.000951	0.002587	0.005613
0.001366	0.008269	0.008191
0.001561	0.003107	0.009178
0.006074	0.000890	-0.003309
