-0.004895	0.003076	0.010286
0.003514	-0.012098	0.004641
0.000452	0.006404	-0.002349
-0.001484	-0.000970	0.006815
0.002971	0.000462	0.001832
-0.001311	-0.003930	-0.000005
0.006423	-0.006509	-0.001487
0.001752	0.001593	0.005086
0.002527	0.008618	0.002056
0.002284	0.002146	0.003042
0.002876	0.001219	0.003878
0.000404	-0.003060	0.010007
0.003177	0.004042	-0.004610
-0.005384	-0.006221	0.007178
0.005391	-0.003245	-0.007404
0.000246	0.002824	0.004094
-0.000308	0.006643	0.008714
0.002721	0.003456	0.003043
-0.000400	0.001582	0.005455
0.004301	0.003669	-0.005818
0.000628	0.001966	0.006294
0.001506	-0.001232	0.000992
0.002306	-0.002226	0.000465
0.003067	-0.000295	-0.000214
