0.001943	0.000078	0.000994
0.000404	-0.005230	-0.000376
-0.000114	-0.000689	-0.000683
0.000533	0.000553	-0.002044
-0.002149	-0.003658	0.005448
0.000338	0.007885	0.007353
0.001594	0.009647	0.009556
0.004874	0.003466	0.002674
0.003067	-0.000295	-0.000214
0.002306	-0.002226	0.000465
0.004289	-0.005073	0.001611
0.001087	-0.001096	0.003719
0.000551	0.001999	0.000684
0.001047	0.001830	0.003567
0.000893	0.004066	0.002732
-0.000554	0.003819	0.004621
0.000037	0.002892	0.005457
0.000382	-0.000858	0.002200
0.000268	-0.001547	0.001517
0.001183	-0.001853	0.001673
0.005902	0.001680	-0.006872
-0.000301	-0.002822	0.008488
0.001209	0.014153	0.002277
0.000720	0.007027	0.009553
0.003845	0.003082	0.001836
