0.969384	0.172989	-0.174266	-0.079634	0.892825	0.443308	0.232276	-0.415859	0.879266
0.969425	0.173007	-0.174020	-0.079712	0.892732	0.443481	0.232078	-0.416050	0.879228
0.969528	0.172991	-0.173463	-0.079946	0.892723	0.443457	0.231569	-0.416076	0.879350
0.969627	0.172805	-0.173097	-0.079949	0.892753	0.443397	0.231154	-0.416091	0.879452
0.969725	0.172629	-0.172722	-0.079925	0.892706	0.443496	0.230750	-0.416264	0.879476
0.969666	0.172281	-0.173400	-0.079268	0.892685	0.443655	0.231225	-0.416452	0.879263
0.969698	0.171459	-0.174032	-0.078238	0.892782	0.443643	0.231439	-0.416583	0.879144
0.969657	0.171897	-0.173832	-0.078692	0.892672	0.443783	0.231460	-0.416638	0.879113
0.969624	0.172714	-0.173203	-0.079735	0.892613	0.443716	0.231240	-0.416428	0.879270
0.969687	0.172713	-0.172852	-0.080033	0.892861	0.443163	0.230873	-0.415895	0.879619
0.969602	0.172572	-0.173465	-0.079705	0.893021	0.442900	0.231340	-0.415611	0.879630
0.969307	0.172665	-0.175018	-0.079193	0.893212	0.442607	0.232751	-0.415162	0.879470
0.969277	0.171848	-0.175984	-0.078076	0.893416	0.442394	0.233251	-0.415062	0.879385
0.969370	0.171008	-0.176291	-0.077162	0.893482	0.442421	0.233170	-0.415267	0.879309
0.969208	0.171239	-0.176957	-0.076974	0.893293	0.442834	0.233905	-0.415577	0.878968
0.969120	0.171505	-0.177178	-0.077078	0.893200	0.443003	0.234233	-0.415667	0.878838
0.969001	0.172154	-0.177200	-0.077638	0.893098	0.443112	0.234540	-0.415618	0.878779
0.968778	0.172530	-0.178049	-0.077452	0.892814	0.443717	0.235520	-0.416073	0.878302
0.968089	0.171636	-0.182605	-0.074400	0.892641	0.444586	0.239308	-0.416813	0.876926
0.966988	0.173304	-0.186815	-0.074481	0.893327	0.443192	0.243694	-0.414647	0.876745
0.967286	0.173835	-0.184766	-0.075595	0.892744	0.444177	0.242162	-0.415679	0.876680
0.966935	0.175346	-0.185176	-0.076994	0.892955	0.443512	0.243122	-0.414590	0.876930
0.967114	0.174620	-0.184930	-0.076831	0.893686	0.442066	0.242463	-0.413320	0.877712
0.967278	0.174710	-0.183984	-0.077231	0.893482	0.442409	0.241679	-0.413724	0.877738
0.967380	0.174828	-0.183334	-0.077704	0.893586	0.442115	0.241119	-0.413448	0.878022
