0.980639	0.042209	-0.191219	0.047161	0.896844	0.439826	0.190058	-0.440329	0.877490
0.980642	0.044263	-0.190743	0.044985	0.897134	0.439463	0.190574	-0.439536	0.877775
0.980862	0.044316	-0.189596	0.044294	0.897436	0.438916	0.189601	-0.438914	0.878298
0.981102	0.043495	-0.188538	0.044523	0.897511	0.438739	0.188298	-0.438842	0.878614
0.981290	0.042882	-0.187700	0.044745	0.897399	0.438946	0.187264	-0.439132	0.878690
0.981386	0.042674	-0.187245	0.044635	0.897616	0.438513	0.186787	-0.438708	0.879003
0.981432	0.042512	-0.187039	0.044617	0.897782	0.438174	0.186548	-0.438383	0.879216
0.981541	0.042468	-0.186479	0.044339	0.897943	0.437872	0.186043	-0.438057	0.879485
0.981533	0.041700	-0.186694	0.045090	0.898021	0.437637	0.185904	-0.437973	0.879557
0.981440	0.041026	-0.187332	0.045953	0.898078	0.437429	0.186185	-0.437919	0.879524
0.981559	0.041169	-0.186671	0.045552	0.898027	0.437575	0.185650	-0.438009	0.879592
0.981737	0.041742	-0.185607	0.044564	0.898028	0.437674	0.184950	-0.437953	0.879768
0.981857	0.041867	-0.184944	0.044128	0.898095	0.437582	0.184417	-0.437805	0.879953
0.981970	0.041505	-0.184423	0.044282	0.897947	0.437871	0.183776	-0.438143	0.879919
0.982146	0.041405	-0.183508	0.044158	0.897481	0.438836	0.182865	-0.439105	0.879629
0.982366	0.041137	-0.182385	0.044004	0.897222	0.439383	0.181715	-0.439660	0.879590
0.982565	0.040915	-0.181361	0.043789	0.897113	0.439626	0.180689	-0.439903	0.879680
0.982693	0.040945	-0.180657	0.043507	0.896968	0.439950	0.180057	-0.440196	0.879663
0.982801	0.040747	-0.180116	0.043455	0.896935	0.440021	0.179482	-0.440280	0.879738
0.982950	0.040570	-0.179341	0.043331	0.896776	0.440358	0.178694	-0.440621	0.879728
0.983055	0.040674	-0.178739	0.043045	0.896586	0.440772	0.178183	-0.440997	0.879643
0.983111	0.040698	-0.178430	0.042903	0.896541	0.440878	0.177913	-0.441087	0.879653
0.983153	0.040707	-0.178195	0.042809	0.896493	0.440986	0.177702	-0.441185	0.879646
0.983161	0.041052	-0.178073	0.042469	0.896435	0.441136	0.177740	-0.441270	0.879596
0.983089	0.041892	-0.178270	0.041901	0.896200	0.441667	0.178268	-0.441668	0.879289
