0.940311	0.297839	-0.164643	-0.205184	0.882140	0.423944	0.271505	-0.364857	0.890598
0.940399	0.297745	-0.164308	-0.205246	0.882160	0.423873	0.271152	-0.364887	0.890693
0.940271	0.298095	-0.164407	-0.205559	0.882122	0.423799	0.271360	-0.364691	0.890710
0.940215	0.298314	-0.164329	-0.205855	0.882149	0.423599	0.271328	-0.364447	0.890820
0.940065	0.297975	-0.165796	-0.205049	0.882456	0.423352	0.272456	-0.363982	0.890666
0.940259	0.297472	-0.165602	-0.204688	0.882597	0.423231	0.272060	-0.364050	0.890759
0.940243	0.297777	-0.165143	-0.205206	0.882564	0.423050	0.271724	-0.363881	0.890930
0.940282	0.297843	-0.164799	-0.205492	0.882643	0.422746	0.271371	-0.363636	0.891138
0.940485	0.297073	-0.165031	-0.204750	0.882924	0.422518	0.271229	-0.363582	0.891203
0.940778	0.296042	-0.165212	-0.203631	0.883054	0.422789	0.271054	-0.364109	0.891041
0.940953	0.295462	-0.165255	-0.202958	0.883033	0.423156	0.270952	-0.364630	0.890859
0.941082	0.295166	-0.165048	-0.202829	0.883172	0.422928	0.270600	-0.364534	0.891006
0.941104	0.295125	-0.164996	-0.202902	0.883298	0.422629	0.270469	-0.364260	0.891157
0.941214	0.294652	-0.165215	-0.202423	0.883487	0.422464	0.270445	-0.364186	0.891195
0.941217	0.294454	-0.165553	-0.202082	0.883524	0.422550	0.270692	-0.364256	0.891091
0.941102	0.294703	-0.165765	-0.202203	0.883448	0.422651	0.271001	-0.364240	0.891004
0.940793	0.295148	-0.166723	-0.201975	0.883064	0.423561	0.272240	-0.364809	0.890393
0.940694	0.292548	-0.171784	-0.196956	0.883222	0.425591	0.276229	-0.366517	0.888461
0.936256	0.297342	-0.187116	-0.195897	0.883975	0.424514	0.291632	-0.360799	0.885875
0.934263	0.300199	-0.192440	-0.197799	0.885328	0.420797	0.296695	-0.355071	0.886508
0.934775	0.299311	-0.191333	-0.197540	0.885616	0.420312	0.295251	-0.355101	0.886978
0.934440	0.300292	-0.191433	-0.198651	0.885681	0.419652	0.295566	-0.354111	0.887269
0.934467	0.300991	-0.190199	-0.199803	0.885453	0.419585	0.294704	-0.354086	0.887565
0.934719	0.301903	-0.187496	-0.201466	0.884757	0.420258	0.292766	-0.355049	0.887822
0.934636	0.303344	-0.185573	-0.203571	0.884295	0.420216	0.291571	-0.354972	0.888246
