0.980201	0.060632	-0.188496	0.019934	0.916912	0.398591	0.197001	-0.394457	0.897549
0.980149	0.061142	-0.188597	0.019381	0.917156	0.398058	0.197311	-0.393811	0.897765
0.980225	0.061285	-0.188155	0.018945	0.917403	0.397509	0.196975	-0.393213	0.898100
0.980228	0.060936	-0.188253	0.019277	0.917465	0.397349	0.196928	-0.393122	0.898151
0.980141	0.060799	-0.188749	0.019554	0.917566	0.397103	0.197333	-0.392907	0.898155
0.980005	0.060900	-0.189422	0.019706	0.917621	0.396968	0.197993	-0.392763	0.898073
0.979957	0.060919	-0.189664	0.019753	0.917686	0.396815	0.198226	-0.392608	0.898090
0.979999	0.060853	-0.189470	0.019680	0.917796	0.396564	0.198027	-0.392362	0.898242
0.979832	0.061183	-0.190225	0.019604	0.917946	0.396220	0.198858	-0.391958	0.898234
0.979377	0.058994	-0.193238	0.023178	0.917303	0.397515	0.200709	-0.393796	0.897018
0.978569	0.057331	-0.197777	0.026743	0.916941	0.398125	0.204175	-0.394882	0.895757
0.978002	0.057918	-0.200396	0.027355	0.916775	0.398466	0.206796	-0.395183	0.895023
0.977684	0.058541	-0.201762	0.027451	0.916559	0.398957	0.208282	-0.395592	0.894498
0.977397	0.059877	-0.202756	0.026625	0.916556	0.399018	0.209729	-0.395397	0.894245
0.977522	0.061320	-0.201718	0.024733	0.916811	0.398556	0.209377	-0.394586	0.894686
0.977512	0.063798	-0.200998	0.021987	0.917110	0.398027	0.209730	-0.393496	0.895083
0.977460	0.065183	-0.200807	0.020510	0.917328	0.397604	0.210123	-0.392760	0.895314
0.977706	0.065309	-0.199564	0.019694	0.917691	0.396806	0.209053	-0.391890	0.895946
0.977953	0.065303	-0.198351	0.019040	0.918006	0.396110	0.207955	-0.391154	0.896523
0.978141	0.064913	-0.197550	0.018972	0.918205	0.395650	0.207074	-0.390750	0.896903
0.978279	0.063841	-0.197216	0.019865	0.918143	0.395750	0.206338	-0.391072	0.896932
0.978290	0.063521	-0.197267	0.020305	0.917910	0.396268	0.206244	-0.391671	0.896692
0.978361	0.062980	-0.197086	0.020951	0.917496	0.397193	0.205841	-0.392727	0.896323
0.978386	0.062715	-0.197045	0.021056	0.917732	0.396642	0.205710	-0.392218	0.896576
