0.002805	-0.025727	0.031093
-0.012017	-0.023669	0.011927
-0.024959	0.009790	-0.005720
-0.026362	0.002969	0.001400
-0.007088	0.008161	0.020888
-0.004562	-0.011587	0.004075
-0.007536	-0.006231	0.007548
-0.004635	-0.008691	0.034696
-0.015601	-0.003642	0.084521
0.004473	-0.014636	0.030795
-0.002586	-0.004968	0.005447
-0.019517	-0.018327	0.066467
0.007316	0.006238	0.042780
0.024518	0.007891	-0.042795
0.009901	-0.001814	-0.024969
0.007830	0.020689	-0.005426
0.001939	0.003726	-0.004085
0.005942	0.000925	0.003664
0.014477	-0.000478	0.012039
0.008932	0.016007	-0.045593
0.020641	0.035468	-0.100724
0.016491	0.039721	-0.067999
0.037732	0.010777	-0.053500
0.005854	0.009730	-0.027566
-0.012986	-0.001507	0.012071
