-0.005546	-0.014203	0.029235
0.000081	-0.001511	0.021072
0.001065	0.001106	-0.004089
-0.000191	0.001514	0.004092
0.005068	-0.001696	0.003661
-0.003614	-0.003182	0.014992
-0.003819	0.012923	-0.001231
0.013787	-0.001657	-0.022982
-0.005384	0.017804	0.005280
-0.003614	-0.007522	-0.005775
-0.003232	-0.006210	0.006808
-0.000874	-0.002620	-0.000003
-0.006669	0.003684	-0.002607
0.002130	0.002212	-0.008177
-0.005905	0.001968	0.001793
-0.012538	0.004204	-0.016124
-0.016122	0.006870	-0.026600
0.000331	0.008670	-0.033957
0.006868	0.026875	-0.036659
0.007110	0.009322	-0.035746
-0.012781	-0.017612	0.028295
-0.026744	-0.020350	0.117219
0.001461	-0.020853	-0.012724
0.003937	0.019147	-0.059107
0.006427	0.009528	-0.019074
0.022785	-0.007599	-0.001718
