0.004048	0.032164	-0.021968
0.002505	0.006479	-0.026519
0.008873	-0.000028	-0.015424
0.005751	0.002439	0.007756
-0.000720	-0.002686	0.011215
0.001652	-0.018027	0.003951
0.005237	-0.020693	0.014427
-0.003952	-0.008897	0.018024
-0.017482	-0.004354	-0.003866
-0.014999	-0.011018	0.005242
-0.005245	-0.002700	0.062282
-0.013338	0.020390	0.057089
-0.009115	0.008900	-0.027025
-0.003555	0.012853	-0.015177
0.032694	0.031341	-0.020326
-0.004068	0.033431	-0.033070
0.021536	0.016202	-0.070247
-0.010643	0.012333	-0.035824
-0.009064	-0.007138	-0.022020
-0.026730	-0.052302	0.054464
-0.027471	-0.007060	0.159812
-0.022829	-0.018686	0.072971
-0.001822	-0.019706	-0.052456
0.017695	0.015982	-0.035852
0.022110	0.029021	0.000547
