0.004804	0.005966	0.003162
0.006522	0.010913	-0.001546
0.004690	0.006655	0.003844
0.001697	0.002746	0.003100
0.002611	0.003051	0.002944
0.002097	0.002158	-0.001829
0.003753	0.001978	0.001423
0.003654	-0.002426	0.004456
0.000668	0.003130	0.003938
0.002060	0.005050	0.003628
0.005971	0.012913	-0.000862
0.003202	0.003977	0.002108
0.000573	0.002372	0.001892
0.001050	0.003988	0.001738
0.002651	0.005977	0.002792
0.003316	0.003288	0.001425
-0.000228	0.001378	0.001365
0.003467	0.001877	0.005669
0.003019	0.011929	-0.001758
0.005167	0.008271	0.003690
0.003202	0.003977	0.002108
0.002516	0.002294	0.000898
0.003908	0.004215	0.000589
0.001278	0.002610	0.000373
