0.003074	0.009760	0.000440
0.004480	0.006587	0.002481
0.002497	0.003740	0.003627
0.001811	0.002057	0.002417
0.000687	0.001683	0.001209
-0.000342	0.002067	0.002048
0.003030	0.003187	0.005671
0.002402	0.002983	0.001581
0.002079	0.003604	0.000900
0.001050	0.003988	0.001738
0.001638	0.001267	0.005981
0.000323	-0.000621	0.000681
0.000419	0.000136	0.002727
0.003606	0.009207	0.002484
0.005758	0.009197	0.002854
0.002879	0.004598	0.001427
0.001487	0.002678	0.001736
0.001487	0.002678	0.001736
0.000459	0.003062	0.002575
-0.000286	-0.000101	0.004246
