0.000209	0.000068	0.001363
0.003085	0.001019	0.007869
0.001183	0.001853	-0.001673
0.003511	0.008450	0.000438
0.002214	0.007287	0.002794
0.005340	0.009061	0.000127
0.000573	0.002372	0.001892
0.003735	0.003424	0.004152
0.002743	0.000916	-0.000467
0.000573	0.002372	0.001892
0.000305	0.000825	0.003409
0.003320	0.006936	-0.003654
0.002270	0.005118	0.004992
0.004003	0.004972	0.002635
0.004003	0.004972	0.002635
0.003680	0.005593	0.001954
0.003202	0.003977	0.002108
0.002608	-0.000597	0.008023
0.000591	0.000926	-0.000836
0.002174	0.004361	0.002946
0.003639	0.002667	0.002106
0.002361	0.000058	0.001733
0.001616	-0.003105	0.003404
