0.005164	0.004623	0.008769
0.004389	0.009478	-0.004644
0.005872	0.008508	0.002171
0.004289	0.005073	-0.001611
0.007404	0.017759	-0.001324
0.001616	-0.003105	0.003404
0.003030	0.003187	0.005671
0.002688	0.003084	-0.002665
0.004289	0.005073	-0.001611
0.003089	0.004666	0.002790
0.005281	0.007581	0.003008
0.003125	0.001774	-0.002667
0.002211	0.001469	-0.002511
0.006563	0.013839	-0.001698
0.001201	0.002577	0.005982
0.006339	-0.002990	0.006870
0.003926	0.002768	-0.002140
0.003202	0.003977	0.002108
0.004807	0.009614	-0.001917
0.004598	0.009546	-0.003281
0.002439	0.002261	0.006508
0.001109	0.005467	-0.001143
0.003070	0.006113	0.005519
