0.938840	-0.290807	0.184419	0.224116	0.922616	0.313928	-0.261441	-0.253397	0.931364
0.938937	-0.290556	0.184321	0.223823	0.922599	0.314188	-0.261343	-0.253747	0.931296
0.939080	-0.290098	0.184313	0.223351	0.922686	0.314270	-0.261232	-0.253958	0.931270
0.938808	-0.290603	0.184906	0.223674	0.922590	0.314321	-0.261935	-0.253729	0.931135
0.938651	-0.291357	0.184513	0.224325	0.922193	0.315020	-0.261941	-0.254303	0.930976
0.938542	-0.291598	0.184685	0.224537	0.922169	0.314941	-0.262147	-0.254117	0.930969
0.938562	-0.291421	0.184864	0.224301	0.922209	0.314993	-0.262279	-0.254175	0.930916
0.938403	-0.291629	0.185344	0.224326	0.922142	0.315170	-0.262826	-0.254179	0.930761
0.938365	-0.291893	0.185120	0.224708	0.922124	0.314949	-0.262635	-0.253940	0.930880
0.938343	-0.291907	0.185207	0.224707	0.922134	0.314921	-0.262714	-0.253887	0.930872
0.938293	-0.292042	0.185249	0.224739	0.922018	0.315239	-0.262866	-0.254154	0.930756
0.938237	-0.292186	0.185305	0.224906	0.922028	0.315091	-0.262921	-0.253954	0.930795
0.938272	-0.292092	0.185277	0.224898	0.922122	0.314822	-0.262805	-0.253720	0.930892
0.938266	-0.292149	0.185218	0.224983	0.922117	0.314776	-0.262754	-0.253673	0.930919
0.938444	-0.291938	0.184650	0.224921	0.922124	0.314799	-0.262172	-0.253889	0.931024
0.938572	-0.291597	0.184538	0.224773	0.922351	0.314237	-0.261840	-0.253454	0.931236
0.938757	-0.291022	0.184503	0.224368	0.922631	0.313706	-0.261523	-0.253097	0.931422
0.938818	-0.290863	0.184447	0.224256	0.922695	0.313596	-0.261402	-0.253046	0.931470
