0.869529	-0.458974	0.182376	0.391402	0.865606	0.312299	-0.301203	-0.200171	0.932314
0.869532	-0.458785	0.182840	0.391210	0.865800	0.312002	-0.301445	-0.199767	0.932322
0.869670	-0.458422	0.183093	0.390912	0.866065	0.311639	-0.301432	-0.199450	0.932394
0.869666	-0.458400	0.183166	0.390869	0.866079	0.311656	-0.301499	-0.199442	0.932374
0.869450	-0.458815	0.183155	0.391104	0.865771	0.312214	-0.301818	-0.199821	0.932189
0.869204	-0.459323	0.183047	0.391572	0.865492	0.312403	-0.301919	-0.199867	0.932147
0.869073	-0.459479	0.183279	0.391741	0.865485	0.312209	-0.302079	-0.199534	0.932166
0.869103	-0.459305	0.183575	0.391570	0.865636	0.312004	-0.302214	-0.199281	0.932177
0.868924	-0.459691	0.183453	0.391995	0.865460	0.311961	-0.302177	-0.199158	0.932215
0.868895	-0.459822	0.183261	0.392207	0.865409	0.311836	-0.301985	-0.199077	0.932295
0.868878	-0.459882	0.183194	0.392270	0.865368	0.311868	-0.301953	-0.199114	0.932297
0.868932	-0.459913	0.182857	0.392313	0.865283	0.312052	-0.301739	-0.199415	0.932302
0.868996	-0.459808	0.182821	0.392207	0.865321	0.312079	-0.301695	-0.199491	0.932300
0.868883	-0.460229	0.182296	0.392486	0.864912	0.312862	-0.301658	-0.200292	0.932140
0.868862	-0.460224	0.182406	0.392548	0.864985	0.312581	-0.301636	-0.199987	0.932213
