0.589523	-0.786181	0.185423	0.722580	0.615879	0.313959	-0.361026	-0.051103	0.931154
0.589257	-0.786452	0.185119	0.722767	0.615511	0.314253	-0.361088	-0.051378	0.931115
0.589403	-0.786316	0.185234	0.722786	0.615710	0.313818	-0.360810	-0.051081	0.931239
0.589654	-0.786136	0.185201	0.722589	0.615927	0.313847	-0.360797	-0.051237	0.931236
0.589617	-0.786171	0.185166	0.722577	0.615873	0.313977	-0.360879	-0.051330	0.931199
0.589438	-0.786299	0.185193	0.722722	0.615720	0.313944	-0.360881	-0.051208	0.931205
0.589430	-0.786332	0.185078	0.722823	0.615681	0.313790	-0.360692	-0.051178	0.931280
0.589422	-0.786371	0.184938	0.722899	0.615627	0.313720	-0.360554	-0.051222	0.931331
0.589351	-0.786411	0.184994	0.723002	0.615591	0.313553	-0.360462	-0.051042	0.931376
0.589387	-0.786388	0.184979	0.722963	0.615616	0.313594	-0.360482	-0.051096	0.931366
0.589457	-0.786348	0.184922	0.722860	0.615652	0.313761	-0.360573	-0.051276	0.931320
0.589345	-0.786456	0.184823	0.722940	0.615508	0.313861	-0.360598	-0.051356	0.931307
0.589460	-0.786323	0.185023	0.722960	0.615709	0.313419	-0.360369	-0.050984	0.931416
0.589285	-0.786412	0.185201	0.723255	0.615640	0.312872	-0.360064	-0.050423	0.931564
0.588813	-0.786788	0.185106	0.723574	0.615162	0.313076	-0.360195	-0.050406	0.931514
0.588480	-0.787103	0.184822	0.723612	0.614712	0.313872	-0.360662	-0.050968	0.931303
0.588453	-0.787093	0.184952	0.723550	0.614726	0.313986	-0.360831	-0.050944	0.931239
0.589005	-0.786626	0.185183	0.723102	0.615323	0.313847	-0.360828	-0.050951	0.931240
0.589128	-0.786479	0.185417	0.722834	0.615506	0.314108	-0.361165	-0.051025	0.931105
0.588955	-0.786599	0.185458	0.722777	0.615336	0.314572	-0.361561	-0.051224	0.930940
0.588747	-0.786723	0.185590	0.722834	0.615183	0.314738	-0.361783	-0.051151	0.930858
0.588735	-0.786776	0.185405	0.722973	0.615117	0.314549	-0.361525	-0.051143	0.930959
