0.981283	-0.034964	0.189369	-0.027177	0.948393	0.315931	-0.190642	-0.315164	0.929692
0.981304	-0.035155	0.189225	-0.026975	0.948350	0.316078	-0.190563	-0.315273	0.929671
0.981343	-0.034917	0.189066	-0.027223	0.948229	0.316420	-0.190326	-0.315663	0.929587
0.981437	-0.034481	0.188658	-0.027591	0.948085	0.316817	-0.189788	-0.316141	0.929535
0.981540	-0.034376	0.188140	-0.027569	0.948009	0.317046	-0.189258	-0.316381	0.929562
0.981557	-0.034005	0.188122	-0.027896	0.948043	0.316917	-0.189125	-0.316319	0.929610
0.981714	-0.031917	0.187667	-0.029783	0.947950	0.317023	-0.188017	-0.316815	0.929666
0.981676	-0.031964	0.187860	-0.029820	0.947919	0.317114	-0.188212	-0.316905	0.929595
0.981670	-0.031868	0.187905	-0.029942	0.947891	0.317185	-0.188221	-0.316997	0.929562
0.981762	-0.032009	0.187398	-0.029641	0.947896	0.317197	-0.187787	-0.316967	0.929660
0.981736	-0.032628	0.187428	-0.029036	0.947944	0.317109	-0.188018	-0.316760	0.929684
0.981755	-0.032770	0.187303	-0.028802	0.948043	0.316835	-0.187955	-0.316449	0.929803
0.981704	-0.032657	0.187590	-0.029028	0.947998	0.316949	-0.188186	-0.316595	0.929706
0.981767	-0.032768	0.187244	-0.028658	0.948256	0.316211	-0.187917	-0.315811	0.930027
0.981964	-0.032305	0.186290	-0.028612	0.948557	0.315311	-0.186893	-0.314954	0.930524
0.982186	-0.031326	0.185283	-0.029433	0.948189	0.316340	-0.185593	-0.316158	0.930376
0.982304	-0.030871	0.184733	-0.029837	0.947934	0.317066	-0.184903	-0.316967	0.930238
0.982272	-0.031094	0.184866	-0.029730	0.947830	0.317386	-0.185091	-0.317255	0.930102
0.982230	-0.031424	0.185031	-0.029490	0.947796	0.317512	-0.185349	-0.317327	0.930027
0.982043	-0.032252	0.185878	-0.029093	0.947603	0.318124	-0.186398	-0.317819	0.929649
