0.536868	-0.823156	0.184895	0.762091	0.567185	0.312279	-0.361924	-0.026746	0.931824
0.536341	-0.823522	0.184797	0.762229	0.566642	0.312928	-0.362416	-0.026979	0.931626
0.536451	-0.823439	0.184847	0.762305	0.566774	0.312504	-0.362094	-0.026733	0.931758
0.536660	-0.823271	0.184990	0.761917	0.567004	0.313032	-0.362600	-0.027045	0.931552
0.536588	-0.823326	0.184952	0.761829	0.566913	0.313412	-0.362892	-0.027272	0.931432
0.536872	-0.823157	0.184881	0.761978	0.567175	0.312572	-0.362156	-0.026936	0.931728
0.536767	-0.823227	0.184873	0.761840	0.567059	0.313119	-0.362602	-0.027228	0.931546
0.536262	-0.823616	0.184606	0.762101	0.566483	0.313526	-0.362801	-0.027443	0.931462
0.536301	-0.823576	0.184674	0.762140	0.566550	0.313312	-0.362663	-0.027282	0.931521
0.536435	-0.823549	0.184403	0.762099	0.566575	0.313366	-0.362550	-0.027567	0.931556
0.536430	-0.823555	0.184389	0.762187	0.566572	0.313158	-0.362373	-0.027448	0.931629
0.535438	-0.824184	0.184466	0.763066	0.565697	0.312598	-0.361990	-0.026617	0.931802
0.534437	-0.824857	0.184362	0.763880	0.564739	0.312341	-0.361753	-0.026096	0.931909
0.534602	-0.824841	0.183950	0.763788	0.564738	0.312569	-0.361703	-0.026601	0.931914
