0.006449	0.012358	-0.011400
0.006001	0.022409	-0.018827
-0.018415	0.027349	-0.005532
-0.021176	0.006025	0.009945
-0.014213	-0.004748	0.005217
-0.006023	-0.004926	0.003969
-0.004532	0.001399	0.000626
-0.000580	-0.011838	-0.002118
-0.000235	-0.010257	-0.009245
0.012068	-0.011970	-0.013846
0.019839	-0.007944	0.002946
0.030417	-0.021900	0.013210
0.016527	-0.003244	0.017210
0.007169	0.014012	0.020583
-0.040920	-0.009298	0.010944
-0.020567	0.007676	0.016764
0.011730	-0.001915	0.003890
0.018510	-0.006908	-0.015088
0.015241	0.002195	-0.016439
-0.001175	0.005443	-0.008485
-0.005494	-0.013467	-0.009676
-0.003070	-0.030137	-0.003620
-0.005494	-0.013467	-0.009676
-0.009938	0.001078	-0.019512
-0.008719	0.000038	-0.026642
