0.004371	-0.013101	-0.000017
0.000646	-0.001242	0.001362
-0.011532	0.010725	-0.009956
-0.001065	0.001106	-0.004089
-0.001939	0.003726	-0.004085
0.009145	0.003053	-0.001556
0.003695	-0.001671	-0.006080
-0.000690	-0.007501	-0.006514
-0.009402	0.008513	-0.001779
-0.010048	0.009755	-0.003141
-0.011355	-0.006692	-0.006316
-0.002813	0.006346	-0.004082
0.001719	0.004947	-0.004708
-0.001175	0.005443	-0.008485
-0.006236	0.011042	-0.014982
-0.012112	-0.001113	-0.012074
-0.012655	-0.011503	0.001118
-0.013794	-0.004612	0.007944
-0.018664	0.002501	0.005539
-0.034882	0.010219	-0.013341
-0.007095	-0.015456	-0.010730
0.006515	0.003618	0.008612
-0.011378	0.019472	0.020361
-0.035140	0.030465	0.024859
