-0.006897	0.006647	0.016796
0.001139	0.006891	0.006826
0.011047	0.002121	0.012782
0.010863	-0.008000	0.006264
-0.000690	0.007501	0.006514
-0.003497	-0.010481	-0.000014
-0.000338	-0.005715	0.003031
-0.000382	0.003028	0.008184
0.001859	0.009577	-0.004389
-0.010217	0.009242	-0.007626
-0.003202	0.003977	0.002108
0.015910	0.016530	0.000219
0.009563	-0.003189	-0.001170
-0.005611	0.016426	0.003914
-0.002064	0.010868	0.008933
-0.005722	0.012089	0.008311
-0.015954	-0.007787	0.004934
-0.018855	-0.000987	-0.001447
-0.009600	0.000297	-0.004287
0.001035	-0.009082	0.000612
-0.000228	-0.001378	-0.001365
0.002835	-0.019880	0.005624
-0.001403	-0.006821	0.007120
-0.013669	-0.005641	0.007975
-0.013618	-0.021680	0.012981
