-0.001836	0.007906	-0.010469
0.008689	-0.005809	-0.001174
0.002813	0.006346	-0.004082
-0.006927	-0.007881	0.000729
-0.007727	-0.004717	0.011640
0.000543	-0.010390	0.013192
-0.008183	-0.007473	0.008909
-0.006956	-0.018069	0.005430
-0.005891	-0.016963	0.001341
-0.011914	-0.012037	-0.002628
-0.002659	-0.010753	-0.005467
0.007058	-0.014008	0.004581
0.007668	-0.015658	-0.002238
0.008623	-0.018889	-0.001930
0.001102	0.003998	0.001369
-0.011164	0.009518	0.022992
-0.003584	0.007006	0.010292
0.004980	0.011451	-0.006802
-0.000455	-0.002756	-0.002730
0.006978	-0.008157	0.004276
0.010107	-0.013579	0.012022
0.007205	-0.006779	0.005641
-0.002314	-0.012333	0.001659
-0.001139	-0.006891	-0.006826
