-0.004113	-0.001535	-0.003353
-0.003497	-0.010481	-0.000014
0.000419	-0.000136	-0.002727
-0.005553	-0.006908	0.019077
-0.003614	-0.003182	0.014992
-0.001484	-0.000970	0.006815
0.003430	-0.002599	-0.000743
0.010290	-0.007798	-0.002228
0.011892	-0.009787	-0.003282
0.010592	-0.004975	-0.010716
-0.001212	-0.008335	0.003028
0.013801	-0.016248	-0.002666
0.016659	-0.014305	0.008867
0.019736	-0.003688	0.011608
0.013500	-0.019070	0.005822
-0.000308	0.004473	-0.001670
-0.018172	0.003147	0.002649
-0.010856	0.000705	0.003894
-0.000808	0.010460	0.000753
0.005905	-0.006308	-0.022561
0.008123	-0.012902	0.000492
0.017217	0.004424	0.017811
-0.003658	0.005561	0.020145
-0.011415	-0.013683	0.015718
-0.009255	-0.001284	0.002840
