-0.006501	-0.015313	0.008160
-0.006023	0.004926	-0.003969
-0.003166	0.002529	-0.013203
-0.000228	-0.001378	-0.001365
-0.004753	-0.010072	0.008167
-0.003041	-0.007724	0.002716
-0.009975	-0.008311	-0.006713
-0.012950	-0.002955	-0.003240
-0.002740	-0.004902	-0.005772
0.008087	-0.015794	-0.004965
0.007624	-0.006915	0.002915
-0.006339	0.016694	-0.015796
-0.013221	0.004410	0.000548
0.000948	0.004065	-0.009850
0.010695	0.010997	-0.004503
0.006200	0.016831	0.021096
0.003402	0.039603	0.020929
0.004944	0.012899	0.008509
0.003453	0.019224	0.005167
0.002388	0.018118	0.009255
0.001697	0.021279	-0.004998
0.009806	0.027308	-0.004054
0.002160	0.016740	0.007890
-0.004010	0.014437	0.002861
-0.012142	-0.013415	-0.003993
