0.000221	0.008673	-0.008793
-0.003393	0.001151	-0.014568
-0.007852	0.005537	-0.004280
0.000808	-0.010460	-0.000753
0.008609	0.000042	-0.001478
0.001675	0.003796	0.009860
-0.014330	0.012047	0.009789
-0.004033	-0.003046	0.017719
0.005751	0.002439	0.007756
-0.003915	-0.010345	0.002713
-0.004194	0.004316	-0.003657
-0.001903	-0.005174	-0.011225
-0.000044	0.004403	-0.015615
-0.003122	-0.001874	0.002412
-0.003973	0.012989	-0.012450
-0.002637	0.006730	-0.020326
0.007389	-0.000998	-0.008608
0.004077	-0.001357	-0.002104
-0.002314	-0.012333	0.001659
-0.010416	-0.025657	0.010873
-0.002733	-0.003517	0.045921
0.000345	0.002760	0.027894
0.011305	0.013687	0.009446
-0.000051	0.016039	-0.005005
-0.037202	0.041473	0.042580
