0.021117	-0.018690	-0.001421
0.034727	-0.029084	0.020773
0.029990	-0.010038	0.024691
0.024356	-0.019775	0.001929
0.028653	-0.012459	-0.008968
0.011928	-0.006894	0.002176
0.005758	-0.009197	-0.002854
-0.006185	-0.031421	-0.000781
-0.007852	0.009877	0.016488
-0.010695	-0.010997	0.004503
-0.003665	0.008516	-0.010780
0.021558	-0.001344	-0.019006
0.020588	-0.022891	0.005702
0.003577	0.008970	0.021086
-0.021859	-0.005819	0.006727
-0.017261	0.004319	-0.012658
0.000448	0.010052	-0.007428
0.005891	0.021303	0.019427
0.001366	0.008269	0.008191
-0.000720	-0.007027	-0.009553
-0.033876	0.014221	-0.005911
-0.056778	0.024779	-0.009954
-0.045723	0.015264	-0.007782
-0.009865	-0.003974	-0.011109
0.027169	-0.013429	-0.002153
0.016122	-0.011210	0.005833
