0.002130	-0.002212	0.008177
0.001521	-0.003862	0.001358
-0.001102	0.003998	0.001369
-0.001065	0.001106	-0.004089
-0.000191	-0.001514	-0.004092
-0.003041	0.007724	-0.002716
0.002057	-0.000768	-0.001676
0.007037	-0.012218	0.005125
-0.002335	-0.013893	0.008047
0.001183	0.001853	-0.001673
0.002740	-0.004902	-0.005772
-0.000683	0.004134	0.004095
-0.003239	-0.001085	0.003349
0.001521	-0.003862	0.001358
0.000000	0.000000	-0.000000
0.006809	-0.010840	0.006490
-0.001330	0.005376	0.002734
-0.001829	-0.000611	0.000311
-0.000455	0.002756	0.002730
-0.002395	0.006482	-0.001355
-0.004451	0.007250	0.000322
-0.015991	0.015020	0.021291
0.000955	0.007571	0.020460
-0.004797	0.005669	0.007448
-0.010056	0.002460	0.007017
