0.001028	-0.002554	-0.011222
0.007543	0.001064	-0.002610
0.004334	-0.010208	0.005440
-0.005017	0.014343	-0.001344
-0.012788	0.018997	0.023399
-0.006494	0.031289	0.023218
0.002952	0.027179	0.009382
-0.014081	0.017141	-0.000092
-0.002050	0.012403	0.012286
-0.014521	-0.009221	0.006887
-0.004730	-0.007410	0.006692
0.008645	-0.002934	-0.003979
0.007088	-0.000520	-0.020648
0.001829	0.000611	-0.000311
0.021425	0.023163	-0.000249
0.006743	-0.002100	-0.013521
0.005473	-0.017099	-0.001386
0.002608	-0.022451	0.020305
0.001477	-0.008265	0.016973
0.006068	-0.030039	0.025749
-0.003180	-0.017120	0.033519
-0.015322	-0.008045	0.016744
-0.005678	-0.003346	-0.003158
-0.001447	-0.001922	-0.012272
-0.006633	-0.006577	-0.002850
