0.003973	0.012989	-0.012450
-0.002542	0.013711	-0.000294
-0.002960	0.017916	0.017747
-0.002946	0.041187	0.038966
0.015071	0.044268	0.052834
0.005625	0.044037	0.045902
-0.001514	0.019838	0.030019
-0.001366	0.008269	0.008191
0.003166	0.002529	-0.013203
0.009791	-0.002530	-0.020962
0.016108	-0.012061	-0.027052
0.013794	0.000272	-0.028712
-0.003246	-0.017061	-0.028028
-0.010217	-0.013582	-0.013142
-0.011561	-0.022797	0.009907
-0.002725	-0.024217	0.010021
-0.000088	-0.013146	0.010462
0.004789	-0.012965	0.002710
-0.000646	0.001242	-0.001362
-0.001939	0.003726	-0.004085
0.011627	0.009717	-0.010664
0.009269	0.013307	-0.017476
-0.001550	0.009709	-0.026827
0.000279	0.014660	-0.006370
0.003819	0.012923	-0.001231
