-0.002703	-0.002331	-0.020453
-0.004282	-0.021802	-0.006648
-0.008726	-0.002917	0.004283
-0.003122	0.001874	-0.002412
-0.005222	-0.006102	-0.005888
-0.004371	0.013101	0.000017
0.017445	-0.001462	0.001591
-0.012986	0.001507	-0.012071
0.010525	0.018055	0.011472
0.010401	0.003461	0.006624
-0.024232	-0.005181	0.006777
-0.008586	-0.017441	0.013380
0.010269	-0.018428	0.011934
-0.016320	-0.024360	-0.008869
0.004877	0.000181	-0.007753
0.012317	0.017218	-0.004149
0.017974	-0.005662	0.008715
0.002622	-0.007861	-0.000010
-0.004980	0.011451	-0.006802
0.002813	-0.006346	0.004082
-0.002740	0.004902	0.005772
-0.009600	-0.000297	0.004287
-0.006243	0.003747	-0.004824
0.010753	0.012337	-0.010660
0.000308	0.004473	-0.001670
