-0.001755	-0.006395	-0.010603
0.006398	-0.003681	-0.006394
0.001293	-0.002484	0.002723
-0.002057	0.000768	0.001676
0.000000	0.000000	-0.000000
0.000228	-0.001378	-0.001365
0.000536	0.003095	-0.003035
-0.003996	0.004494	-0.002409
0.005186	0.004654	-0.009422
0.004371	-0.013101	-0.000017
-0.007815	-0.008429	-0.001177
0.000580	0.007498	-0.018650
0.010166	-0.006796	-0.002621
-0.005751	0.002439	0.007756
-0.012950	0.002955	0.003240
0.000037	-0.002892	-0.005457
0.000419	0.000136	0.002727
0.001403	-0.006821	0.007120
-0.001902	0.000834	-0.009542
0.009138	-0.008583	-0.012166
0.011848	0.001043	-0.001871
0.003886	-0.000157	-0.001988
-0.000389	-0.010324	0.001974
0.002351	-0.010885	0.016970
0.000529	-0.004201	0.007123
