0.005031	-0.008928	-0.022564
-0.005039	0.011883	-0.008361
-0.015020	0.019549	0.016303
0.002505	0.010819	-0.005751
0.003533	0.013373	0.005471
0.007845	0.006099	0.014890
-0.002006	-0.016806	0.003329
-0.003460	-0.007588	0.005443
0.008116	-0.001266	0.011102
0.003467	0.000293	0.004715
0.002673	-0.008178	0.005015
0.005024	0.007048	0.008813
0.005597	0.002505	-0.003462
0.000646	0.001242	-0.001362
0.005524	0.001061	0.006391
0.006170	0.002303	0.005029
-0.000198	0.008809	-0.006066
0.000324	0.024646	-0.002579
0.007256	-0.027158	-0.010121
-0.012545	0.015840	-0.005515
-0.019002	-0.012557	-0.023275
-0.001021	-0.009849	-0.001064
-0.001007	-0.028780	-0.001516
-0.007764	-0.007609	0.006182
0.004297	0.011656	0.009871
