0.003842	0.008900	0.007140
0.004870	0.007114	-0.002405
-0.005362	-0.012762	-0.005782
-0.004267	0.002871	0.006196
-0.000455	-0.002756	-0.002730
0.005222	-0.006102	-0.005888
0.003099	-0.019950	-0.008321
-0.001286	-0.014120	-0.007886
0.001939	0.003726	-0.004085
0.003988	-0.036260	-0.008770
-0.017584	0.032063	0.006892
-0.012803	-0.000066	-0.022947
-0.001197	0.025124	0.019547
-0.001447	-0.002418	-0.008495
0.005289	0.006978	-0.005132
0.009145	0.001287	0.022324
0.006582	0.013802	0.012912
-0.004451	-0.007250	-0.000322
-0.000646	-0.001242	0.001362
-0.000529	-0.008541	-0.013644
-0.000683	-0.004134	-0.004095
0.002593	-0.002327	0.004711
-0.000646	-0.001242	0.001362
0.000646	0.001242	-0.001362
