0.024247	0.023937	0.002528
0.008565	0.008785	0.003674
-0.005105	0.003144	0.011650
-0.003893	0.011479	0.008622
0.008204	-0.018753	0.000797
-0.009364	0.042429	0.003440
0.002475	-0.003709	-0.021818
0.011657	0.000471	0.005963
0.004972	-0.024963	0.007605
-0.003849	0.002735	0.003469
0.007720	0.020693	0.019738
-0.001564	0.009221	0.027279
-0.020354	-0.026735	0.030385
-0.019590	-0.028452	0.034785
-0.006141	-0.035824	0.014834
0.005310	-0.019248	0.004574
0.012582	-0.017288	-0.009796
0.013244	0.008732	-0.036174
0.001469	0.011220	-0.047899
0.004833	-0.000119	-0.028630
-0.005722	0.016430	0.029078
-0.022756	-0.025922	0.021582
-0.029697	-0.014873	0.022763
-0.012950	0.001385	0.017528
0.000331	0.013010	-0.013189
