0.003922	-0.005631	-0.034091
-0.012729	0.005718	-0.012032
-0.017592	-0.008691	0.000531
-0.016798	-0.000220	0.000230
0.002850	0.013579	0.022143
0.005678	0.000994	0.017610
-0.002659	-0.006413	0.015300
-0.005898	-0.005327	0.011951
-0.008829	-0.013056	-0.010497
-0.002740	-0.004902	-0.005772
0.006934	0.000586	0.009429
0.011422	0.010728	0.015208
0.001410	-0.000474	0.003038
-0.007801	-0.010502	0.000725
-0.009320	0.038026	0.019054
-0.001065	-0.005446	-0.016679
0.015924	-0.002401	-0.000233
0.014411	-0.017898	-0.009485
-0.004555	-0.031903	-0.048070
0.006979	0.035552	-0.020288
0.017343	0.037879	0.009166
0.004804	-0.005966	-0.003162
-0.002284	0.002195	0.017726
0.000874	0.006960	0.020771
0.000955	0.001110	0.021075
