0.013126	0.016031	-0.021168
0.003269	0.004762	-0.022119
0.001748	0.005240	0.000007
-0.006625	-0.005059	-0.007760
-0.004150	-0.004427	-0.008810
0.006736	0.009396	0.003363
0.003540	0.001737	-0.005139
-0.002938	0.008248	0.008930
0.000529	0.008541	0.013644
0.001410	-0.000474	0.003038
0.000007	-0.007295	0.010158
-0.002696	-0.009305	0.009843
-0.005891	-0.016963	0.001341
-0.005282	-0.018613	-0.005478
-0.012530	0.049299	0.011004
-0.008227	-0.007411	-0.027473
0.002204	0.007997	0.002737
0.006941	-0.011049	-0.001181
-0.010636	0.009378	-0.004899
0.002365	-0.003705	0.003346
0.009828	0.001082	0.005652
-0.007074	-0.015110	-0.000332
-0.015080	-0.005167	0.004937
-0.010658	-0.012445	-0.010808
-0.003313	-0.000359	0.006504
