0.002820	-0.005289	-0.014691
0.004877	-0.004522	-0.013015
0.007551	-0.012700	-0.008000
0.001447	-0.001922	-0.012272
-0.006236	-0.015383	-0.005786
0.006647	-0.025508	-0.003302
-0.011906	0.033058	0.024501
-0.019421	-0.012420	-0.020548
0.000382	-0.003028	-0.008184
0.019090	-0.009270	-0.007798
-0.000419	-0.004204	-0.018041
0.004311	-0.011615	-0.011349
0.028478	0.018173	-0.009125
0.007058	-0.018348	-0.016187
0.002512	0.003524	0.004407
0.001829	-0.004951	-0.020456
0.005450	-0.009064	-0.025291
0.003540	0.001737	-0.005139
0.007808	-0.001134	-0.011335
-0.005031	0.004588	0.001796
-0.004135	0.033372	0.028477
0.001167	-0.026631	0.026689
-0.007594	0.021443	0.013152
-0.012920	0.011573	0.012827
-0.010628	0.006423	0.026027
