0.000569	0.003445	0.003413
-0.000970	-0.001863	0.002043
-0.001274	-0.001038	0.005452
0.001678	-0.002022	0.004555
0.000859	-0.002474	0.002354
-0.000683	-0.001964	0.006288
0.000268	-0.001547	0.001517
-0.000305	0.000825	0.003409
-0.000419	0.000136	0.002727
-0.000400	0.001582	0.005455
0.000246	0.002824	0.004094
-0.000305	0.000825	0.003409
-0.000742	-0.000485	0.003408
-0.001693	-0.000902	0.008179
0.000459	-0.003062	-0.002575
0.000632	-0.003852	0.000989
-0.001902	-0.000834	0.009542
0.000474	0.004202	0.005459
-0.001373	0.003367	0.002419
0.000114	0.000689	0.000683
-0.000588	-0.002721	0.004242
-0.000055	-0.002168	0.002198
-0.000951	-0.000417	0.004771
-0.000951	-0.000417	0.004771
-0.000305	0.000825	0.003409
-0.001616	-0.003105	0.003404
