-0.000856	-0.001174	0.002725
-0.001219	0.001130	0.003254
0.000114	0.000689	0.000683
-0.001583	0.003435	0.003782
0.002420	-0.003707	-0.009236
0.001201	-0.000406	0.004402
-0.000591	0.003096	0.009547
0.001620	-0.000543	0.001675
-0.000209	0.000068	0.001363
-0.000191	0.001514	0.004092
0.001564	-0.002711	0.003873
0.001774	-0.002779	0.002509
-0.000151	-0.001411	0.004244
-0.000114	-0.000689	-0.000683
-0.001407	-0.003173	0.002041
0.000059	-0.001479	0.002881
-0.000151	-0.001411	0.004244
0.000228	0.001378	0.001365
-0.000419	0.000136	0.002727
0.001370	0.002451	0.002886
0.003067	-0.000295	-0.000214
-0.001638	0.001267	0.005981
0.005869	-0.004860	-0.007250
0.000077	-0.000033	0.005609
0.000477	0.000555	0.010538
