-0.004363	0.003629	0.008242
0.001120	0.003274	-0.006287
-0.001047	0.000340	0.006817
0.005299	-0.006135	-0.000279
0.002082	-0.007252	0.004179
0.001241	-0.003332	0.004554
0.001733	0.000147	0.002357
0.000228	0.001378	0.001365
0.000779	0.003377	0.002049
0.001370	0.002451	0.002886
-0.000095	0.000757	0.002046
-0.001851	0.004982	0.002265
-0.000095	0.000757	0.002046
-0.000551	-0.001999	-0.000684
-0.000723	0.000961	0.006136
0.005373	-0.004691	-0.010133
0.000173	-0.000790	0.003563
0.000419	0.002034	0.007657
-0.000668	0.003130	0.003938
-0.000323	-0.000621	0.000681
-0.000342	-0.002067	-0.002048
-0.000228	-0.001378	-0.001365
-0.001675	-0.001626	0.000523
-0.004782	0.001594	0.000585
-0.001998	-0.002247	0.001204
