0.001678	-0.002022	0.004555
0.001105	0.000351	0.006448
0.000228	0.001378	0.001365
-0.004246	-0.001500	0.003620
0.005835	-0.011400	-0.007628
-0.000107	-0.007984	0.009475
0.000620	-0.012593	0.008418
-0.003004	-0.004832	0.008174
-0.003702	0.007794	-0.005854
-0.005725	0.013567	-0.007152
-0.008594	0.005052	-0.000872
-0.005825	-0.003883	0.002097
-0.002931	-0.003388	-0.001680
0.000885	0.011362	-0.007426
0.003515	0.011927	0.002742
0.004587	0.005738	0.008812
0.001792	-0.001333	0.005238
0.004135	-0.002837	0.000776
0.003772	-0.000532	0.001305
0.007485	0.000415	-0.000270
0.003731	0.004564	0.011537
0.009108	-0.005945	-0.003901
0.001906	-0.000644	0.005921
0.000591	0.001244	0.011220
0.002171	0.001457	0.002359
