-0.000970	-0.001863	0.002043
-0.000951	-0.000417	0.004771
-0.000951	-0.000417	0.004771
-0.000305	0.000825	0.003409
-0.001542	0.000509	0.003935
-0.000305	0.000825	0.003409
-0.000286	0.002271	0.006138
-0.000419	0.000136	0.002727
-0.000533	-0.000553	0.002044
-0.000856	-0.001174	0.002725
-0.001179	-0.001795	0.003406
-0.000856	-0.001174	0.002725
0.001620	-0.000543	0.001675
0.000096	0.001413	0.008338
0.002020	-0.002125	-0.003781
0.002075	0.002214	0.004405
0.000437	0.003480	0.010386
0.000911	0.005513	0.005461
-0.002079	0.003604	0.000900
0.000000	0.000000	0.000000
-0.000929	-0.004789	0.002195
0.001451	-0.003400	0.003190
-0.000360	-0.001343	0.005608
-0.000037	-0.000722	0.004927
-0.000533	-0.000553	0.002044
