-0.005542	-0.000337	0.001264
-0.009674	-0.001148	0.005567
-0.001366	-0.008269	-0.008191
-0.001825	-0.003037	0.004768
-0.000059	0.003649	0.007503
0.002156	-0.003637	0.004709
0.000132	0.002135	0.003411
-0.000114	-0.000689	-0.000683
-0.000209	0.000068	0.001363
0.002534	-0.000848	0.001830
0.000022	-0.002201	0.007807
0.000022	-0.002201	0.007807
0.000059	-0.001479	0.002881
0.000933	0.001141	0.002884
0.001256	0.001762	0.002203
0.001047	0.001830	0.003567
0.000342	0.002067	0.002048
0.000797	0.004823	0.004778
0.002990	0.001908	0.004561
0.002857	-0.000227	0.001149
0.002193	-0.000745	0.010166
0.001146	-0.004745	-0.003784
0.001201	-0.000406	0.004402
0.002630	0.000565	0.010168
