-0.004914	-0.000541	-0.002826
-0.013284	-0.012317	0.004870
-0.004389	-0.014547	-0.002746
-0.005682	-0.014861	0.010361
-0.000757	-0.005579	0.005758
0.001146	-0.002575	0.006600
-0.000856	-0.001174	0.002725
0.008340	0.001589	-0.002996
0.007738	-0.004056	0.013981
0.004139	-0.004314	0.016239
-0.002453	-0.002833	0.008858
-0.008333	0.010800	-0.009513
-0.000830	0.012661	-0.007055
0.002490	0.005725	-0.003401
0.004121	0.018264	0.011612
0.004620	0.012278	0.009190
0.004477	-0.000769	0.002824
0.011568	-0.010408	-0.002601
0.002670	-0.002360	0.010320
0.002156	-0.001467	0.015093
0.008994	-0.004464	0.005801
0.008762	-0.024049	0.011639
0.001487	-0.000508	0.008647
-0.003070	0.006113	0.005519
-0.006181	-0.011044	0.002400
