0.000000	0.000000	0.000000
-0.002248	0.000747	0.002416
0.001065	0.001106	-0.004089
0.000323	0.000621	-0.000681
-0.001825	-0.003037	0.004768
0.000037	0.002892	0.005457
0.000837	0.001898	0.004930
0.000437	0.001310	0.000002
0.000893	0.004066	0.002732
0.002457	0.001355	0.006605
-0.000095	0.000757	0.002046
-0.000209	0.000068	0.001363
-0.001010	0.001062	0.001890
-0.001656	-0.000180	0.003252
-0.001447	-0.000248	0.001889
-0.003276	0.000363	0.001577
0.001010	-0.001062	-0.001890
-0.001028	0.001786	0.009546
-0.000095	0.000757	0.002046
-0.001124	0.000373	0.001208
-0.001142	-0.001073	-0.001521
-0.002376	-0.005036	0.004083
-0.001252	-0.005410	0.002876
-0.002093	-0.001490	0.003250
-0.000646	-0.001242	0.001362
