0.000173	-0.000790	0.003563
-0.002134	0.001436	0.003098
-0.000018	-0.001446	-0.002729
0.000745	-0.003163	0.001671
-0.000077	0.002203	0.004775
0.001484	0.003140	0.003568
-0.001010	0.001062	0.001890
0.000610	-0.001650	-0.006819
-0.000062	0.007297	0.002424
-0.000353	-0.010809	0.005382
-0.000856	-0.001174	0.002725
0.000878	-0.001027	0.005082
-0.000323	-0.000621	0.000681
0.000000	0.000000	0.000000
0.002251	-0.004394	0.002663
0.000059	-0.001479	0.002881
-0.000323	-0.000621	0.000681
0.001451	-0.003400	0.003190
0.000536	-0.003095	0.003035
-0.000551	-0.001999	-0.000684
-0.001388	-0.001727	0.004769
0.003544	-0.004080	-0.010444
-0.000610	0.001650	0.006819
0.001120	0.005444	0.004097
0.000683	0.004134	0.004095
