0.001943	0.000078	0.000994
-0.002398	-0.000665	0.006660
0.001238	0.000316	-0.000525
0.000992	-0.000338	0.005765
0.001678	-0.002022	0.004555
0.000286	-0.000101	0.004246
-0.001388	-0.001727	0.004769
-0.001065	-0.001106	0.004089
-0.000970	-0.001863	0.002043
-0.000856	-0.001174	0.002725
0.000132	0.002135	0.003411
-0.001271	-0.006856	0.000147
-0.000250	0.002993	0.001211
-0.000779	-0.001207	0.008334
-0.000554	0.003819	0.004621
0.000000	0.000000	0.000000
-0.004337	-0.004391	0.010745
0.004440	-0.003662	-0.002633
-0.000951	-0.000417	0.004771
-0.000705	0.002407	0.008865
-0.000382	0.003028	0.008184
0.000000	0.000000	0.000000
-0.003217	-0.001116	0.004458
0.001983	-0.002847	0.001146
-0.001025	-0.004031	0.004241
