0.001513	-0.010697	0.000766
0.005035	-0.008236	0.003282
0.007958	-0.019407	0.007087
0.011899	-0.017082	0.006876
0.011723	-0.010474	0.008618
0.007301	-0.005366	0.013979
0.011543	-0.000218	0.005281
0.005219	0.001886	0.009800
0.007907	-0.003369	0.002082
-0.000099	0.008745	0.017735
-0.007995	0.023025	0.018608
-0.012053	0.021488	0.002673
-0.014495	0.023057	-0.016666
-0.013328	0.013940	-0.023027
-0.008326	0.001335	-0.009739
-0.000353	-0.010809	0.005382
0.002530	-0.019055	0.009034
0.004623	-0.017565	0.005783
0.003555	-0.015023	0.004793
0.002736	-0.015475	0.002591
0.005138	-0.018458	0.001011
0.007062	-0.017656	0.009660
0.005211	-0.012673	0.011925
0.008660	-0.015997	0.003527
0.003761	-0.009274	0.008734
