0.000000	0.000000	0.000000
-0.000841	0.003920	0.000375
0.000477	-0.001615	0.000154
0.002292	-0.007320	0.002816
0.005707	-0.015013	0.004423
0.005879	-0.017973	-0.002397
-0.003529	0.007004	-0.002290
-0.009005	0.019747	-0.000270
-0.010044	0.010622	0.006321
0.001105	0.000351	0.006448
0.000191	0.000656	0.006292
0.002663	0.000595	-0.020605
-0.004014	-0.005940	-0.000320
0.002618	-0.010346	0.007214
0.007220	0.000485	0.013675
0.004198	0.016061	0.006838
-0.002016	0.022502	0.006961
0.002023	-0.005772	0.001298
-0.001895	-0.010299	0.009316
-0.001972	-0.010266	0.003707
-0.004227	-0.002224	-0.004035
-0.005237	-0.001162	-0.002145
-0.001098	-0.007646	0.003710
0.002097	-0.002158	0.001829
0.000639	0.010707	-0.001136
