-0.000151	-0.001411	0.004244
-0.001065	-0.001106	0.004089
-0.000723	0.000961	0.006136
0.000514	0.001277	0.005611
-0.000400	0.001582	0.005455
-0.000723	0.000961	0.006136
0.000496	-0.000169	0.002882
-0.000588	-0.002721	0.004242
0.001087	-0.001096	0.003719
-0.000286	0.002271	0.006138
0.001447	0.000248	-0.001889
0.002325	-0.000780	0.003194
-0.000095	0.002927	0.012430
0.000797	0.004823	0.004778
-0.000345	0.003751	0.003257
0.000268	-0.001547	0.001517
-0.002262	-0.004347	0.004766
0.000000	0.000000	0.000000
-0.002552	0.001572	0.005825
-0.001598	-0.001659	0.006133
-0.002262	-0.004347	0.004766
0.000745	-0.003163	0.001671
-0.000191	0.001514	0.004092
0.000360	0.003513	0.004776
-0.000268	0.003717	0.008867
