0.000910	-0.000361	0.003682
0.001820	-0.001271	0.002708
0.000729	-0.000943	0.000796
-0.000094	-0.001006	0.001913
-0.000320	-0.001361	0.000785
-0.000063	-0.002116	0.000750
0.000894	-0.001794	0.000860
0.000472	-0.002203	0.001586
-0.000100	-0.001507	0.001787
-0.000631	-0.000237	0.001023
-0.000703	-0.001185	0.000831
-0.000310	-0.000522	0.000366
-0.000859	-0.001618	0.001683
0.000770	-0.003533	-0.001280
0.000426	-0.000199	0.001378
0.000330	0.001295	0.002569
-0.000139	-0.000353	0.001579
-0.000525	-0.003238	0.000784
0.000331	-0.002076	-0.000215
-0.000327	-0.001988	0.001539
0.000749	-0.001743	0.001701
0.000619	0.000247	0.001608
0.000161	0.000148	0.001473
-0.000185	-0.000392	0.000717
-0.000308	-0.000348	0.000728
