-0.000550	-0.000700	0.002029
-0.002320	0.004251	0.004230
-0.000959	-0.008673	-0.000214
0.000935	-0.001352	-0.001826
0.002492	-0.005066	-0.000788
-0.002211	-0.007811	-0.001350
0.000116	0.010045	0.001465
0.003546	0.010396	-0.001225
0.001414	0.004228	-0.000051
-0.001315	-0.019442	-0.001233
-0.004071	-0.005121	0.003540
-0.000353	-0.008505	-0.003438
0.000941	0.009728	0.008965
0.003457	0.009724	-0.001470
0.001421	0.009747	0.004953
0.004787	-0.011364	-0.004368
-0.002146	-0.018389	0.002253
0.000628	0.003490	0.004633
0.001178	0.010091	0.007195
-0.000536	-0.000556	0.001715
-0.001749	0.000538	-0.000185
0.000336	-0.001478	0.000132
-0.001901	-0.000814	-0.001559
0.000469	0.007387	0.000300
-0.001375	-0.015313	0.005808
