-0.000845	-0.000368	0.001011
-0.000520	-0.000145	0.001192
-0.000670	-0.000184	0.000931
-0.000728	0.000479	0.001478
-0.000579	-0.000435	0.000722
-0.000679	-0.001577	0.001092
-0.000684	-0.000664	0.000496
-0.000581	0.000926	0.001255
-0.000799	0.000995	0.001578
-0.000509	-0.000211	0.000082
-0.000829	-0.002502	0.001848
0.000460	-0.002183	0.000399
-0.000797	0.000001	0.002113
0.000024	0.001970	0.003549
-0.000367	0.000113	0.002826
-0.001500	-0.001343	0.000204
-0.000704	-0.001224	-0.000529
-0.000076	0.000163	0.001172
0.000408	-0.000821	0.001375
-0.000114	-0.000305	0.002743
0.000876	0.000930	0.002825
0.000733	-0.000003	0.001825
0.000365	-0.000002	0.000908
0.000182	-0.000001	0.000452
