-0.001330	0.001518	0.003104
-0.000509	0.000973	0.001205
-0.000399	-0.004715	-0.004290
-0.001425	-0.003132	-0.000766
-0.000561	0.000286	0.002784
0.000214	-0.001436	0.003381
-0.000228	0.000514	0.001122
0.000196	0.001022	0.000407
-0.000240	-0.001504	0.001060
0.001370	-0.002885	-0.001057
0.001572	-0.001799	0.001475
0.000802	0.001577	0.003573
0.000607	0.000468	0.003135
0.001419	-0.001154	0.003171
0.000002	-0.000709	-0.000231
-0.000973	-0.003618	-0.000952
-0.000833	-0.004390	-0.000705
-0.001114	-0.002217	0.001440
-0.000694	-0.000868	0.000463
0.000350	0.001019	0.001886
0.001063	0.002353	0.002944
0.000393	-0.001221	0.002895
0.000557	-0.005615	0.000082
0.000244	-0.003617	-0.001229
-0.000718	-0.002908	0.001245
