-0.000664	-0.001318	0.002564
0.000083	0.000940	0.001560
0.000778	-0.000101	0.000386
0.000771	0.005825	0.002218
-0.000187	-0.001357	0.002769
0.000904	-0.000538	-0.000541
-0.003221	-0.003314	0.007151
-0.001493	-0.006282	-0.004448
0.001220	-0.000337	-0.002886
0.003552	0.009103	-0.002176
-0.002316	0.004339	0.001940
0.000900	-0.006315	-0.000852
0.001334	0.002725	0.000421
0.003253	-0.000533	0.000588
0.001134	0.003315	0.003480
-0.001965	0.001907	0.000792
-0.001385	0.003674	0.002691
-0.000525	-0.004036	0.002970
0.000203	-0.003612	0.002423
0.000399	0.001277	0.002069
-0.000975	0.002756	0.001730
0.000100	0.002194	0.001989
-0.000606	-0.000266	0.001414
-0.001162	-0.003407	0.003071
-0.000852	-0.002343	0.002815
