0.001439	-0.003590	0.003101
0.000610	0.001869	0.001640
-0.000584	0.003557	0.000599
-0.000466	0.000387	-0.000488
-0.001615	-0.002912	-0.000111
-0.002784	-0.006856	0.002206
-0.001828	-0.003786	0.003187
-0.000289	0.001080	-0.001214
0.000289	0.000087	-0.002448
0.000799	-0.000233	-0.000325
0.002038	0.002291	-0.001595
0.001913	0.001695	-0.001832
0.002148	-0.002030	-0.002924
0.002383	-0.005753	-0.004017
0.002618	-0.009475	-0.005112
0.001471	-0.001673	-0.001438
0.000324	0.006130	0.002234
-0.002456	-0.000328	0.002378
-0.002925	-0.010976	-0.001624
-0.003057	-0.005857	0.000628
-0.002844	0.003209	-0.001489
-0.000821	0.000135	0.000252
0.000037	-0.002373	-0.000921
-0.002002	0.004700	0.000431
-0.000242	-0.002246	0.001374
