0.002023	-0.001499	0.001146
0.001321	-0.001775	0.001461
-0.000639	0.000560	-0.002754
-0.000120	0.000105	-0.000516
0.000669	0.005692	0.001996
-0.000921	-0.000932	0.002585
-0.002728	-0.006985	0.002139
-0.000806	-0.014775	0.000473
-0.000541	-0.001552	-0.000033
-0.000545	0.002676	0.002631
0.001055	0.005403	0.003263
-0.000132	0.004102	-0.001248
-0.000951	0.000836	0.000125
-0.000546	-0.007295	0.002479
-0.001164	-0.002176	0.001900
-0.000234	-0.000437	0.000382
-0.000460	0.000804	0.001564
-0.000442	-0.000881	0.000316
0.000348	0.001411	0.000609
0.001493	0.002129	0.000252
0.000643	-0.002563	0.001918
0.000723	0.000141	-0.000184
0.000796	0.003273	-0.002315
-0.000855	-0.001276	0.001666
