0.000284	-0.005899	0.000860
-0.000510	-0.001139	0.001803
-0.000181	-0.000332	-0.000364
0.000272	0.002886	0.003938
0.000649	0.001484	0.004197
0.000745	0.002950	0.003573
-0.007076	-0.006226	0.014400
-0.001596	-0.003939	0.004242
-0.000022	0.001604	-0.000431
-0.001900	0.000293	0.006022
-0.001892	0.000905	0.002616
-0.002153	-0.001648	0.002576
-0.001315	-0.000352	0.002748
0.000535	0.000877	0.002860
0.000376	0.001855	0.002192
-0.000122	-0.001559	0.002222
-0.000630	-0.000679	0.003194
-0.000708	-0.000979	0.001664
0.000688	0.000880	-0.000823
0.001021	0.001811	0.002635
0.000467	0.002020	0.002156
-0.000048	0.000455	0.001956
0.000286	-0.001787	-0.000063
0.000783	-0.000314	0.002290
-0.000009	-0.001508	0.002065
