0.925726	-0.078424	-0.369974	-0.073416	0.922391	-0.379216	0.371000	0.378212	0.848124
0.925756	-0.077842	-0.370021	-0.073239	0.923134	-0.377438	0.370960	0.376516	0.848896
0.925808	-0.077048	-0.370059	-0.073302	0.923825	-0.375732	0.370819	0.374982	0.849636
0.926074	-0.075697	-0.369672	-0.073869	0.924350	-0.374327	0.370042	0.373962	0.850424
0.925787	-0.075240	-0.370483	-0.074689	0.924277	-0.374345	0.370595	0.374235	0.850063
0.925537	-0.075710	-0.371012	-0.075093	0.923649	-0.375812	0.371137	0.375688	0.849186
0.925266	-0.076678	-0.371487	-0.074715	0.923327	-0.376677	0.371887	0.376282	0.848594
0.925121	-0.077038	-0.371774	-0.074653	0.923174	-0.377063	0.372260	0.376584	0.848297
0.925121	-0.077038	-0.371774	-0.074653	0.923174	-0.377063	0.372260	0.376584	0.848297
0.925008	-0.076968	-0.372070	-0.074906	0.923104	-0.377184	0.372491	0.376768	0.848113
0.925103	-0.076952	-0.371838	-0.074860	0.923070	-0.377275	0.372265	0.376854	0.848174
0.925190	-0.077302	-0.371549	-0.074600	0.922889	-0.377770	0.372101	0.377227	0.848081
0.925215	-0.077690	-0.371405	-0.074111	0.922963	-0.377686	0.372136	0.376966	0.848182
0.925164	-0.077827	-0.371503	-0.074004	0.922985	-0.377653	0.372283	0.376884	0.848153
0.925138	-0.078490	-0.371428	-0.073408	0.922941	-0.377876	0.372465	0.376854	0.848087
0.925600	-0.078417	-0.370292	-0.073103	0.922848	-0.378164	0.371377	0.377098	0.848455
0.925548	-0.078214	-0.370465	-0.073630	0.922574	-0.378729	0.371403	0.377809	0.848127
0.925529	-0.078374	-0.370478	-0.073882	0.922172	-0.379657	0.371400	0.378756	0.847707
0.925253	-0.079028	-0.371027	-0.073693	0.921983	-0.380154	0.372123	0.379081	0.847244
0.925195	-0.079354	-0.371103	-0.073325	0.922084	-0.379979	0.372341	0.378765	0.847289
0.925425	-0.078662	-0.370676	-0.073761	0.922109	-0.379834	0.371682	0.378849	0.847541
0.925335	-0.077848	-0.371073	-0.074751	0.922028	-0.379837	0.371710	0.379215	0.847365
0.925194	-0.078074	-0.371377	-0.075089	0.921598	-0.380813	0.371992	0.380212	0.846795
0.925145	-0.079072	-0.371288	-0.074392	0.921338	-0.381579	0.372254	0.380637	0.846489
