0.918913	-0.164269	-0.358630	-0.010176	0.898989	-0.437852	0.394329	0.405998	0.824421
0.919107	-0.164290	-0.358121	-0.009369	0.899549	-0.436718	0.393896	0.404746	0.825243
0.919164	-0.164509	-0.357875	-0.009025	0.899565	-0.436694	0.393772	0.404624	0.825363
0.919236	-0.164684	-0.357609	-0.009104	0.899179	-0.437486	0.393602	0.405409	0.825058
0.919237	-0.164557	-0.357665	-0.009502	0.898923	-0.438003	0.393590	0.406027	0.824760
0.919211	-0.164099	-0.357942	-0.009902	0.899104	-0.437624	0.393641	0.405813	0.824841
0.919135	-0.163743	-0.358301	-0.010082	0.899449	-0.436910	0.393814	0.405192	0.825064
0.919253	-0.163620	-0.358055	-0.009847	0.899693	-0.436413	0.393545	0.404700	0.825433
0.918981	-0.164111	-0.358527	-0.009725	0.899561	-0.436688	0.394182	0.404794	0.825083
0.918431	-0.164949	-0.359549	-0.010087	0.898855	-0.438131	0.395452	0.406020	0.823872
0.917727	-0.166032	-0.360848	-0.010491	0.898002	-0.439867	0.397074	0.407463	0.822378
0.917481	-0.166486	-0.361263	-0.010724	0.897516	-0.440851	0.397635	0.408347	0.821669
0.917668	-0.165685	-0.361156	-0.011536	0.897424	-0.441018	0.397180	0.408874	0.821626
0.917711	-0.163744	-0.361932	-0.013392	0.897825	-0.440148	0.397024	0.408776	0.821751
0.917870	-0.162117	-0.362261	-0.014656	0.898301	-0.439136	0.396611	0.408379	0.822147
0.918064	-0.161267	-0.362149	-0.014957	0.898778	-0.438148	0.396150	0.407665	0.822724
0.918462	-0.160969	-0.361270	-0.014282	0.899337	-0.437022	0.395250	0.406548	0.823708
0.918909	-0.160531	-0.360328	-0.013780	0.899828	-0.436028	0.394230	0.405635	0.824647
0.919212	-0.160036	-0.359776	-0.013606	0.900230	-0.435202	0.393529	0.404938	0.825324
0.919407	-0.160133	-0.359232	-0.013194	0.900292	-0.435087	0.393086	0.404761	0.825622
0.919192	-0.160550	-0.359596	-0.013477	0.899764	-0.436169	0.393579	0.405769	0.824892
0.918845	-0.160938	-0.360310	-0.013972	0.899216	-0.437281	0.394372	0.406828	0.823991
0.918703	-0.161057	-0.360618	-0.014343	0.898867	-0.437986	0.394688	0.407551	0.823482
0.918858	-0.160652	-0.360403	-0.014352	0.899156	-0.437394	0.394327	0.407075	0.823891
