0.917408	-0.178509	-0.355665	0.009926	0.903733	-0.427982	0.397825	0.389104	0.830863
0.917516	-0.178681	-0.355299	0.009906	0.903378	-0.428732	0.397576	0.389849	0.830633
0.917647	-0.178108	-0.355249	0.009642	0.903656	-0.428150	0.397279	0.389466	0.830955
0.917481	-0.177622	-0.355920	0.009508	0.904304	-0.426784	0.397666	0.388182	0.831370
0.917494	-0.177552	-0.355921	0.009979	0.904831	-0.425654	0.397625	0.386983	0.831949
0.917463	-0.177939	-0.355808	0.010649	0.905056	-0.425159	0.397678	0.386279	0.832251
0.917268	-0.178428	-0.356066	0.010806	0.904851	-0.425591	0.398125	0.386533	0.831919
0.917189	-0.179122	-0.355920	0.011059	0.904358	-0.426632	0.398298	0.387366	0.831448
0.917040	-0.179956	-0.355884	0.011658	0.904113	-0.427134	0.398624	0.387550	0.831206
0.916973	-0.180291	-0.355886	0.012169	0.904286	-0.426754	0.398762	0.386992	0.831400
0.916891	-0.180388	-0.356050	0.012494	0.904581	-0.426119	0.398943	0.386256	0.831656
0.916885	-0.180692	-0.355909	0.012850	0.904568	-0.426136	0.398944	0.386144	0.831707
0.917071	-0.181106	-0.355219	0.013216	0.904209	-0.426885	0.398504	0.386789	0.831618
0.916862	-0.180905	-0.355861	0.012215	0.903722	-0.427945	0.399017	0.388020	0.830798
0.916261	-0.180543	-0.357590	0.010579	0.903270	-0.428943	0.400443	0.389240	0.829541
0.915873	-0.180433	-0.358638	0.009802	0.903099	-0.429321	0.401350	0.389688	0.828892
0.915716	-0.180454	-0.359026	0.009857	0.903307	-0.428881	0.401704	0.389194	0.828952
0.915649	-0.180108	-0.359372	0.009586	0.903536	-0.428405	0.401865	0.388823	0.829048
0.915733	-0.179547	-0.359439	0.009096	0.903633	-0.428210	0.401685	0.388857	0.829120
0.915780	-0.179750	-0.359216	0.009228	0.903465	-0.428563	0.401574	0.389154	0.829034
0.915817	-0.179982	-0.359007	0.009648	0.903552	-0.428369	0.401481	0.388844	0.829225
0.915964	-0.179565	-0.358841	0.009667	0.903898	-0.427638	0.401145	0.388232	0.829674
0.916200	-0.179212	-0.358414	0.009882	0.904254	-0.426880	0.400599	0.387565	0.830249
0.916673	-0.179301	-0.357158	0.010641	0.904338	-0.426685	0.399497	0.387330	0.830890
0.916715	-0.179666	-0.356867	0.010822	0.904027	-0.427338	0.399396	0.387885	0.830679
