0.933595	-0.075560	-0.350273	-0.074939	0.914728	-0.397059	0.350407	0.396942	0.848323
0.933681	-0.075903	-0.349969	-0.074665	0.914539	-0.397548	0.350235	0.397313	0.848220
0.933664	-0.076368	-0.349912	-0.074546	0.914166	-0.398426	0.350305	0.398081	0.847831
0.933646	-0.076777	-0.349872	-0.074520	0.913754	-0.399375	0.350360	0.398947	0.847401
0.933924	-0.076419	-0.349208	-0.074582	0.913731	-0.399416	0.349605	0.399069	0.847656
0.934205	-0.076200	-0.348502	-0.074414	0.913805	-0.399279	0.348888	0.398942	0.848011
0.934122	-0.075537	-0.348871	-0.075264	0.913702	-0.399355	0.348930	0.399304	0.847823
0.934016	-0.075022	-0.349264	-0.075879	0.913724	-0.399187	0.349079	0.399349	0.847741
0.934159	-0.074974	-0.348894	-0.075747	0.913744	-0.399167	0.348726	0.399313	0.847902
0.934252	-0.075540	-0.348521	-0.075105	0.913709	-0.399369	0.348615	0.399287	0.847961
0.934612	-0.075982	-0.347457	-0.074618	0.913284	-0.400430	0.347752	0.400173	0.847897
0.934773	-0.076254	-0.346966	-0.074534	0.912854	-0.401425	0.347339	0.401102	0.847628
0.935144	-0.076140	-0.345989	-0.074524	0.912499	-0.402233	0.346341	0.401930	0.847644
0.935513	-0.075889	-0.345044	-0.074215	0.912651	-0.401945	0.345408	0.401632	0.848166
0.935609	-0.075464	-0.344878	-0.074035	0.913224	-0.400675	0.345188	0.400408	0.848834
0.935708	-0.075173	-0.344675	-0.073847	0.913648	-0.399742	0.344961	0.399495	0.849356
0.935744	-0.075026	-0.344606	-0.073708	0.913930	-0.399123	0.344891	0.398877	0.849675
0.935980	-0.075165	-0.343935	-0.073289	0.913938	-0.399182	0.344340	0.398833	0.849919
0.935786	-0.075745	-0.344337	-0.073356	0.913448	-0.400289	0.344854	0.399844	0.849235
0.935538	-0.076258	-0.344897	-0.073553	0.912957	-0.401373	0.345484	0.400868	0.848496
0.935222	-0.077117	-0.345561	-0.073321	0.912652	-0.402107	0.346387	0.401397	0.847878
0.934991	-0.077717	-0.346051	-0.073008	0.912627	-0.402220	0.347075	0.401337	0.847624
0.934939	-0.077608	-0.346217	-0.072787	0.913079	-0.401235	0.347262	0.400331	0.848024
0.934699	-0.077683	-0.346846	-0.072284	0.913888	-0.399479	0.348012	0.398464	0.848595
0.934761	-0.077451	-0.346731	-0.072063	0.914326	-0.398515	0.347891	0.397503	0.849096
