0.891170	-0.280791	-0.356333	0.128417	0.909451	-0.395485	0.435116	0.306686	0.846533
0.891733	-0.279895	-0.355628	0.127107	0.909077	-0.396765	0.434346	0.308605	0.846231
0.892070	-0.278616	-0.355788	0.125175	0.908861	-0.397872	0.434216	0.310394	0.845643
0.892377	-0.278084	-0.355432	0.124277	0.908567	-0.398826	0.433840	0.311731	0.845344
0.892276	-0.278334	-0.355492	0.124414	0.908466	-0.399012	0.434011	0.311800	0.845231
0.892277	-0.278401	-0.355435	0.125100	0.908882	-0.397847	0.433810	0.310525	0.845803
0.892406	-0.277564	-0.355767	0.125354	0.909894	-0.395448	0.433472	0.308303	0.846789
0.892479	-0.276211	-0.356634	0.125249	0.911258	-0.392327	0.433351	0.305476	0.847874
0.892400	-0.275514	-0.357372	0.125513	0.912269	-0.389887	0.433439	0.303080	0.848689
0.892365	-0.275642	-0.357360	0.126313	0.912713	-0.388587	0.433278	0.301623	0.849290
0.892612	-0.275492	-0.356860	0.126473	0.912801	-0.388328	0.432723	0.301493	0.849619
0.892929	-0.275013	-0.356434	0.126103	0.912824	-0.388395	0.432175	0.301863	0.849767
0.893203	-0.274835	-0.355886	0.126024	0.912754	-0.388584	0.431633	0.302235	0.849910
0.893544	-0.274951	-0.354937	0.126531	0.912721	-0.388496	0.430776	0.302228	0.850347
0.893969	-0.275101	-0.353750	0.127908	0.913196	-0.386927	0.429487	0.300653	0.851556
0.893968	-0.274788	-0.353996	0.128720	0.914104	-0.384507	0.429247	0.298170	0.852550
0.893990	-0.274288	-0.354328	0.128822	0.914701	-0.383050	0.429170	0.296797	0.853068
0.893969	-0.274013	-0.354593	0.128708	0.914934	-0.382531	0.429247	0.296332	0.853190
0.894154	-0.274063	-0.354087	0.128788	0.914797	-0.382833	0.428838	0.296709	0.853265
0.894505	-0.274113	-0.353160	0.128858	0.914528	-0.383451	0.428084	0.297491	0.853372
0.894569	-0.274061	-0.353039	0.128453	0.914254	-0.384240	0.428072	0.298380	0.853067
0.894568	-0.274486	-0.352712	0.128714	0.913974	-0.384818	0.427997	0.298847	0.852942
0.894487	-0.275285	-0.352295	0.129891	0.913985	-0.384395	0.427810	0.298077	0.853304
0.894460	-0.275526	-0.352173	0.130879	0.914429	-0.383002	0.427565	0.296488	0.853981
0.894292	-0.275106	-0.352929	0.131070	0.915142	-0.381228	0.427858	0.294671	0.854462
