0.006067	-0.009329	0.019583
0.013339	-0.003028	0.025981
-0.000110	-0.004337	0.004396
0.002813	0.006346	-0.004082
-0.002556	0.005219	0.000746
-0.000316	0.011768	-0.011827
0.008095	0.020619	-0.019371
0.005898	0.005327	-0.011951
-0.011730	-0.001915	0.003890
-0.009365	-0.005621	0.007236
0.006860	-0.005199	-0.001485
0.007925	-0.004093	-0.005574
-0.002050	-0.012403	-0.012286
-0.018436	-0.001123	-0.004174
-0.008271	0.005673	-0.001553
0.012377	0.003157	-0.005252
0.004605	0.002843	-0.009227
-0.006669	0.003684	-0.002607
-0.008689	0.005809	0.001174
-0.002586	-0.004968	0.005447
0.002218	-0.010934	0.002285
-0.002204	-0.007997	-0.002737
-0.005031	0.000248	-0.018971
-0.002130	-0.006552	-0.012591
-0.001829	0.000611	-0.000311
