0.003071	0.017912	-0.007417
-0.003548	0.005558	-0.005019
-0.007955	-0.006095	0.010274
0.004502	-0.008789	0.005327
0.002372	-0.011000	0.013504
-0.000030	-0.010188	0.004701
0.002696	0.009305	-0.009843
0.003423	0.004696	-0.010900
0.016842	-0.008524	-0.005382
0.021991	-0.016070	-0.001417
0.053729	-0.025208	0.002513
0.079291	-0.025013	0.012024
0.036314	-0.020822	-0.021364
-0.012648	-0.004473	-0.032496
-0.033604	0.006856	-0.009699
-0.000110	-0.008677	-0.016371
-0.000463	0.004539	-0.012888
-0.010672	0.006486	-0.010356
-0.013258	0.001518	-0.004909
-0.020229	0.002380	0.000972
-0.016806	0.011416	0.010839
-0.019773	0.009476	0.024470
-0.020236	0.014015	0.011582
-0.006368	0.006507	-0.011095
0.001058	0.012742	0.006521
