-0.012340	-0.000265	0.010709
-0.005671	-0.003949	0.013316
-0.001792	0.003503	0.005146
-0.000456	-0.007097	-0.023498
0.002967	-0.006741	-0.055166
0.004113	-0.002805	-0.017415
-0.023056	0.023645	0.047041
-0.003151	-0.003380	0.048648
-0.024871	0.005325	0.046278
-0.005289	-0.002637	0.025900
-0.000382	0.003028	0.008184
0.000191	-0.001514	-0.004092
0.002586	0.004968	-0.005447
0.023695	-0.002087	0.003742
0.021227	-0.014354	-0.005817
-0.004987	-0.004155	-0.003356
-0.015425	-0.003586	-0.002189
0.000727	-0.004609	-0.001057
0.008917	-0.004431	0.000191
-0.001719	0.004947	-0.004708
-0.003327	0.014231	-0.013812
-0.002600	0.009622	-0.014869
-0.008241	0.015861	-0.006254
0.000874	0.002620	0.000003
