-0.005531	0.010575	0.004219
-0.030225	0.024635	0.005321
-0.040141	0.036700	-0.010793
-0.039135	0.017431	-0.005480
-0.026604	0.020522	0.000487
-0.018326	0.007554	0.012198
-0.021947	0.011667	0.017032
-0.021639	0.007194	0.018702
-0.019281	0.010784	0.011890
-0.006860	0.005199	0.001485
-0.016460	0.005495	-0.002802
0.000867	0.005575	-0.030922
0.035653	-0.007474	-0.040318
0.009865	-0.000366	-0.009659
-0.002901	0.015481	0.035155
0.027742	-0.009291	0.027106
0.019883	0.003541	0.012669
0.022263	-0.019095	0.015563
0.049932	-0.038511	0.010987
0.060590	-0.030406	0.001028
0.050262	-0.025501	-0.002202
0.066385	-0.045392	-0.037904
0.044967	-0.029524	-0.027995
0.016497	-0.006943	-0.012509
-0.017555	-0.005798	0.005988
