-0.000646	-0.001242	0.001362
-0.001829	0.000611	-0.000311
0.000320	0.006439	0.004624
0.002303	0.003592	0.005770
0.000724	0.001209	0.004248
0.001675	0.001626	-0.000523
0.000268	-0.001547	0.001517
0.000474	0.004202	0.005459
-0.000191	0.001514	0.004092
-0.003159	-0.004766	-0.003045
-0.003045	-0.004077	-0.002362
0.001179	0.003965	0.006978
0.004279	0.010210	0.007142
0.002171	0.001457	0.002359
0.000576	-0.006020	0.003187
-0.002281	-0.005793	0.002037
-0.002207	-0.002179	0.002568
-0.001186	0.007670	0.003632
-0.000154	0.002236	-0.000835
-0.002149	-0.003658	0.005448
-0.002622	-0.007861	-0.000010
0.000114	0.000689	0.000683
0.000702	0.005581	0.006824
0.000551	0.001999	0.000684
