-0.000055	-0.002168	0.002198
0.000007	-0.009465	-0.000226
0.002552	0.000598	0.004559
0.000948	0.006235	0.000534
-0.000323	-0.000621	0.000681
-0.009328	-0.004898	0.002310
-0.004536	0.002249	-0.005705
-0.002567	-0.003522	0.008175
0.004745	-0.002317	0.004342
-0.000455	-0.002756	-0.002730
0.001961	-0.000646	-0.006661
0.000742	0.002655	0.006976
-0.002571	0.000126	0.003096
-0.004528	-0.007217	-0.005931
0.000893	0.004066	0.002732
0.010794	0.006592	-0.001470
0.004584	0.007215	-0.006651
-0.002207	-0.002179	0.002568
-0.000095	0.000757	0.002046
0.000305	-0.000825	-0.003409
0.000286	-0.000101	0.004246
0.002619	0.011508	-0.005069
0.001311	0.003930	0.000005
-0.003364	-0.006175	0.013781
