-0.001142	-0.001073	-0.001521
0.002648	-0.000159	0.002513
0.001010	0.001108	0.008493
0.000018	0.001446	0.002729
-0.001675	-0.001626	0.000523
-0.003996	-0.004494	0.002409
-0.003122	-0.001874	0.002412
0.000246	0.002824	0.004094
0.000474	0.004202	0.005459
-0.000209	0.000068	0.001363
0.001451	-0.003400	0.003190
0.001146	-0.002575	0.006600
0.001980	0.002971	0.006451
0.001083	0.002552	-0.001360
-0.002685	-0.000563	0.002414
-0.002398	-0.002835	-0.003724
-0.000646	-0.001242	0.001362
0.002303	0.003592	0.005770
0.002013	0.009511	0.006829
-0.000228	-0.001378	-0.001365
-0.005553	-0.011248	-0.001690
0.000419	-0.000136	-0.002727
0.003350	0.005422	0.009337
0.003787	0.004562	-0.001045
0.000591	-0.000926	0.000836
-0.002453	-0.002833	0.008858
