-0.000209	0.000068	0.001363
0.000000	0.000000	0.000000
-0.000419	0.000136	0.002727
-0.001388	-0.001727	0.004769
-0.001506	0.001232	-0.000992
0.001256	0.001762	0.002203
-0.000305	0.000825	0.003409
-0.000378	-0.002789	0.002879
0.000000	0.000000	0.000000
-0.000646	-0.001242	0.001362
0.000455	0.002756	0.002730
0.000228	0.001378	0.001365
-0.001293	-0.002484	0.002723
-0.001789	-0.002315	-0.000159
-0.002207	-0.002179	0.002568
-0.002835	-0.001975	0.006658
0.001598	0.003829	0.004251
0.002038	-0.000679	-0.001052
0.006243	0.003747	-0.004824
0.004036	0.003738	0.008127
-0.001388	-0.001727	0.004769
-0.003731	-0.002393	-0.001153
-0.002226	-0.003625	-0.000161
0.001789	0.002315	0.000159
0.001216	0.004687	0.002051
0.001465	0.001694	0.000840
