0.000415	0.005682	0.002578
0.002185	0.006550	0.000009
0.003313	0.002529	0.003880
-0.002854	-0.003421	0.003929
0.002020	-0.002125	-0.003781
-0.000433	-0.004958	0.005077
-0.000400	0.001582	0.005455
-0.002743	0.000916	-0.000467
-0.002630	0.001605	0.000216
0.000000	0.000000	0.000000
-0.004874	-0.001296	0.007710
-0.002413	-0.007929	-0.001374
-0.000606	-0.004167	0.001514
0.002093	0.003660	0.007134
0.003636	0.003150	0.003199
0.003504	0.001015	-0.000212
0.000000	0.000000	0.000000
-0.005006	-0.003431	0.004299
-0.001939	-0.003726	0.004085
-0.002685	-0.000563	0.002414
-0.008712	-0.013844	0.005649
0.000283	0.003546	-0.000833
0.002946	0.008482	-0.000670
0.000283	0.005717	0.009551
0.001980	0.000801	-0.003933
