-0.000037	-0.000722	0.004927
-0.000511	-0.002754	0.009852
-0.001238	-0.000316	0.000525
-0.000114	-0.000689	-0.000683
0.000455	0.002756	0.002730
0.000455	0.002756	0.002730
0.000286	-0.000101	0.004246
-0.000874	-0.002620	-0.000003
0.000173	-0.000790	0.003563
0.000455	0.002756	0.002730
-0.000209	0.000068	0.001363
0.000342	0.002067	0.002048
0.000342	0.002067	0.002048
-0.001502	-0.002416	0.004087
-0.000209	0.000068	0.001363
0.000018	0.001446	0.002729
0.000455	0.002756	0.002730
-0.000970	-0.001863	0.002043
-0.000419	0.000136	0.002727
-0.002303	-0.001422	0.004614
0.002512	0.001354	-0.005977
0.001598	0.003829	0.004251
-0.000914	0.002475	0.010228
-0.000323	-0.000621	0.000681
-0.001921	-0.004450	-0.003570
