0.011957	0.049096	0.019496
0.015549	0.015348	0.023427
0.003856	0.010031	-0.006688
-0.007948	0.013390	-0.020432
-0.017746	0.004284	-0.010080
-0.008440	0.019039	-0.012245
-0.001315	0.015627	-0.038350
-0.011122	0.047275	-0.021636
-0.006413	0.019778	-0.060157
0.019509	-0.007955	-0.072546
0.018554	-0.006845	-0.051470
0.011877	-0.013485	-0.017938
0.003152	-0.020742	-0.034422
-0.008469	-0.023163	-0.033916
0.022741	0.003196	0.017333
0.015446	0.035661	0.050408
0.007507	0.012637	0.044382
0.007484	0.034460	0.050291
0.009768	0.027974	0.026482
0.030783	0.014588	0.037913
