-0.000334	0.011533	0.002274
-0.000606	0.004167	-0.001514
-0.000323	0.000621	-0.000681
0.000815	-0.004099	0.002877
0.003287	-0.008379	0.009007
0.001363	-0.009746	0.007272
0.001998	-0.002247	0.001204
0.002586	-0.004968	0.005447
0.003445	-0.002495	0.003093
0.002530	-0.002800	0.003249
0.000966	-0.005511	0.007121
0.003555	-0.006831	0.007489
0.000095	0.000757	0.002046
0.000117	0.005129	0.004622
-0.006949	0.003510	-0.003305
-0.001480	0.006788	-0.001510
-0.001028	0.000384	0.000838
-0.002725	-0.000192	0.008122
-0.000477	0.000555	0.010538
-0.002971	0.000462	0.001832
-0.002946	0.008482	-0.000670
-0.002031	0.008787	-0.000826
-0.001025	0.004031	-0.004241
-0.002170	-0.000714	-0.008025
0.001117	-0.009092	0.000982
