0.001899	-0.006652	0.004237
0.001443	-0.003895	0.006968
-0.000173	-0.000790	0.003563
0.001946	0.005739	0.004311
-0.002053	0.004415	-0.003402
-0.001025	0.004031	-0.004241
-0.000015	0.005094	-0.002350
-0.002053	0.004415	-0.003402
-0.001293	0.002484	-0.002723
-0.003504	0.001015	-0.000212
0.000323	-0.000621	0.000681
0.000742	-0.000485	0.003408
0.003944	0.003492	0.005515
0.000364	0.002304	0.000529
-0.000591	-0.000926	0.000836
0.000742	-0.000485	0.003408
0.003122	-0.001874	0.002412
0.001958	-0.005172	0.001357
0.000874	-0.002620	-0.000003
-0.000955	-0.003231	0.000308
0.000070	-0.007262	0.004549
0.001767	-0.004516	0.007648
0.002721	-0.001286	0.007341
-0.002420	-0.001537	0.001148
0.002611	0.003051	0.002944
