-0.000323	0.000621	-0.000681
0.000514	0.000893	0.004773
0.000419	0.000136	0.002727
0.000000	0.000000	-0.000000
0.000323	-0.000621	0.000681
-0.001451	-0.003400	0.003190
-0.002688	-0.003084	0.002665
-0.001829	-0.000611	0.000311
-0.001484	0.003140	0.003568
-0.001767	0.006687	0.002735
0.001146	0.004745	0.003784
-0.003449	-0.001153	0.001986
0.002383	0.004429	0.004309
-0.003485	-0.000431	-0.002941
0.001091	0.006913	0.001586
-0.001465	0.001694	0.000840
-0.000114	0.000689	0.000683
0.001869	0.003536	-0.000463
-0.000815	0.004099	-0.002877
0.002134	0.001436	0.003098
-0.001392	-0.001921	0.000310
0.003427	-0.001048	0.005821
0.000896	0.001751	0.002573
0.003221	0.002531	-0.000621
0.002857	0.000227	-0.001149
0.000000	0.000000	-0.000000
-0.000213	-0.003716	0.003716
