0.002060	0.005050	0.003628
0.005281	0.007581	0.003008
-0.000455	0.002756	0.002730
0.004932	0.000183	0.004829
-0.000646	0.001242	-0.001362
0.001583	0.003435	0.003782
0.000000	0.000000	-0.000000
0.000591	0.000926	-0.000836
0.001447	-0.000248	0.001889
-0.001943	0.000078	0.000994
0.002383	0.004429	0.004309
-0.000628	-0.000204	-0.004090
0.001811	0.002057	0.002417
0.000951	-0.000417	0.004771
0.002630	0.001605	0.000216
0.002475	-0.000631	0.001050
0.004415	-0.004358	0.005135
-0.003081	0.004799	-0.002564
0.000533	-0.000553	0.002044
0.002630	0.001605	0.000216
0.006096	0.003482	0.005885
-0.001047	0.001830	0.003567
0.000393	-0.007883	0.005229
0.000628	0.000204	0.004090
-0.002946	0.008482	-0.000670
