-0.000760	0.001931	-0.000679
0.000040	0.002925	-0.000152
0.000228	-0.001378	-0.001365
0.000533	-0.000553	0.002044
0.000856	-0.001174	0.002725
-0.002479	-0.003016	0.004029
-0.000878	-0.001027	0.005082
-0.000665	0.002688	0.001367
0.001980	-0.000801	0.003933
-0.001087	-0.001096	0.003719
0.004172	0.002114	0.004150
-0.001884	0.001558	-0.001887
-0.000228	0.001378	0.001365
0.000000	0.000000	-0.000000
0.000114	-0.000689	-0.000683
0.000914	0.000305	-0.000156
0.000305	0.000825	0.003409
0.004058	0.002803	0.004833
0.000114	-0.000689	-0.000683
-0.000742	0.000485	-0.003408
0.002670	0.004530	0.000063
0.002192	0.002915	0.000217
-0.000323	0.000621	-0.000681
0.000378	-0.002789	0.002879
-0.003107	-0.003220	-0.000062
