-0.003140	0.003320	0.000316
0.000231	0.004440	0.003940
0.001719	0.007117	0.005676
-0.003045	0.004077	0.002362
-0.001216	0.004687	0.002051
-0.000914	-0.000305	0.000156
-0.000268	-0.001547	0.001517
-0.000342	0.002067	0.002048
0.002288	0.003672	0.002263
0.002571	0.000126	0.003096
0.003544	0.001910	0.000060
-0.000081	-0.005851	0.000304
-0.000364	-0.002304	-0.000529
0.005542	-0.000337	0.001264
0.000841	0.003920	0.000375
0.002651	0.005977	0.002792
-0.000551	0.001999	0.000684
0.001869	0.003536	-0.000463
0.001050	0.003988	0.001738
-0.001087	-0.001096	0.003719
0.002512	-0.001354	0.005977
0.000914	0.000305	-0.000156
0.000055	-0.002168	0.002198
0.002248	0.000747	0.002416
