0.012696	0.014428	-0.001270
0.001094	0.008391	-0.013877
0.001543	-0.001661	-0.006449
0.001341	-0.014118	0.004696
-0.002942	-0.009725	0.006533
0.000268	0.001547	-0.001517
0.002916	0.003876	0.006354
0.003492	0.009896	0.003167
-0.003651	0.006074	-0.009535
0.000668	0.003130	0.003938
0.004323	0.000703	0.008394
0.006776	-0.004300	0.006868
0.001348	-0.006823	-0.005462
0.004014	-0.005940	-0.000320
0.000000	0.000000	-0.000000
0.000286	0.002271	0.006138
0.002042	0.004326	-0.004027
-0.009402	0.006343	-0.012163
-0.001499	0.008234	0.001218
-0.004760	0.002777	0.001991
-0.000702	0.005581	0.006824
-0.003328	0.007623	0.001529
-0.001924	-0.001368	-0.001735
0.004569	-0.002121	0.004301
0.004319	-0.005115	0.003089
0.002057	-0.000768	-0.001676
