-0.001238	0.000316	-0.000525
-0.000724	0.001209	0.004248
0.001010	0.001062	0.001890
-0.000114	0.000689	0.000683
-0.001293	0.002484	-0.002723
-0.002857	-0.000227	0.001149
0.001105	0.001819	0.003936
0.000000	0.000000	-0.000000
0.000837	0.000272	0.005454
0.001065	-0.001106	0.004089
0.001069	0.002542	-0.000990
0.000801	0.000994	0.000527
0.002894	-0.000495	0.003777
0.000573	0.002372	0.001892
0.005241	0.004656	0.003160
0.000459	0.003062	0.002575
0.007661	0.006193	0.002012
-0.001293	0.002484	-0.002723
0.001697	0.002746	0.003100
0.002839	0.001673	0.001579
0.000000	0.000000	-0.000000
-0.000437	0.001310	0.000002
-0.003011	-0.002463	0.001984
0.003258	0.001809	0.004306
-0.003713	0.000947	-0.001576
