17:26:20.700 -0.028588 0.026850 0.007246
17:26:20.754 -0.046429 0.006353 -0.002981
17:26:20.783 -0.041618 0.019614 -0.009977
17:26:20.817 -0.037806 0.025242 -0.001051
17:26:20.884 -0.024783 0.020843 0.005563
17:26:20.900 -0.015880 0.006343 0.004920
17:26:20.952 -0.002622 0.007861 0.000010
17:26:20.984 0.005231 -0.034652 -0.000473
17:26:21.038 -0.005272 -0.070190 0.002913
17:26:21.067 -0.018729 -0.036808 -0.010676
17:26:21.100 -0.006331 -0.013739 -0.015130
17:26:21.168 0.018620 -0.015585 -0.031459
17:26:21.200 0.031342 -0.017162 -0.033334
17:26:21.228 0.024291 -0.019534 -0.018143
17:26:21.259 0.026656 -0.011489 -0.000721
17:26:21.313 0.022770 -0.011332 0.001266
17:26:21.344 0.017665 -0.014475 -0.010384
17:26:21.400 0.011760 -0.016443 -0.012177
17:26:21.428 0.013185 0.002962 -0.014763
17:26:21.493 0.021859 -0.005819 0.006727
17:26:21.521 0.009702 0.036714 0.006471
17:26:21.552 -0.004996 0.044909 0.009717
17:26:21.589 -0.022094 -0.000098 0.004796
17:26:21.619 -0.033450 -0.006790 -0.001520
17:26:21.674 -0.021257 0.000174 0.010250
