-0.002211	-0.001469	0.002511
0.002325	0.002950	0.007190
-0.003390	0.000326	-0.000895
-0.001653	0.005997	0.002053
-0.000474	0.004202	0.005459
0.001260	0.004056	0.003102
0.000859	0.002474	-0.002354
-0.000209	-0.000068	-0.001363
0.000455	-0.002756	-0.002730
-0.001755	-0.004225	-0.000219
0.003279	0.006181	0.006882
-0.000852	0.006992	0.002580
-0.000110	0.004337	-0.004396
0.001395	0.005568	-0.005388
-0.001274	0.001038	-0.005452
-0.004403	-0.004384	0.002294
-0.010845	-0.009446	0.003535
-0.008274	-0.009321	0.006632
-0.006456	0.002202	0.009275
-0.001366	0.008269	0.008191
0.002354	0.014617	-0.000391
-0.003342	0.010547	-0.011205
0.001836	0.010076	-0.000085
-0.000037	0.002892	0.005457
0.001278	0.002610	0.000373
