-0.001502	0.002416	-0.004087
-0.001370	0.002451	0.002886
0.000062	0.007297	0.002424
-0.000055	0.002168	-0.002198
-0.000970	0.001863	-0.002043
-0.001296	-0.001164	0.002356
0.005619	0.001867	0.006039
-0.000349	-0.007398	0.001822
0.001274	-0.001038	0.005452
0.000628	0.000204	0.004090
0.000433	-0.004958	0.005077
-0.001998	0.002247	-0.001204
-0.001142	0.001073	0.001521
-0.001142	0.001073	0.001521
0.002152	-0.000010	0.000370
0.000305	0.000825	0.003409
0.005905	0.001968	0.001793
0.000646	-0.001242	0.001362
0.005311	-0.002606	0.007708
-0.000437	0.001310	0.000002
-0.001219	-0.001130	-0.003254
-0.000874	0.002620	0.000003
-0.002079	-0.001434	0.009484
-0.000037	0.002892	0.005457
-0.002262	0.004347	-0.004766
