-0.000914	-0.000305	0.000156
0.000514	0.000893	0.004773
0.005182	0.003177	0.006041
0.000914	0.000305	-0.000156
0.001660	0.003468	-0.001827
0.003162	0.001052	0.002260
0.002093	-0.001490	0.003250
0.000705	0.000237	-0.001519
-0.000209	-0.000068	-0.001363
0.000209	0.000068	0.001363
0.000914	0.000305	-0.000156
0.001069	0.002542	-0.000990
0.001965	0.004293	0.001583
0.000419	0.000136	0.002727
0.001634	-0.004551	0.000676
-0.002692	-0.008902	-0.002640
0.003963	0.002046	0.002787
-0.001844	0.004483	-0.002039
0.000518	0.004541	-0.000306
0.001829	0.000611	-0.000311
-0.000819	0.000452	0.002202
0.000000	0.000000	-0.000000
-0.000268	-0.001547	0.001517
0.002685	-0.000563	0.002414
