0.002641	-0.007137	0.007645
0.003199	0.000330	0.007187
-0.000871	0.006268	-0.005075
-0.000180	0.011599	-0.008945
-0.004525	0.008694	-0.009532
0.001359	0.008461	0.000069
-0.002968	0.004110	-0.003247
-0.002057	0.000768	0.001676
0.000951	-0.000417	0.004771
-0.000859	-0.002474	0.002354
-0.000914	-0.000305	0.000156
0.001179	-0.001795	0.003406
-0.000536	-0.003095	0.003035
0.000000	0.000000	-0.000000
0.000000	0.000000	-0.000000
0.003867	0.001289	0.000741
-0.000914	-0.000305	0.000156
0.004359	-0.002189	0.002937
0.000419	0.000136	0.002727
0.001278	0.002610	0.000373
-0.000970	0.001863	-0.002043
-0.000896	-0.001751	-0.002573
0.000437	-0.001310	-0.000002
0.004874	-0.001296	0.007710
