-0.000209	-0.000068	-0.001363
0.001333	0.000441	0.002571
0.005524	0.001110	0.003993
0.002093	-0.001490	0.003250
-0.001851	-0.004982	-0.002265
0.006302	-0.002268	0.001943
0.001829	0.000611	-0.000311
0.004991	0.001663	0.001949
0.002475	-0.000631	0.001050
0.000933	-0.001141	-0.002884
0.000055	-0.002168	0.002198
-0.001509	-0.004879	0.006071
0.002244	-0.002901	0.007494
-0.003772	-0.000532	0.001305
0.001373	0.003367	0.002419
0.004231	0.003594	0.001269
0.001256	-0.001762	-0.002203
-0.001601	-0.001989	-0.001054
0.002909	-0.005589	0.006128
0.001025	-0.004031	0.004241
0.000815	-0.004099	0.002877
0.003485	0.000431	0.002941
0.003122	-0.001874	0.002412
0.002909	-0.005589	0.006128
0.005138	-0.005567	0.000888
