-0.001028	0.000384	0.000838
0.000290	0.005919	0.001059
0.002023	0.005772	-0.001298
0.000690	0.005331	-0.003869
-0.001256	0.001762	0.002203
0.000610	0.001650	0.006819
-0.001675	0.001626	-0.000523
-0.001425	0.004619	0.000688
0.000250	0.002993	0.001211
0.000000	0.000000	-0.000000
0.000988	-0.003309	-0.000686
0.000378	-0.002789	0.002879
0.000856	-0.001174	0.002725
0.002343	0.001504	0.004462
0.001642	0.004914	0.000902
0.002174	0.004361	0.002946
-0.000477	-0.001615	0.000154
0.001352	-0.001005	-0.000157
-0.000591	-0.000926	0.000836
-0.002171	0.001457	0.002359
-0.001465	0.001694	0.000840
0.000364	0.002304	0.000529
0.001373	0.003367	0.002419
0.002479	0.005186	0.006355
-0.000228	0.001378	0.001365
