-0.001763	0.010334	-0.002343
-0.004359	0.002189	-0.002937
0.000264	-0.002100	0.003562
0.007000	-0.009326	0.010582
0.005017	-0.012173	0.011728
-0.003643	-0.006315	0.002973
0.001642	-0.019110	0.002800
0.007717	-0.020000	0.006109
0.006508	-0.005847	0.008386
0.003327	-0.005453	0.008854
0.000812	-0.007747	0.007956
0.001447	-0.000248	0.001889
0.002435	-0.001387	0.011586
-0.000437	0.003480	0.010386
-0.003155	0.008413	-0.002034
-0.005094	0.012140	-0.006119
-0.008205	0.027126	-0.013384
-0.008657	0.033530	-0.015733
-0.001973	0.034291	-0.005605
-0.002428	0.034877	-0.013259
-0.000540	0.015112	-0.004169
0.000397	-0.004236	0.000150
0.000386	-0.017349	0.005003
0.003049	-0.020113	0.015225
