-0.002271	0.007200	0.000857
-0.003001	0.005928	0.002950
-0.003945	0.008518	0.000429
-0.003579	0.008369	0.001725
-0.004188	0.007028	0.004291
-0.005779	0.006195	0.000142
-0.000871	0.010921	0.005038
-0.002127	0.011096	-0.001124
-0.001186	0.010393	0.001992
-0.002613	0.006321	0.002754
-0.004218	0.006372	0.002586
-0.004963	0.006520	0.001518
-0.002701	0.005574	0.004472
-0.003729	0.006333	0.001974
-0.003290	0.007310	0.002635
-0.003399	0.008030	0.002331
-0.002657	0.009735	0.003111
-0.003914	0.010050	0.001004
-0.003143	0.008512	0.001397
-0.003289	0.006985	0.001609
-0.004310	0.006070	0.001773
-0.002673	0.004881	0.002090
-0.005581	0.002793	0.001286
-0.001891	0.005397	0.004610
-0.003581	0.009829	0.002449
