-0.000694	0.000282	0.002442
-0.000851	0.000042	0.002039
-0.001243	-0.001471	0.003047
-0.001827	-0.001886	0.001629
-0.001487	-0.001106	0.001675
-0.000918	-0.000615	0.001603
-0.000654	0.000440	0.000726
-0.001279	-0.003716	0.000292
-0.000009	-0.004679	0.000960
-0.000253	-0.000616	0.001927
-0.000426	0.001601	0.002739
-0.002635	0.000309	0.002786
-0.001564	-0.000382	0.004780
-0.003087	-0.000968	0.003344
-0.001780	0.001806	0.003753
-0.001422	0.003782	0.003940
-0.002460	0.000730	0.002510
-0.002781	-0.002587	0.002307
-0.001297	-0.002770	0.001140
-0.001905	-0.002103	0.001145
-0.001340	-0.002303	0.001798
-0.000329	-0.001358	0.001931
-0.000049	0.000191	0.003097
-0.000033	0.000868	0.002899
-0.000138	0.001143	0.002073
