-0.003938	0.002425	0.003353
-0.004970	0.004572	0.003962
-0.005447	0.001864	0.001777
-0.004383	0.001430	0.003175
-0.003727	0.006778	0.002902
-0.002549	0.011645	0.003826
-0.001308	0.007462	0.006465
-0.002201	0.000222	0.003592
-0.003136	0.001431	0.002077
-0.001950	0.004173	0.003385
-0.002541	0.004208	0.004875
-0.000936	0.005405	0.006575
-0.000898	0.004238	0.003225
-0.002683	0.004757	0.004255
-0.002093	0.007636	0.004120
-0.001861	0.005533	0.003072
-0.002507	0.003137	0.002456
-0.002511	0.003455	0.004144
-0.002880	0.003957	0.001451
-0.003908	0.004391	0.002959
-0.002903	0.004831	0.005379
-0.002372	0.002525	0.003371
-0.002165	0.004117	0.002373
-0.002261	0.010533	0.003139
