0.951117	-0.232827	-0.202898	0.284029	0.917423	0.278681	0.121259	-0.322687	0.938706
0.951062	-0.232825	-0.203159	0.284031	0.917615	0.278044	0.121686	-0.322141	0.938839
0.950978	-0.233251	-0.203062	0.284397	0.917531	0.277947	0.121484	-0.322072	0.938888
0.951021	-0.232747	-0.203442	0.284095	0.917488	0.278399	0.121859	-0.322560	0.938672
0.951139	-0.231575	-0.204226	0.283293	0.917576	0.278925	0.122801	-0.323152	0.938346
0.951168	-0.229313	-0.206628	0.281803	0.918276	0.278131	0.125963	-0.322777	0.938056
0.951299	-0.227917	-0.207568	0.280783	0.918553	0.278245	0.127245	-0.322976	0.937814
0.951672	-0.225840	-0.208125	0.279032	0.918933	0.278752	0.128300	-0.323354	0.937540
0.952128	-0.223085	-0.209009	0.276738	0.919469	0.279271	0.129876	-0.323742	0.937189
0.952298	-0.222270	-0.209105	0.275995	0.919665	0.279363	0.130213	-0.323749	0.937140
0.952294	-0.221853	-0.209567	0.275776	0.919668	0.279569	0.130709	-0.324025	0.936975
0.952390	-0.221118	-0.209904	0.275199	0.919797	0.279712	0.131219	-0.324160	0.936857
0.952435	-0.220586	-0.210262	0.274796	0.919934	0.279659	0.131738	-0.324136	0.936793
0.952427	-0.220481	-0.210406	0.274745	0.919946	0.279670	0.131900	-0.324173	0.936757
0.952436	-0.220607	-0.210236	0.274827	0.919884	0.279793	0.131668	-0.324263	0.936759
0.952553	-0.220391	-0.209932	0.274550	0.919894	0.280031	0.131398	-0.324381	0.936756
0.952720	-0.220209	-0.209363	0.274174	0.920029	0.279955	0.130971	-0.324121	0.936906
0.952825	-0.220030	-0.209073	0.273900	0.920119	0.279928	0.130779	-0.323987	0.936979
0.952898	-0.219863	-0.208915	0.273743	0.920043	0.280333	0.130576	-0.324318	0.936893
0.952795	-0.219859	-0.209388	0.273902	0.919985	0.280368	0.130992	-0.324485	0.936777
0.952642	-0.220207	-0.209721	0.274319	0.919926	0.280152	0.131236	-0.324415	0.936767
0.952590	-0.220259	-0.209903	0.274410	0.919942	0.280009	0.131424	-0.324333	0.936769
0.952671	-0.219970	-0.209836	0.274128	0.919986	0.280141	0.131424	-0.324404	0.936744
