0.977298	0.009133	-0.211670	0.024369	0.987594	0.155128	0.210461	-0.156765	0.964951
0.977361	0.008949	-0.211391	0.024536	0.987571	0.155248	0.210153	-0.156920	0.964993
0.977139	0.008355	-0.212436	0.025214	0.987621	0.154819	0.211100	-0.156636	0.964833
0.977057	0.007958	-0.212829	0.025698	0.987595	0.154906	0.211422	-0.156821	0.964732
0.977460	0.006838	-0.211012	0.026519	0.987582	0.154848	0.209451	-0.156953	0.965140
0.977462	0.007018	-0.210997	0.026300	0.987614	0.154685	0.209469	-0.156748	0.965170
0.977491	0.007164	-0.210857	0.026155	0.987599	0.154806	0.209351	-0.156837	0.965181
0.977380	0.007829	-0.211344	0.025625	0.987568	0.155088	0.209931	-0.156995	0.965029
0.977281	0.007897	-0.211802	0.025568	0.987615	0.154797	0.210402	-0.156696	0.964975
0.977138	0.007863	-0.212459	0.025667	0.987643	0.154602	0.211050	-0.156521	0.964862
0.977082	0.008121	-0.212710	0.025472	0.987631	0.154714	0.211336	-0.156587	0.964789
0.977058	0.008481	-0.212804	0.025166	0.987609	0.154903	0.211481	-0.156704	0.964738
0.976929	0.009296	-0.213363	0.024456	0.987611	0.155006	0.212161	-0.156648	0.964598
0.976595	0.010707	-0.214818	0.023387	0.987552	0.155544	0.213809	-0.156928	0.964188
0.976470	0.011342	-0.215353	0.022854	0.987550	0.155639	0.214437	-0.156898	0.964054
