0.931256	0.249508	-0.265534	-0.146323	0.923501	0.354592	0.333695	-0.291362	0.896524
0.931205	0.249628	-0.265601	-0.146407	0.923473	0.354630	0.333801	-0.291348	0.896490
0.931138	0.249817	-0.265655	-0.146619	0.923483	0.354516	0.333892	-0.291153	0.896519
0.931016	0.250004	-0.265907	-0.146764	0.923502	0.354406	0.334168	-0.290932	0.896488
0.930970	0.250261	-0.265828	-0.146987	0.923407	0.354563	0.334200	-0.291014	0.896449
0.930885	0.250486	-0.265914	-0.147106	0.923309	0.354767	0.334386	-0.291130	0.896342
0.930812	0.250558	-0.266100	-0.147037	0.923238	0.354982	0.334618	-0.291295	0.896202
0.930823	0.250352	-0.266258	-0.146768	0.923267	0.355017	0.334706	-0.291380	0.896141
0.930827	0.250460	-0.266141	-0.146932	0.923260	0.354967	0.334623	-0.291308	0.896196
0.930739	0.250601	-0.266315	-0.146993	0.923227	0.355028	0.334840	-0.291292	0.896120
0.930703	0.250652	-0.266394	-0.146947	0.923161	0.355220	0.334961	-0.291458	0.896021
0.930686	0.250667	-0.266440	-0.146994	0.923202	0.355092	0.334988	-0.291314	0.896058
0.930610	0.250655	-0.266713	-0.146868	0.923195	0.355163	0.335252	-0.291347	0.895948
0.930596	0.250754	-0.266672	-0.146974	0.923172	0.355179	0.335247	-0.291334	0.895954
0.930613	0.250769	-0.266597	-0.146902	0.923069	0.355475	0.335230	-0.291646	0.895859
0.930712	0.250957	-0.266074	-0.147201	0.922964	0.355625	0.334823	-0.291818	0.895955
0.930650	0.250733	-0.266504	-0.146936	0.923105	0.355368	0.335114	-0.291564	0.895929
0.930665	0.250137	-0.267009	-0.146295	0.923323	0.355067	0.335351	-0.291386	0.895899
0.930678	0.249954	-0.267137	-0.146132	0.923410	0.354907	0.335388	-0.291267	0.895923
0.930697	0.250023	-0.267003	-0.146142	0.923304	0.355179	0.335328	-0.291543	0.895856
0.930705	0.250230	-0.266785	-0.146351	0.923203	0.355356	0.335217	-0.291687	0.895850
0.930707	0.250269	-0.266741	-0.146444	0.923230	0.355246	0.335170	-0.291567	0.895907
0.930690	0.250329	-0.266744	-0.146456	0.923180	0.355372	0.335212	-0.291674	0.895856
