0.977574	0.004889	-0.210533	0.076794	0.922613	0.378005	0.196089	-0.385695	0.901548
0.977489	0.005313	-0.210919	0.076498	0.922735	0.377766	0.196629	-0.385397	0.901557
0.977435	0.005664	-0.211162	0.076265	0.922755	0.377767	0.196991	-0.385346	0.901500
0.977456	0.006082	-0.211051	0.075830	0.922781	0.377789	0.197052	-0.385276	0.901517
0.977287	0.006327	-0.211827	0.075895	0.922807	0.377714	0.197865	-0.385211	0.901367
0.977191	0.006253	-0.212269	0.076151	0.922772	0.377747	0.198238	-0.385296	0.901248
0.977240	0.006610	-0.212035	0.075731	0.922785	0.377800	0.198160	-0.385259	0.901282
0.977281	0.006819	-0.211838	0.075452	0.922812	0.377789	0.198063	-0.385190	0.901332
0.977267	0.006548	-0.211912	0.075746	0.922772	0.377829	0.198020	-0.385292	0.901298
0.977286	0.006544	-0.211825	0.075684	0.922834	0.377690	0.197950	-0.385143	0.901377
0.977310	0.006276	-0.211723	0.075862	0.922883	0.377535	0.197765	-0.385030	0.901466
0.977411	0.005655	-0.211271	0.076266	0.922851	0.377532	0.197106	-0.385116	0.901573
0.977444	0.005162	-0.211132	0.076755	0.922660	0.377899	0.196753	-0.385581	0.901452
0.977464	0.004772	-0.211046	0.077140	0.922530	0.378138	0.196501	-0.385896	0.901372
0.977477	0.004428	-0.210997	0.077443	0.922510	0.378125	0.196322	-0.385948	0.901389
0.977515	0.004191	-0.210826	0.077524	0.922641	0.377787	0.196100	-0.385637	0.901570
0.977552	0.003930	-0.210657	0.077593	0.922841	0.377284	0.195886	-0.385160	0.901820
0.977548	0.003724	-0.210679	0.077756	0.922903	0.377099	0.195841	-0.385014	0.901893
0.977609	0.003460	-0.210403	0.077817	0.923041	0.376748	0.195514	-0.384685	0.902104
0.977613	0.003233	-0.210386	0.078075	0.922925	0.376980	0.195389	-0.384966	0.902011
0.977606	0.003097	-0.210423	0.078223	0.922904	0.377000	0.195368	-0.385017	0.901994
0.977560	0.003151	-0.210634	0.078263	0.922890	0.377026	0.195580	-0.385051	0.901934
