0.964718	-0.038124	-0.260510	0.132704	0.924991	0.356063	0.227395	-0.378071	0.897415
0.964574	-0.037672	-0.261108	0.132433	0.925149	0.355752	0.228162	-0.377729	0.897364
0.964556	-0.037445	-0.261209	0.132233	0.925213	0.355662	0.228357	-0.377596	0.897371
0.964541	-0.037236	-0.261294	0.132077	0.925221	0.355698	0.228510	-0.377596	0.897332
0.964571	-0.037025	-0.261213	0.131750	0.925407	0.355337	0.228572	-0.377163	0.897498
0.964660	-0.036781	-0.260920	0.131428	0.925405	0.355460	0.228382	-0.377190	0.897535
0.964662	-0.036380	-0.260966	0.131154	0.925307	0.355816	0.228529	-0.377469	0.897380
0.964719	-0.036076	-0.260796	0.130816	0.925321	0.355904	0.228481	-0.377464	0.897395
0.964799	-0.036033	-0.260509	0.130714	0.925250	0.356125	0.228204	-0.377642	0.897391
0.964951	-0.036327	-0.259903	0.130743	0.925262	0.356086	0.227543	-0.377586	0.897582
0.965001	-0.036733	-0.259659	0.130949	0.925360	0.355753	0.227210	-0.377304	0.897784
0.964982	-0.036849	-0.259715	0.131054	0.925389	0.355640	0.227232	-0.377223	0.897813
0.965033	-0.036912	-0.259516	0.130956	0.925522	0.355330	0.227072	-0.376890	0.897993
0.965068	-0.036976	-0.259375	0.131022	0.925419	0.355573	0.226883	-0.377137	0.897938
0.965158	-0.036822	-0.259064	0.130707	0.925529	0.355404	0.226684	-0.376883	0.898094
0.965208	-0.036333	-0.258947	0.130307	0.925409	0.355864	0.226702	-0.377225	0.897946
0.965323	-0.036130	-0.258545	0.129958	0.925446	0.355893	0.226411	-0.377152	0.898050
0.965461	-0.035845	-0.258071	0.129539	0.925434	0.356078	0.226064	-0.377209	0.898113
0.965365	-0.035946	-0.258416	0.129776	0.925401	0.356078	0.226338	-0.377281	0.898014
0.965253	-0.036316	-0.258782	0.130144	0.925552	0.355551	0.226604	-0.376875	0.898118
0.965264	-0.036520	-0.258713	0.130250	0.925631	0.355305	0.226497	-0.376660	0.898235
0.965383	-0.036335	-0.258295	0.129944	0.925614	0.355461	0.226166	-0.376720	0.898294
