0.819506	0.509485	-0.262365	-0.385390	0.828800	0.405666	0.424129	-0.231332	0.875557
0.819672	0.509322	-0.262162	-0.385337	0.828883	0.405546	0.423856	-0.231394	0.875673
0.819885	0.509099	-0.261931	-0.385364	0.829065	0.405150	0.423419	-0.231237	0.875926
0.820017	0.509089	-0.261533	-0.385605	0.829098	0.404852	0.422942	-0.231137	0.876182
0.819946	0.509129	-0.261681	-0.385817	0.829213	0.404414	0.422888	-0.230637	0.876340
0.820038	0.508994	-0.261653	-0.385787	0.829327	0.404210	0.422737	-0.230526	0.876443
0.820077	0.508738	-0.262029	-0.385614	0.829595	0.403823	0.422818	-0.230124	0.876509
0.820081	0.508664	-0.262159	-0.385700	0.829752	0.403419	0.422732	-0.229721	0.876656
0.820050	0.508761	-0.262071	-0.385855	0.829714	0.403350	0.422652	-0.229646	0.876714
0.820035	0.508795	-0.262053	-0.385949	0.829726	0.403234	0.422595	-0.229527	0.876773
0.820007	0.508776	-0.262174	-0.386034	0.829824	0.402952	0.422571	-0.229215	0.876866
0.819947	0.508910	-0.262102	-0.386411	0.829872	0.402490	0.422343	-0.228741	0.877100
0.819900	0.509040	-0.261997	-0.386660	0.829846	0.402306	0.422207	-0.228547	0.877216
0.819854	0.509114	-0.261996	-0.386770	0.829831	0.402231	0.422194	-0.228439	0.877250
0.819810	0.509131	-0.262102	-0.386742	0.829826	0.402267	0.422306	-0.228417	0.877202
0.819702	0.509299	-0.262112	-0.386867	0.829725	0.402356	0.422400	-0.228410	0.877159
0.819576	0.509587	-0.261945	-0.387191	0.829562	0.402381	0.422348	-0.228359	0.877197
0.819371	0.510033	-0.261719	-0.387589	0.829262	0.402615	0.422381	-0.228452	0.877157
0.819139	0.510433	-0.261668	-0.387899	0.829009	0.402839	0.422547	-0.228480	0.877069
0.818853	0.511051	-0.261355	-0.388354	0.828540	0.403363	0.422682	-0.228797	0.876922
0.818739	0.511376	-0.261075	-0.388704	0.828322	0.403474	0.422582	-0.228859	0.876954
0.818752	0.511441	-0.260908	-0.388903	0.828319	0.403288	0.422373	-0.228725	0.877089
0.818670	0.511670	-0.260716	-0.389099	0.828140	0.403468	0.422351	-0.228863	0.877064
0.818541	0.511975	-0.260525	-0.389198	0.827831	0.404007	0.422512	-0.229300	0.876872
0.818442	0.512293	-0.260210	-0.389626	0.827652	0.403961	0.422309	-0.229234	0.876987
