0.964858	-0.033466	-0.260632	0.128604	0.925092	0.357304	0.229150	-0.378266	0.896886
0.965183	-0.033436	-0.259429	0.128281	0.924842	0.358065	0.227959	-0.378879	0.896931
0.965406	-0.033306	-0.258614	0.127816	0.924926	0.358016	0.227275	-0.378685	0.897186
0.965441	-0.033175	-0.258501	0.127553	0.925101	0.357657	0.227274	-0.378269	0.897362
0.965459	-0.033117	-0.258444	0.127418	0.925205	0.357436	0.227276	-0.378020	0.897467
0.965303	-0.033518	-0.258974	0.127941	0.925247	0.357140	0.227644	-0.377881	0.897432
0.965212	-0.034086	-0.259239	0.128524	0.925270	0.356870	0.227702	-0.377774	0.897462
0.965158	-0.034318	-0.259409	0.128899	0.925091	0.357200	0.227719	-0.378192	0.897282
0.965111	-0.034393	-0.259573	0.129032	0.925080	0.357179	0.227842	-0.378211	0.897243
0.965052	-0.034277	-0.259805	0.129051	0.925023	0.357321	0.228078	-0.378362	0.897119
0.964731	-0.034165	-0.261011	0.129450	0.924940	0.357392	0.229209	-0.378575	0.896741
0.964545	-0.033825	-0.261741	0.129399	0.924977	0.357314	0.230018	-0.378514	0.896559
0.964623	-0.031505	-0.261745	0.127534	0.924697	0.358708	0.230734	-0.379399	0.896001
0.964801	-0.030026	-0.261261	0.126064	0.924680	0.359268	0.230796	-0.379558	0.895918
0.964877	-0.029282	-0.261065	0.125362	0.924641	0.359616	0.230861	-0.379713	0.895836
0.964801	-0.029611	-0.261308	0.125799	0.924546	0.359706	0.230940	-0.379917	0.895729
0.964756	-0.030457	-0.261379	0.126494	0.924671	0.359143	0.230751	-0.379548	0.895934
0.964737	-0.031331	-0.261343	0.127169	0.924800	0.358570	0.230456	-0.379161	0.896173
0.964650	-0.032689	-0.261499	0.128358	0.924902	0.357883	0.230162	-0.378797	0.896403
0.964643	-0.033352	-0.261441	0.128872	0.924978	0.357503	0.229904	-0.378555	0.896571
0.964823	-0.034074	-0.260682	0.129154	0.925094	0.357099	0.228987	-0.378206	0.896953
0.964958	-0.034112	-0.260178	0.128997	0.925102	0.357136	0.228509	-0.378183	0.897085
