-0.002380	-0.001389	-0.000996
-0.000801	0.000994	0.000527
0.000378	0.002789	-0.002879
-0.000055	-0.002168	0.002198
0.000613	-0.003128	0.008644
0.004569	0.004291	0.006083
0.002971	0.000462	0.001832
0.000000	0.000000	0.000000
-0.000040	0.002925	-0.000152
-0.006034	-0.003815	0.003461
0.001693	0.000902	-0.008179
0.002857	-0.000227	0.001149
0.000213	-0.003716	0.003716
0.000228	0.001378	0.001365
0.002832	0.007792	-0.001353
-0.001561	-0.000937	0.001206
-0.002527	-0.006447	0.008327
-0.001693	-0.003072	-0.002205
0.001179	0.001795	-0.003406
0.001234	0.006134	0.004780
0.002075	0.002214	0.004405
-0.000606	-0.004167	0.001514
-0.001425	-0.004619	-0.000688
-0.003048	0.001741	0.002942
-0.002743	0.000916	-0.000467
-0.000801	0.000994	0.000527
