-0.000841	0.003920	0.000375
-0.000323	-0.000621	0.000681
0.001124	-0.000373	-0.001208
-0.000951	-0.000417	0.004771
-0.000970	-0.001863	0.002043
-0.001197	-0.003241	0.000677
0.000687	-0.001683	-0.001209
0.002740	0.004902	0.005772
0.001770	0.003039	0.007814
-0.002343	0.001504	0.004462
-0.003676	-0.000225	-0.003351
-0.002380	-0.001389	-0.000996
-0.001616	-0.003105	0.003404
0.002171	0.001457	0.002359
0.001678	-0.002022	0.004555
0.001293	0.004654	0.007660
-0.002240	-0.008719	0.002190
-0.000040	0.002925	-0.000152
0.001733	0.000147	0.002357
0.000973	-0.001785	0.003036
-0.001888	0.002090	-0.003192
0.000455	0.002756	0.002730
-0.001065	-0.001106	0.004089
-0.001373	0.003367	0.002419
-0.000569	-0.003445	-0.003413
