0.000646	0.001242	-0.001362
-0.006361	-0.005129	-0.021705
-0.001021	-0.014190	-0.021832
-0.003533	-0.013373	-0.005471
-0.003724	-0.011859	-0.001379
-0.005171	-0.014277	-0.009874
-0.004150	-0.004427	-0.008810
-0.001139	-0.006891	-0.006826
-0.003922	-0.003049	-0.007445
-0.000683	-0.004134	-0.004095
0.000419	-0.000136	-0.002727
0.001645	-0.010732	-0.006207
0.001035	-0.009082	0.000612
0.004304	0.000021	-0.000739
0.007808	0.003206	0.009433
-0.000426	0.007431	-0.007431
0.002482	-0.011004	-0.011660
0.018253	-0.008998	-0.002344
-0.006823	0.008091	0.006942
0.005825	0.003883	-0.002097
