0.030123	0.016122	0.026204
0.008433	0.039355	0.039900
-0.002416	0.024084	0.012417
0.026957	0.018652	0.013001
0.025841	0.037924	0.032852
0.002924	0.015023	0.012290
0.025524	-0.002697	0.004054
0.010173	-0.000499	0.012778
-0.007771	-0.000314	-0.003975
-0.007235	-0.003409	-0.000941
-0.003570	-0.016265	-0.010928
-0.006508	-0.012358	-0.022766
-0.012722	-0.010258	-0.043410
-0.017328	-0.017441	-0.054950
-0.011995	-0.014866	-0.044467
-0.019883	-0.003541	-0.012669
-0.008461	0.007187	0.002539
0.000948	0.008405	0.010918
0.010276	0.015473	0.018992
0.007302	0.020829	0.022465
0.018091	0.007044	0.017815
0.009747	0.011273	0.026115
