0.697520	-0.711151	0.087919	0.711737	0.701805	0.030007	-0.083041	0.041644	0.995676
0.697369	-0.711311	0.087826	0.711881	0.701652	0.030163	-0.083079	0.041487	0.995679
0.697380	-0.711311	0.087733	0.711884	0.701652	0.030078	-0.082953	0.041480	0.995690
0.697633	-0.711015	0.088119	0.711602	0.701938	0.030092	-0.083250	0.041713	0.995655
0.697492	-0.711177	0.087934	0.711760	0.701780	0.030062	-0.083089	0.041620	0.995673
0.696863	-0.711774	0.088090	0.712356	0.701169	0.030180	-0.083247	0.041720	0.995655
0.696709	-0.711936	0.087997	0.712520	0.701005	0.030135	-0.083141	0.041705	0.995665
0.697323	-0.711343	0.087934	0.711939	0.701604	0.029900	-0.082964	0.041754	0.995677
0.697495	-0.711207	0.087671	0.711803	0.701748	0.029760	-0.082689	0.041647	0.995705
0.697577	-0.711194	0.087115	0.711727	0.701805	0.030255	-0.082655	0.040897	0.995739
0.697730	-0.711106	0.086605	0.711608	0.701921	0.030371	-0.082386	0.040438	0.995780
0.698512	-0.710420	0.085938	0.710882	0.702652	0.030469	-0.082030	0.039809	0.995834
0.699232	-0.709807	0.085133	0.710201	0.703322	0.030860	-0.081780	0.038883	0.995892
0.698902	-0.710081	0.085567	0.710477	0.703035	0.031054	-0.082208	0.039090	0.995848
0.698145	-0.710714	0.086482	0.711147	0.702355	0.031103	-0.082846	0.039787	0.995768
0.697316	-0.711380	0.087688	0.711887	0.701616	0.030858	-0.083476	0.040906	0.995670
0.696841	-0.711740	0.088539	0.712285	0.701212	0.030852	-0.084043	0.041566	0.995595
0.696861	-0.711710	0.088616	0.712239	0.701249	0.031084	-0.084264	0.041455	0.995581
0.696827	-0.711709	0.088894	0.712227	0.701249	0.031338	-0.084641	0.041476	0.995548
0.696594	-0.711976	0.088586	0.712473	0.700994	0.031455	-0.084493	0.041203	0.995572
0.696338	-0.712220	0.088632	0.712721	0.700742	0.031457	-0.084512	0.041265	0.995568
0.696890	-0.711727	0.088261	0.712196	0.701269	0.031601	-0.084386	0.040837	0.995596
0.696909	-0.711730	0.088075	0.712224	0.701257	0.031230	-0.083991	0.040965	0.995624
