0.660987	-0.748836	0.048380	0.746333	0.662740	0.061331	-0.077990	-0.004431	0.996944
0.660146	-0.749646	0.047300	0.746746	0.661784	0.066429	-0.081100	-0.008532	0.996669
0.659606	-0.750228	0.045574	0.747060	0.661069	0.069923	-0.082586	-0.012075	0.996511
0.659003	-0.750816	0.044621	0.747478	0.660360	0.072126	-0.083619	-0.014178	0.996397
0.658492	-0.751311	0.043810	0.747829	0.659755	0.073994	-0.084497	-0.015962	0.996296
0.658170	-0.751584	0.043975	0.747912	0.659411	0.076189	-0.086261	-0.017256	0.996123
0.658260	-0.751489	0.044250	0.747455	0.659451	0.080221	-0.089466	-0.019731	0.995794
0.657974	-0.751811	0.043014	0.747287	0.658928	0.085881	-0.092909	-0.024363	0.995376
0.656520	-0.753190	0.041061	0.748079	0.657114	0.092621	-0.096743	-0.030090	0.994854
0.654658	-0.754979	0.037804	0.749298	0.654714	0.099508	-0.099877	-0.036818	0.994318
0.651793	-0.757635	0.033986	0.751338	0.651178	0.107043	-0.103230	-0.044234	0.993673
0.648189	-0.760914	0.029345	0.754096	0.646781	0.114081	-0.105786	-0.051817	0.993038
0.644528	-0.764189	0.024462	0.756881	0.642240	0.121077	-0.108236	-0.059523	0.992342
0.640362	-0.767944	0.014080	0.759998	0.636175	0.132984	-0.111082	-0.074457	0.991018
0.640353	-0.768044	0.007482	0.760130	0.635093	0.137332	-0.110229	-0.082254	0.990497
0.639520	-0.768757	-0.005158	0.761121	0.632196	0.144994	-0.108205	-0.096652	0.989419
0.637837	-0.770092	-0.011079	0.762631	0.629519	0.148657	-0.107505	-0.103268	0.988827
0.636240	-0.771335	-0.015518	0.763896	0.627033	0.152618	-0.107989	-0.108956	0.988163
0.635365	-0.771953	-0.020025	0.764515	0.625168	0.157105	-0.108759	-0.115128	0.987379
0.633853	-0.773076	-0.024170	0.765327	0.622368	0.164112	-0.111829	-0.122521	0.986146
0.629875	-0.776254	-0.026203	0.767606	0.617002	0.173464	-0.118485	-0.129374	0.984492
0.625789	-0.779495	-0.027855	0.769718	0.611374	0.183730	-0.126187	-0.136416	0.982582
0.622301	-0.782271	-0.028187	0.771419	0.606761	0.191713	-0.132869	-0.141047	0.981046
