0.580391	-0.807695	0.103805	0.807340	0.587385	0.056403	-0.106530	0.051070	0.992997
0.580432	-0.807671	0.103758	0.807266	0.587444	0.056849	-0.106867	0.050763	0.992977
0.580500	-0.807598	0.103947	0.807136	0.587563	0.057459	-0.107479	0.050545	0.992922
0.581004	-0.807245	0.103870	0.806668	0.588108	0.058443	-0.108265	0.049832	0.992872
0.581446	-0.806914	0.103969	0.806204	0.588622	0.059660	-0.109338	0.049131	0.992790
0.581368	-0.806911	0.104434	0.806109	0.588646	0.060695	-0.110450	0.048900	0.992678
0.581492	-0.806717	0.105241	0.805812	0.588922	0.061956	-0.111960	0.048777	0.992515
0.582009	-0.806266	0.105836	0.805260	0.589560	0.063047	-0.113229	0.048531	0.992383
0.583139	-0.805366	0.106461	0.804236	0.590821	0.064301	-0.114685	0.048123	0.992236
0.582790	-0.805527	0.107152	0.804387	0.590572	0.064697	-0.115396	0.048486	0.992135
0.581943	-0.805965	0.108452	0.804864	0.589892	0.064978	-0.116345	0.049475	0.991976
0.581644	-0.806077	0.109226	0.804995	0.589692	0.065160	-0.116934	0.050026	0.991879
0.580958	-0.806420	0.110341	0.805436	0.589123	0.064855	-0.117305	0.051195	0.991776
0.580136	-0.806955	0.110749	0.806059	0.588325	0.064364	-0.117095	0.051930	0.991762
0.580102	-0.807156	0.109458	0.806163	0.588153	0.064635	-0.116549	0.050746	0.991888
0.579630	-0.807712	0.107849	0.806422	0.587587	0.066523	-0.117102	0.048414	0.991939
0.579243	-0.808170	0.106482	0.806498	0.587168	0.069248	-0.118487	0.045766	0.991900
0.579318	-0.808321	0.104913	0.806322	0.587152	0.071399	-0.119313	0.043231	0.991915
0.579395	-0.808422	0.103711	0.806154	0.587161	0.073206	-0.120076	0.041191	0.991910
0.579141	-0.808659	0.103281	0.806247	0.586899	0.074269	-0.120674	0.040258	0.991876
0.579292	-0.808566	0.103157	0.806041	0.587070	0.075147	-0.121322	0.039617	0.991822
0.579831	-0.808168	0.103247	0.805537	0.587652	0.076000	-0.122094	0.039102	0.991748
0.580170	-0.807935	0.103171	0.805228	0.588003	0.076555	-0.122517	0.038661	0.991713
0.580384	-0.807770	0.103253	0.805039	0.588234	0.076764	-0.122744	0.038570	0.991689
