0.981584	-0.186309	0.042206	0.180930	0.977601	0.107524	-0.061293	-0.097907	0.993306
0.981797	-0.184517	0.045025	0.178918	0.978055	0.106759	-0.063736	-0.096760	0.993265
0.981377	-0.185655	0.049318	0.179683	0.977988	0.106082	-0.067927	-0.095245	0.993134
0.981074	-0.186711	0.051308	0.180610	0.977916	0.105173	-0.069811	-0.093916	0.993129
0.981060	-0.186864	0.051018	0.180841	0.977952	0.104435	-0.069409	-0.093231	0.993222
0.980993	-0.187164	0.051208	0.181127	0.977905	0.104375	-0.069612	-0.093116	0.993219
0.981170	-0.186345	0.050806	0.180331	0.978027	0.104617	-0.069185	-0.093485	0.993214
0.981456	-0.185153	0.049627	0.179248	0.978217	0.104698	-0.067931	-0.093860	0.993265
0.981700	-0.184228	0.048228	0.178459	0.978362	0.104692	-0.066472	-0.094169	0.993335
0.981777	-0.184052	0.047316	0.178377	0.978389	0.104582	-0.065542	-0.094236	0.993390
0.981767	-0.184231	0.046814	0.178616	0.978366	0.104381	-0.065031	-0.094116	0.993435
0.981755	-0.184400	0.046405	0.178856	0.978378	0.103865	-0.064555	-0.093670	0.993508
0.981804	-0.184252	0.045947	0.178789	0.978452	0.103280	-0.063987	-0.093186	0.993590
0.981821	-0.184333	0.045255	0.178975	0.978484	0.102650	-0.063203	-0.092684	0.993688
0.981829	-0.184328	0.045120	0.178948	0.978432	0.103190	-0.063168	-0.093241	0.993638
0.981878	-0.184030	0.045255	0.178604	0.978438	0.103728	-0.063368	-0.093765	0.993576
0.981827	-0.184130	0.045952	0.178648	0.978445	0.103592	-0.064036	-0.093501	0.993558
0.981580	-0.185100	0.047319	0.179500	0.978312	0.103370	-0.065427	-0.092972	0.993517
0.981223	-0.186670	0.048537	0.180944	0.978032	0.103498	-0.066790	-0.092773	0.993445
0.980970	-0.187710	0.049633	0.181879	0.977859	0.103495	-0.067961	-0.092498	0.993391
0.980986	-0.187345	0.050681	0.181424	0.977954	0.103396	-0.068934	-0.092236	0.993348
0.981174	-0.186217	0.051199	0.180236	0.978150	0.103627	-0.069377	-0.092448	0.993298
0.981238	-0.185943	0.050957	0.179975	0.978182	0.103777	-0.069142	-0.092659	0.993294
0.981198	-0.186350	0.050249	0.180409	0.978045	0.104310	-0.068584	-0.093284	0.993275
