-0.018558	-0.036864	-0.098715
0.018626	-0.068196	-0.112214
0.031749	-0.023877	-0.015476
0.010579	-0.016350	0.020859
-0.019154	0.025152	0.039787
-0.001442	0.020554	0.038299
0.009687	0.031751	0.062274
-0.002546	0.036325	0.052542
-0.004063	0.030978	0.036638
-0.000315	0.004834	0.007612
-0.000070	-0.018596	-0.014110
0.005358	-0.017084	-0.023121
0.004906	-0.011870	-0.018714
0.001008	0.006040	0.004611
0.001806	0.009099	0.004824
-0.003005	0.015763	0.000111
-0.008390	0.018651	-0.013763
-0.001846	0.001167	-0.008642
-0.007797	0.000201	0.010689
-0.005752	0.003631	0.011749
-0.010028	-0.000202	-0.000039
-0.000684	-0.001274	-0.001247
-0.006876	0.013504	-0.002291
-0.005748	0.006144	0.001600
-0.003401	0.004895	0.002910
