0.003328	0.018418	-0.044167
0.046745	0.061491	0.056331
-0.003738	-0.003421	0.002778
-0.002802	-0.011011	-0.011636
0.000546	-0.011021	-0.011118
0.006046	-0.001089	-0.000036
0.006900	-0.011166	-0.008350
0.002936	-0.014292	-0.027146
-0.007858	0.012001	-0.027212
-0.012105	-0.019757	-0.058288
-0.014162	-0.011206	-0.046646
0.004275	0.002716	-0.005729
-0.010249	-0.005139	-0.001575
-0.021159	0.024678	0.040070
-0.013323	0.036794	0.062042
-0.010511	0.047712	0.068850
-0.001721	0.017252	0.034377
0.000145	0.036224	0.040110
0.000214	0.026043	0.025720
-0.016764	-0.037154	-0.100856
0.019079	-0.055387	-0.071493
0.051413	-0.021576	0.029735
0.017902	-0.011593	0.032278
0.029366	-0.003710	0.098611
0.076477	-0.062687	0.090792
