0.001241	-0.003332	0.004554
0.002152	0.000010	-0.000370
-0.001278	0.002610	0.000373
-0.003011	0.002463	-0.001984
-0.005178	-0.002641	0.000736
-0.002549	-0.004246	0.000520
0.000459	-0.003062	-0.002575
0.000419	-0.000136	-0.002727
0.004125	0.010277	-0.004076
0.003089	0.021528	0.005695
-0.000320	-0.004269	0.005760
-0.005359	-0.016410	-0.000703
-0.002869	-0.010685	-0.004104
-0.001888	0.002090	-0.003192
0.000353	0.012979	0.005002
-0.000844	0.009738	0.005680
0.002806	-0.008213	-0.001957
-0.002185	-0.006550	-0.000009
-0.001521	-0.003862	0.001358
-0.001260	0.004056	0.003102
0.000680	0.007782	-0.000984
-0.001601	0.001989	0.001054
-0.006607	-0.001443	0.005353
0.006313	-0.013015	-0.007474
-0.000272	0.007365	0.003788
