0.001083	0.002552	-0.001360
0.001425	0.004619	0.000688
0.000000	0.000000	0.000000
-0.000859	0.002474	-0.002354
-0.000760	-0.001931	0.000679
-0.001939	-0.003726	0.004085
-0.001293	-0.002484	0.002723
-0.000136	0.003683	0.001894
-0.000668	0.003130	0.003938
0.004418	-0.001460	-0.010440
-0.001832	0.006428	0.004994
-0.002633	0.007423	0.005521
-0.002395	-0.006482	0.001355
-0.002123	-0.013847	-0.002433
0.001388	0.001727	-0.004769
0.002527	0.008618	0.002056
-0.001241	0.005502	0.005830
-0.001260	0.004056	0.003102
-0.000779	-0.003377	-0.002049
-0.000735	-0.009950	0.003182
-0.002571	0.000126	0.003096
-0.001924	0.001368	0.001735
-0.000213	0.003716	-0.003716
0.001921	0.002280	-0.006814
0.000496	-0.000169	0.002882
