0.001598	0.001659	-0.006133
-0.002093	-0.001490	0.003250
-0.004168	-0.001533	0.009229
0.004157	-0.007208	-0.001800
0.001267	0.012673	0.005158
-0.000268	0.003717	0.008867
-0.002795	-0.004900	0.006810
-0.000646	-0.001242	0.001362
0.003118	0.005521	-0.007491
0.001425	0.004619	0.000688
-0.000286	0.002271	0.006138
-0.000191	0.001514	0.004092
0.000095	-0.000757	-0.002046
-0.000856	-0.001174	0.002725
-0.003996	-0.004494	0.002409
-0.002816	0.021326	-0.002896
-0.001407	-0.003173	0.002041
-0.000760	-0.001931	0.000679
-0.000059	0.003649	0.007503
0.001443	0.006065	0.003416
0.000492	0.003478	-0.002196
-0.001260	0.004056	0.003102
-0.000918	0.006123	0.005149
-0.003313	-0.000359	0.006504
-0.002927	-0.007035	0.003399
-0.000455	-0.002756	-0.002730
