0.914020	-0.360604	-0.185829	0.393749	0.898838	0.192490	0.097617	-0.249110	0.963543
0.913804	-0.361123	-0.185883	0.394265	0.898630	0.192405	0.097558	-0.249107	0.963550
0.913587	-0.361707	-0.185815	0.394808	0.898421	0.192265	0.097396	-0.249012	0.963591
0.913561	-0.361674	-0.186005	0.394849	0.898349	0.192518	0.097469	-0.249321	0.963504
0.913571	-0.361650	-0.186003	0.394844	0.898311	0.192704	0.097397	-0.249491	0.963467
0.913517	-0.361768	-0.186037	0.394980	0.898228	0.192813	0.097351	-0.249619	0.963438
0.913564	-0.361553	-0.186229	0.394821	0.898288	0.192861	0.097558	-0.249718	0.963392
0.913539	-0.361454	-0.186541	0.394835	0.898216	0.193168	0.097733	-0.250120	0.963270
0.913508	-0.361496	-0.186610	0.394905	0.898162	0.193274	0.097738	-0.250251	0.963235
0.913620	-0.361249	-0.186541	0.394631	0.898309	0.193149	0.097796	-0.250080	0.963274
0.913795	-0.360925	-0.186314	0.394244	0.898501	0.193046	0.097728	-0.249857	0.963338
0.913881	-0.360790	-0.186152	0.394120	0.898452	0.193531	0.097425	-0.250231	0.963272
0.913854	-0.360812	-0.186240	0.394161	0.898441	0.193496	0.097510	-0.250236	0.963262
0.913770	-0.360826	-0.186626	0.394258	0.898429	0.193353	0.097903	-0.250259	0.963216
0.913536	-0.361271	-0.186907	0.394756	0.898235	0.193239	0.098075	-0.250314	0.963184
0.913584	-0.361376	-0.186469	0.394758	0.898212	0.193341	0.097620	-0.250244	0.963249
0.913716	-0.360935	-0.186679	0.394367	0.898408	0.193229	0.097971	-0.250176	0.963231
0.913720	-0.360988	-0.186557	0.394392	0.898389	0.193267	0.097834	-0.250168	0.963247
0.913868	-0.360842	-0.186116	0.394181	0.898384	0.193720	0.097301	-0.250398	0.963241
0.914156	-0.360157	-0.186024	0.393520	0.898599	0.194067	0.097266	-0.250612	0.963189
0.914223	-0.359996	-0.186007	0.393350	0.898687	0.194003	0.097322	-0.250528	0.963205
0.914001	-0.360648	-0.185838	0.393895	0.898560	0.193482	0.097207	-0.250044	0.963343
0.913972	-0.360865	-0.185560	0.394018	0.898550	0.193284	0.096986	-0.249770	0.963436
0.914030	-0.360662	-0.185666	0.393825	0.898676	0.193088	0.097214	-0.249609	0.963455
