0.719374	-0.672482	-0.173981	0.693823	0.707658	0.133529	0.033323	-0.216769	0.975654
0.719411	-0.672531	-0.173639	0.693815	0.707563	0.134069	0.032695	-0.216924	0.975641
0.719298	-0.672464	-0.174367	0.693914	0.707432	0.134251	0.033073	-0.217562	0.975486
0.719133	-0.672503	-0.174894	0.694083	0.707186	0.134674	0.033114	-0.218239	0.975333
0.719054	-0.672502	-0.175224	0.694165	0.707048	0.134975	0.033121	-0.218689	0.975232
0.719563	-0.671895	-0.175459	0.693632	0.707510	0.135295	0.033235	-0.219057	0.975146
0.719891	-0.671428	-0.175899	0.693268	0.707874	0.135256	0.033700	-0.219315	0.975072
0.719351	-0.671981	-0.176000	0.693830	0.707344	0.135148	0.033676	-0.219333	0.975069
0.719477	-0.671869	-0.175913	0.693693	0.707519	0.134931	0.033805	-0.219109	0.975114
0.719793	-0.671552	-0.175830	0.693366	0.707824	0.135015	0.033787	-0.219098	0.975118
0.719753	-0.671654	-0.175602	0.693417	0.707772	0.135024	0.033597	-0.218950	0.975158
0.719645	-0.671842	-0.175324	0.693534	0.707692	0.134842	0.033483	-0.218631	0.975233
0.719639	-0.671853	-0.175309	0.693538	0.707706	0.134748	0.033536	-0.218553	0.975249
0.719484	-0.672155	-0.174788	0.693711	0.707587	0.134481	0.033286	-0.218009	0.975379
0.719437	-0.672299	-0.174427	0.693768	0.707565	0.134309	0.033123	-0.217639	0.975467
0.719793	-0.672007	-0.174080	0.693417	0.707835	0.134693	0.032705	-0.217661	0.975476
0.719630	-0.672198	-0.174016	0.693591	0.707667	0.134680	0.032614	-0.217616	0.975489
0.719402	-0.672488	-0.173840	0.693841	0.707397	0.134809	0.032317	-0.217599	0.975503
0.719450	-0.672465	-0.173729	0.693789	0.707482	0.134632	0.032375	-0.217392	0.975547
0.719607	-0.672346	-0.173541	0.693622	0.707695	0.134377	0.032467	-0.217070	0.975616
0.719478	-0.672445	-0.173690	0.693748	0.707592	0.134261	0.032619	-0.217095	0.975605
0.719304	-0.672610	-0.173771	0.693939	0.707347	0.134568	0.032405	-0.217382	0.975549
