0.740786	-0.648414	-0.175486	0.670793	0.727927	0.141983	0.035677	-0.222894	0.974190
0.741183	-0.647995	-0.175358	0.670361	0.728281	0.142209	0.035559	-0.222956	0.974180
0.741233	-0.648016	-0.175066	0.670318	0.728307	0.142273	0.035306	-0.222807	0.974223
0.741144	-0.648186	-0.174815	0.670428	0.728205	0.142277	0.035079	-0.222648	0.974267
0.741143	-0.648241	-0.174617	0.670444	0.728162	0.142426	0.034823	-0.222629	0.974281
0.741081	-0.648311	-0.174618	0.670521	0.728046	0.142655	0.034645	-0.222804	0.974247
0.740983	-0.648400	-0.174705	0.670634	0.727908	0.142830	0.034558	-0.222998	0.974206
0.740888	-0.648463	-0.174871	0.670732	0.727830	0.142768	0.034697	-0.223067	0.974185
0.740935	-0.648471	-0.174646	0.670679	0.727931	0.142501	0.034722	-0.222715	0.974265
0.741081	-0.648311	-0.174618	0.670521	0.728046	0.142655	0.034645	-0.222804	0.974247
0.740979	-0.648386	-0.174771	0.670624	0.727982	0.142499	0.034836	-0.222795	0.974243
0.740723	-0.648656	-0.174858	0.670902	0.727758	0.142334	0.034928	-0.222742	0.974251
0.740656	-0.648768	-0.174728	0.670984	0.727673	0.142381	0.034773	-0.222695	0.974268
0.740760	-0.648668	-0.174655	0.670868	0.727797	0.142299	0.034809	-0.222580	0.974293
0.740456	-0.648923	-0.174997	0.671175	0.727622	0.141744	0.035351	-0.222409	0.974312
0.740152	-0.649302	-0.174878	0.671523	0.727286	0.141817	0.035104	-0.222401	0.974323
0.740392	-0.649048	-0.174801	0.671267	0.727462	0.142122	0.034917	-0.222564	0.974293
0.740893	-0.648531	-0.174600	0.670719	0.727940	0.142266	0.034835	-0.222511	0.974308
0.740938	-0.648477	-0.174609	0.670664	0.728008	0.142175	0.034919	-0.222447	0.974319
0.740770	-0.648663	-0.174632	0.670849	0.727859	0.142067	0.034954	-0.222391	0.974331
0.740808	-0.648589	-0.174744	0.670798	0.727924	0.141971	0.035119	-0.222391	0.974325
0.740846	-0.648516	-0.174856	0.670748	0.727990	0.141876	0.035285	-0.222392	0.974319
