0.961070	-0.210064	-0.179492	0.245697	0.946906	0.207367	0.126402	-0.243395	0.961656
0.961069	-0.210119	-0.179434	0.245761	0.946848	0.207556	0.126286	-0.243574	0.961626
0.961047	-0.210130	-0.179537	0.245870	0.946699	0.208106	0.126238	-0.244142	0.961488
0.961015	-0.210286	-0.179525	0.246043	0.946618	0.208273	0.126145	-0.244324	0.961454
0.960916	-0.210559	-0.179736	0.246307	0.946645	0.207834	0.126385	-0.243982	0.961509
0.960841	-0.210851	-0.179795	0.246592	0.946600	0.207703	0.126399	-0.243906	0.961527
0.960883	-0.210694	-0.179757	0.246448	0.946603	0.207861	0.126364	-0.244031	0.961499
0.961000	-0.210190	-0.179720	0.245955	0.946709	0.207961	0.126431	-0.244053	0.961485
0.960984	-0.210147	-0.179857	0.245932	0.946742	0.207838	0.126601	-0.243961	0.961486
0.960913	-0.210428	-0.179907	0.246216	0.946677	0.207799	0.126587	-0.243973	0.961485
0.960930	-0.210416	-0.179827	0.246175	0.946702	0.207733	0.126533	-0.243886	0.961514
0.960941	-0.210195	-0.180032	0.246015	0.946732	0.207785	0.126766	-0.243960	0.961464
0.960960	-0.210204	-0.179919	0.246006	0.946718	0.207860	0.126640	-0.244006	0.961469
0.961003	-0.209925	-0.180012	0.245801	0.946693	0.208215	0.126706	-0.244343	0.961375
0.960970	-0.210060	-0.180033	0.245943	0.946651	0.208242	0.126685	-0.244392	0.961365
0.961031	-0.210000	-0.179779	0.245818	0.946686	0.208229	0.126466	-0.244307	0.961416
0.961091	-0.209940	-0.179524	0.245694	0.946721	0.208215	0.126247	-0.244222	0.961466
0.961076	-0.210150	-0.179361	0.245823	0.946750	0.207930	0.126113	-0.243927	0.961559
0.961079	-0.210370	-0.179085	0.245943	0.946765	0.207719	0.125854	-0.243679	0.961655
0.961145	-0.210408	-0.178685	0.245877	0.946788	0.207693	0.125476	-0.243557	0.961736
0.961163	-0.210396	-0.178605	0.245837	0.946813	0.207626	0.125422	-0.243471	0.961765
0.960978	-0.210929	-0.178971	0.246393	0.946770	0.207167	0.125747	-0.243180	0.961796
0.960891	-0.211408	-0.178873	0.246873	0.946589	0.207418	0.125469	-0.243465	0.961760
