0.979046	-0.082842	-0.186028	0.122764	0.968956	0.214601	0.162475	-0.232942	0.958822
0.979125	-0.082640	-0.185698	0.122529	0.968928	0.214860	0.162172	-0.233129	0.958828
0.979111	-0.082866	-0.185674	0.122738	0.968914	0.214806	0.162102	-0.233108	0.958845
0.979053	-0.083547	-0.185673	0.123329	0.968947	0.214319	0.162001	-0.232728	0.958954
0.979068	-0.083534	-0.185599	0.123287	0.968968	0.214247	0.161943	-0.232644	0.958984
0.979002	-0.083778	-0.185839	0.123589	0.968925	0.214267	0.162113	-0.232736	0.958933
0.979092	-0.084022	-0.185255	0.123797	0.968758	0.214900	0.161411	-0.233341	0.958905
0.979225	-0.083916	-0.184597	0.123492	0.968852	0.214650	0.160835	-0.232987	0.959088
0.979368	-0.083508	-0.184025	0.122835	0.969088	0.213964	0.160469	-0.232155	0.959351
0.979358	-0.083632	-0.184020	0.122978	0.969042	0.214089	0.160418	-0.232300	0.959324
0.979399	-0.083962	-0.183653	0.123269	0.968935	0.214406	0.159946	-0.232628	0.959324
0.979307	-0.084219	-0.184025	0.123656	0.968829	0.214661	0.160210	-0.232975	0.959195
0.979214	-0.084344	-0.184461	0.123867	0.968824	0.214561	0.160613	-0.232950	0.959134
0.979152	-0.084530	-0.184703	0.124136	0.968755	0.214717	0.160782	-0.233169	0.959052
0.979134	-0.084342	-0.184888	0.124012	0.968748	0.214823	0.160991	-0.233269	0.958993
0.979135	-0.084039	-0.185020	0.123779	0.968730	0.215036	0.161163	-0.233451	0.958920
0.979120	-0.084051	-0.185093	0.123822	0.968709	0.215108	0.161221	-0.233535	0.958890
0.979086	-0.084134	-0.185236	0.123939	0.968692	0.215115	0.161338	-0.233575	0.958860
0.979112	-0.084086	-0.185121	0.123898	0.968652	0.215319	0.161213	-0.233757	0.958837
0.979077	-0.084168	-0.185265	0.124015	0.968635	0.215327	0.161330	-0.233797	0.958807
0.978933	-0.084691	-0.185787	0.124619	0.968610	0.215092	0.161738	-0.233713	0.958759
0.978887	-0.085166	-0.185812	0.125155	0.968462	0.215448	0.161603	-0.234155	0.958674
