0.838592	-0.516611	-0.172847	0.541487	0.825211	0.160682	0.059625	-0.228341	0.971754
0.838660	-0.516558	-0.172680	0.541407	0.825228	0.160864	0.059405	-0.228400	0.971753
0.838387	-0.517104	-0.172366	0.541875	0.824911	0.160914	0.058977	-0.228309	0.971801
0.838335	-0.517274	-0.172108	0.541988	0.824819	0.161005	0.058674	-0.228256	0.971832
0.838254	-0.517427	-0.172045	0.542118	0.824751	0.160913	0.058634	-0.228154	0.971858
0.837937	-0.517838	-0.172352	0.542569	0.824533	0.160509	0.058992	-0.228009	0.971870
0.837715	-0.518252	-0.172188	0.542945	0.824267	0.160608	0.058694	-0.228032	0.971883
0.837800	-0.518130	-0.172141	0.542814	0.824354	0.160604	0.058691	-0.227994	0.971892
0.838024	-0.517783	-0.172094	0.542477	0.824522	0.160876	0.058596	-0.228175	0.971855
0.838012	-0.517844	-0.171972	0.542506	0.824513	0.160827	0.058510	-0.228071	0.971885
0.837926	-0.518077	-0.171684	0.542661	0.824439	0.160683	0.058297	-0.227806	0.971960
0.837998	-0.518019	-0.171507	0.542540	0.824593	0.160300	0.058385	-0.227381	0.972054
0.838269	-0.517735	-0.171041	0.542141	0.824896	0.160091	0.058206	-0.226928	0.972171
0.838394	-0.517612	-0.170803	0.541967	0.825003	0.160128	0.058029	-0.226820	0.972206
0.838383	-0.517631	-0.170798	0.541993	0.824959	0.160269	0.057941	-0.226939	0.972184
0.838334	-0.517724	-0.170757	0.542064	0.824948	0.160082	0.057988	-0.226764	0.972222
0.838236	-0.517910	-0.170675	0.542206	0.824928	0.159708	0.058080	-0.226415	0.972298
0.838136	-0.518026	-0.170812	0.542327	0.824929	0.159293	0.058390	-0.226145	0.972342
0.837957	-0.518253	-0.171003	0.542575	0.824827	0.158975	0.058658	-0.225996	0.972360
0.837834	-0.518338	-0.171349	0.542727	0.824761	0.158799	0.059010	-0.226043	0.972328
0.837990	-0.518082	-0.171360	0.542492	0.824871	0.159029	0.058960	-0.226226	0.972289
0.838269	-0.517630	-0.171361	0.542080	0.825035	0.159581	0.058774	-0.226663	0.972198
0.838517	-0.517308	-0.171120	0.541749	0.825119	0.160271	0.058285	-0.227094	0.972127
0.838416	-0.517351	-0.171484	0.541868	0.825066	0.160142	0.058636	-0.227187	0.972084
