-0.003912	-0.013992	0.007792
0.000231	-0.004440	-0.003940
-0.000690	0.005331	-0.003869
0.001366	0.006099	-0.002193
0.000342	0.002067	0.002048
0.002516	-0.002294	-0.000898
0.001506	-0.001232	0.000992
0.001352	0.001005	0.000157
-0.002482	0.008834	0.001276
0.000209	-0.000068	-0.001363
0.000801	-0.000994	-0.000527
0.002185	0.006550	0.000009
-0.003023	-0.006278	0.005445
-0.000753	-0.011397	0.000453
-0.000808	0.010460	0.000753
-0.002284	0.000024	0.007342
-0.001998	-0.002247	0.001204
0.000823	-0.005366	-0.003103
-0.000114	-0.000689	-0.000683
0.000342	0.002067	0.002048
0.000320	0.006439	0.004624
0.001730	0.003794	-0.002722
-0.000646	-0.001242	0.001362
-0.001293	-0.002484	0.002723
-0.000951	-0.000417	0.004771
