0.000970	0.001863	-0.002043
0.001407	0.003173	-0.002041
0.000621	0.009261	-0.003864
-0.000437	-0.001310	-0.000002
-0.002857	0.000227	-0.001149
-0.000342	-0.002067	-0.002048
-0.001286	-0.011950	0.002497
0.002494	0.002078	0.001678
0.002803	0.021630	0.001449
-0.000466	0.012527	0.002801
-0.003915	-0.010345	0.002713
-0.001859	-0.011747	-0.005994
-0.004014	-0.005940	-0.000320
0.002152	0.002181	0.010014
0.002905	0.013577	0.009561
0.000088	0.008708	-0.001820
-0.002872	-0.004867	0.001201
-0.002597	-0.015880	0.002492
-0.000646	-0.001242	0.001362
0.000455	0.002756	0.002730
0.001932	0.013192	-0.003859
-0.002266	0.001471	0.010071
0.000547	0.005647	-0.004395
0.003000	-0.015545	-0.011354
-0.001601	0.001989	0.001054
