-0.000837	0.001898	0.004930
-0.000342	0.002067	0.002048
0.000095	0.000757	0.002046
0.000209	0.000068	0.001363
0.000533	-0.000553	0.002044
0.000323	-0.000621	0.000681
-0.000268	-0.001547	0.001517
0.000533	-0.000553	0.002044
0.000970	-0.001863	0.002043
0.000801	0.000994	0.000527
-0.001006	0.004755	0.003415
-0.000705	-0.000237	0.001519
-0.000114	0.000689	0.000683
-0.001373	-0.003367	-0.002419
0.000782	0.002441	0.003255
0.001238	-0.000316	0.000525
-0.000918	-0.003953	0.005235
0.001238	-0.000316	0.000525
0.001829	0.000611	-0.000311
0.001601	0.001989	0.001054
-0.000268	-0.001547	0.001517
-0.000268	-0.001547	0.001517
-0.000551	0.001999	0.000684
0.000533	-0.000553	0.002044
0.000668	0.003130	0.003938
