0.002725	0.002362	0.002262
0.001561	-0.000937	0.001206
0.000801	0.000994	0.000527
0.000573	0.002372	0.001892
-0.000228	0.001378	0.001365
0.000687	0.001683	0.001209
0.000801	0.000994	0.000527
0.001238	-0.000316	0.000525
0.000323	-0.000621	0.000681
0.001183	0.001853	-0.001673
0.002192	0.002915	0.000217
-0.000132	0.002135	0.003411
0.000095	0.000757	0.002046
0.001829	0.000611	-0.000311
-0.000114	0.000689	0.000683
-0.000342	0.002067	0.002048
-0.001256	0.001762	0.002203
0.000646	-0.001242	0.001362
0.002993	0.003909	0.000744
0.002248	0.000747	0.002416
0.002953	0.000984	0.000896
0.003753	0.001978	0.001423
0.001028	-0.000384	-0.000838
0.000323	-0.000621	0.000681
0.000364	0.002304	0.000529
