0.002743	0.000916	-0.000467
-0.000114	0.000689	0.000683
0.002207	-0.002179	0.002568
0.002608	-0.002767	-0.002361
0.000327	0.005197	0.005986
0.000815	-0.004099	0.002877
0.002953	0.000984	0.000896
0.000654	0.008223	0.001588
0.000048	-0.011634	0.001972
0.000646	-0.001242	0.001362
-0.000246	0.002824	0.004094
0.000801	0.000994	0.000527
0.001487	0.002678	0.001736
0.000742	-0.000485	0.003408
0.001579	-0.002383	-0.001523
0.000646	-0.001242	0.001362
0.000437	-0.001310	-0.000002
-0.000074	0.003615	0.000530
-0.000342	0.002067	0.002048
0.000742	-0.000485	0.003408
0.002248	0.000747	0.002416
0.001829	0.000611	-0.000311
0.001715	0.001300	0.000371
0.000779	-0.003377	-0.002049
0.002248	0.000747	0.002416
