0.000323	-0.000621	0.000681
0.000323	-0.000621	0.000681
0.000533	-0.000553	0.002044
0.000095	0.000757	0.002046
0.000687	0.001683	0.001209
-0.000342	0.002067	0.002048
-0.000837	0.001898	0.004930
0.000646	-0.001242	0.001362
0.000228	-0.001378	-0.001365
0.001656	-0.000180	0.003252
0.002516	0.002294	0.000898
0.000018	0.000724	0.007655
-0.000404	-0.005230	-0.000376
0.002630	0.001605	0.000216
-0.000114	0.000689	0.000683
0.000000	0.000000	-0.000000
0.000305	0.000825	0.003409
0.001050	0.003988	0.001738
0.001601	0.001989	0.001054
0.001124	0.000373	0.001208
0.000419	0.000136	0.002727
0.001083	-0.002552	0.001360
0.000874	-0.002620	-0.000003
0.001238	-0.000316	0.000525
0.000095	0.000757	0.002046
-0.000933	0.001141	0.002884
