0.002509	-0.007171	0.000672
0.003151	-0.012061	0.007113
0.002281	-0.005793	0.002037
0.001748	-0.005240	-0.000007
0.000646	-0.001242	0.001362
0.001884	-0.001558	0.001887
0.000551	-0.001999	-0.000684
0.001902	-0.003004	-0.000842
0.002946	-0.008482	0.000670
0.003232	-0.006210	0.006808
0.000988	-0.003309	-0.000686
0.001521	-0.003862	0.001358
-0.001032	-0.005434	-0.004467
0.001616	-0.003105	0.003404
0.003504	-0.001015	0.000212
0.004870	-0.007114	0.002405
0.003687	-0.008966	0.004078
0.004562	-0.011587	0.004075
-0.000804	-0.004642	0.004552
0.000643	-0.004890	0.006441
0.000455	-0.002756	-0.002730
