0.004066	-0.011756	0.006957
0.002868	-0.008515	0.006280
0.006659	-0.009429	0.002246
0.004929	-0.005635	-0.000476
0.005079	-0.007046	0.003769
0.004753	-0.010072	0.008167
0.004411	-0.010175	-0.000169
0.004885	-0.012208	0.004756
0.000448	-0.010052	0.007428
0.003820	-0.008932	0.011051
0.001289	-0.008302	-0.002582
0.001840	-0.008131	0.007118
0.003023	-0.006278	0.005445
0.005744	-0.009734	0.002402
0.005421	-0.009113	0.001721
0.004106	-0.008830	0.006805
0.005230	-0.008457	0.008013
0.004657	-0.010830	0.006121
0.004069	-0.008108	0.001878
-0.000026	-0.008019	0.002503
0.004543	-0.010140	0.006803
0.003632	-0.006798	0.001880
0.003518	-0.006109	0.002563
0.003669	-0.007520	0.006807
