0.000716	-0.008504	0.005910
0.003155	-0.008413	0.002034
0.003364	-0.008345	0.003397
0.001098	-0.007646	0.003710
0.002755	-0.007826	0.006962
0.003137	-0.006967	0.004762
0.004315	-0.008762	0.008168
0.003897	-0.008898	0.005442
0.003269	-0.009103	0.001351
0.004771	-0.011519	0.005438
0.004562	-0.011587	0.004075
0.004319	-0.005115	0.003089
0.002909	-0.005589	0.006128
0.003768	-0.003116	0.003774
0.000187	-0.004304	-0.001213
0.001994	-0.005894	0.006283
0.004866	-0.010761	0.007484
0.004448	-0.010898	0.004757
0.004279	-0.008040	0.003242
0.001535	-0.008956	0.003709
0.003346	-0.006899	0.006126
0.002395	-0.006482	0.001355
0.007132	-0.011461	0.007171
