0.001671	-0.005273	0.005602
0.002909	-0.005589	0.006128
0.003632	-0.006798	0.001880
0.004944	-0.010728	0.001875
0.003897	-0.008898	0.005442
0.004238	-0.010966	0.003394
0.004429	-0.009451	0.007486
0.004393	-0.008729	0.002559
0.005094	-0.012140	0.006119
0.003897	-0.008898	0.005442
0.006449	-0.009497	0.000883
0.000793	-0.008471	0.000301
0.004011	-0.009587	0.004759
0.003497	-0.010481	-0.000014
0.004125	-0.010277	0.004076
0.006692	-0.013799	0.012252
0.002296	-0.010887	0.004388
0.002450	-0.008651	0.003553
0.001844	-0.004483	0.002039
0.001693	-0.003072	-0.002205
