0.001098	-0.007646	0.003710
0.003687	-0.008966	0.004078
0.001139	-0.004720	0.003558
0.002909	-0.005589	0.006128
0.004811	-0.008593	0.005286
0.005480	-0.007634	-0.001160
0.003787	-0.004562	0.001045
0.002868	-0.008515	0.006280
0.005895	-0.011145	0.006646
0.002905	-0.011407	0.000823
0.002641	-0.007137	0.007645
0.002850	-0.007068	0.009008
0.001899	-0.006652	0.004237
0.002509	-0.007171	0.000672
0.003137	-0.006967	0.004762
0.002262	-0.004347	0.004766
0.002927	-0.007035	0.003399
0.003460	-0.007588	0.005443
0.001098	-0.007646	0.003710
0.005208	-0.012829	0.005436
0.002872	-0.004867	0.001201
0.003232	-0.006210	0.006808
