0.003460	-0.007588	0.005443
0.004885	-0.012208	0.004756
0.001150	-0.013462	0.010987
0.004525	-0.008694	0.009532
0.001998	-0.002247	0.001204
0.001711	-0.002348	0.005450
0.005006	-0.003431	0.004299
0.006071	-0.006707	-0.001996
0.004466	-0.012344	0.002029
0.004525	-0.008694	0.009532
0.003265	-0.012750	0.006430
0.004598	-0.012309	0.009001
0.003478	-0.009034	0.002715
0.003956	-0.007419	0.002561
0.001083	-0.002552	0.001360
0.000378	-0.002789	0.002879
0.002376	-0.005036	0.004083
0.005436	-0.014207	0.004071
0.006233	-0.016860	0.009677
0.006541	-0.012387	0.008008
0.003195	-0.005488	0.001882
