-0.000723	0.000961	0.006136
0.000687	-0.001683	-0.001209
-0.001105	0.001819	0.003936
0.000437	0.001310	0.000002
0.000496	-0.000169	0.002882
0.002876	0.001219	0.003878
0.001484	0.003140	0.003568
0.001847	0.000836	0.003040
0.000000	0.000000	0.000000
-0.000874	-0.002620	-0.000003
-0.000323	-0.000621	0.000681
0.000441	-0.004508	-0.005303
-0.001465	0.000476	0.009544
0.002688	-0.003084	0.002665
-0.000514	0.000893	0.004773
0.000856	0.001174	-0.002725
0.000305	0.001345	0.006974
0.003636	0.003150	0.003199
0.004569	0.004291	0.006083
0.003467	0.000293	0.004715
0.003011	-0.002463	0.001984
0.000209	-0.000068	-0.001363
-0.000819	-0.000452	-0.002202
-0.001521	-0.003862	0.001358
