0.000874	0.002620	0.000003
-0.000588	-0.002721	0.004242
0.004003	-0.004972	-0.002635
0.001752	0.001593	0.005086
0.001296	-0.001164	0.002356
0.001352	0.001005	0.000157
0.001733	0.000147	0.002357
0.001120	0.005444	0.004097
0.000228	0.001378	0.001365
0.000000	0.000000	0.000000
-0.001755	0.004225	0.000219
0.002799	0.001252	-0.001731
0.000158	-0.005884	0.005914
0.001069	-0.002542	0.000990
0.000628	0.001966	0.006294
0.000136	-0.003683	-0.001894
-0.003177	-0.004042	0.004610
-0.005498	-0.009080	-0.003888
-0.004132	-0.000811	0.004302
-0.001605	0.005636	-0.004025
-0.002637	-0.010784	0.012724
0.006761	-0.000794	-0.004518
0.004356	0.008007	0.002368
0.007250	0.008502	-0.001410
0.008150	0.003103	0.001096
0.006078	-0.002758	0.001770
