-0.000228	-0.001378	-0.001365
-0.000114	-0.000689	-0.000683
0.000000	0.000000	0.000000
0.001998	0.002247	-0.001204
-0.000095	0.000757	0.002046
0.000591	-0.000926	0.000836
0.004289	-0.005073	0.001611
0.000419	0.002034	0.007657
-0.002383	0.002259	-0.006074
-0.004040	0.002079	-0.002822
-0.000206	-0.003580	0.006442
0.001260	-0.004056	-0.003102
-0.001906	0.002814	0.004463
-0.000305	0.000825	0.003409
0.001774	-0.002779	0.002509
0.001032	-0.003264	0.005917
0.003316	-0.003288	-0.001425
0.002057	0.000768	0.001676
0.002420	-0.001537	0.001148
0.000268	-0.001547	0.001517
0.000191	-0.001514	-0.004092
-0.000209	0.000068	0.001363
0.000114	0.000689	0.000683
0.001675	0.001626	-0.000523
-0.000646	-0.001242	0.001362
