0.001675	0.001626	-0.000523
0.000400	0.000588	0.004928
0.000364	-0.002304	-0.000529
-0.001010	0.001062	0.001890
-0.000095	0.000757	0.002046
0.000000	0.000000	0.000000
-0.000055	-0.002168	0.002198
0.001620	-0.000543	0.001675
0.001524	0.000215	0.003721
0.002057	0.000768	0.001676
0.000874	0.002620	0.000003
-0.001146	0.004745	0.003784
0.001506	-0.001232	0.000992
-0.000320	-0.004269	0.005760
-0.000092	-0.005061	-0.003259
-0.001693	-0.000902	0.008179
0.001407	0.003173	-0.002041
-0.000610	0.001650	0.006819
0.001700	-0.006393	0.001979
0.003180	0.000394	0.000469
0.002229	-0.000023	0.005240
0.002604	0.006414	-0.002718
0.000246	0.002824	0.004094
0.001564	-0.002711	0.003873
