0.004011	-0.009587	0.004759
0.001972	-0.010266	0.003707
0.004334	-0.010208	0.005440
0.003269	-0.009103	0.001351
0.003137	-0.006967	0.004762
0.002149	-0.003658	0.005448
0.003537	-0.007555	-0.000166
0.005630	-0.009045	0.003084
0.002773	-0.009272	0.004234
0.002927	-0.007035	0.003399
0.001730	-0.003794	0.002722
0.001730	-0.003794	0.002722
0.003669	-0.007520	0.006807
0.003364	-0.008345	0.003397
0.005208	-0.012829	0.005436
0.005700	-0.016307	0.007633
0.002237	-0.012366	0.007268
0.003023	-0.006278	0.005445
0.002185	-0.006550	-0.000009
0.004473	-0.002878	0.002255
0.004260	-0.006594	0.005970
0.004775	-0.007871	0.000359
0.003269	-0.009103	0.001351
