0.000646	-0.001242	0.001362
0.000881	0.006845	0.000223
-0.003695	0.001671	0.006080
-0.001006	0.004755	0.003415
-0.000228	0.001378	0.001365
0.003144	0.000328	-0.005395
0.003500	-0.004663	0.005291
-0.000536	-0.003095	0.003035
-0.000914	-0.000305	0.000156
0.000595	0.006744	0.004468
-0.001028	0.000384	0.000838
0.000095	0.000757	0.002046
-0.001028	0.000384	0.000838
-0.000228	0.001378	0.001365
0.000422	0.003784	-0.002352
0.000264	-0.002100	0.003562
0.001939	-0.003726	0.004085
0.002189	-0.000733	0.005296
0.000400	0.001582	0.005455
-0.000228	0.001378	0.001365
0.000856	-0.001174	0.002725
-0.000195	-0.005162	0.000987
-0.000573	-0.002372	-0.001892
-0.000074	0.003615	0.000530
0.000881	0.006845	0.000223
