0.005282	-0.016443	0.004906
0.005395	-0.017132	0.004223
0.004044	-0.016127	0.004381
0.005645	-0.014139	0.005435
0.004488	-0.007972	0.004605
0.001300	-0.017043	0.004848
0.005263	-0.014997	0.007635
0.006431	-0.008051	0.003611
0.006710	-0.015245	0.009523
0.005550	-0.014896	0.003389
0.005186	-0.017200	0.002860
0.005645	-0.014139	0.005435
0.004158	-0.016817	0.003698
0.004940	-0.014376	0.006954
0.005476	-0.011281	0.003919
0.004980	-0.011451	0.006802
0.005208	-0.012829	0.005436
0.005322	-0.013518	0.004754
0.004595	-0.018127	0.003697
0.005013	-0.017991	0.006423
0.005263	-0.014997	0.007635
0.005322	-0.013518	0.004754
0.006978	-0.013697	0.008006
0.005873	-0.015517	0.004070
