0.000914	0.000305	-0.000156
0.001487	0.002678	0.001736
0.005333	-0.000405	-0.000099
0.000323	-0.000621	0.000681
0.002152	-0.000010	0.000370
0.002093	-0.001490	0.003250
0.000646	-0.001242	0.001362
0.001352	-0.001005	-0.000157
0.001352	-0.001005	-0.000157
0.001238	-0.000316	0.000525
0.000209	0.000068	0.001363
0.000000	0.000000	-0.000000
0.002442	0.005909	0.001429
0.001065	-0.001106	0.004089
0.002839	0.001673	0.001579
0.001675	-0.001626	0.000523
0.003294	-0.001083	-0.001151
0.000760	-0.001931	0.000679
0.001124	0.000373	0.001208
-0.000132	0.002135	0.003411
0.001373	0.003367	0.002419
0.003430	0.002599	0.000743
0.000988	-0.003309	-0.000686
0.001293	-0.002484	0.002723
0.002420	0.001537	-0.001148
0.000837	0.000272	0.005454
