-0.001546	-0.004157	0.001144
0.001010	0.001062	0.001890
0.001561	-0.000937	0.001206
0.000095	0.000757	0.002046
0.000151	-0.001411	0.004244
0.000646	-0.001242	0.001362
0.000305	0.000825	0.003409
0.001373	0.003367	0.002419
0.001447	-0.000248	0.001889
-0.000114	0.000689	0.000683
-0.001983	-0.002847	0.001146
-0.000455	0.002756	0.002730
-0.000933	0.001141	0.002884
-0.000819	0.000452	0.002202
-0.001028	0.000384	0.000838
-0.000591	-0.000926	0.000836
-0.000228	0.001378	0.001365
0.000136	0.003683	0.001894
0.000400	0.001582	0.005455
-0.000536	-0.003095	0.003035
0.000305	0.000825	0.003409
0.001789	-0.002315	-0.000159
0.000000	0.000000	-0.000000
-0.001664	-0.007116	0.006906
