-0.001142	0.001073	0.001521
0.000323	-0.000621	0.000681
0.001506	0.001232	-0.000992
0.000209	0.000068	0.001363
0.001179	-0.001795	0.003406
0.000533	-0.000553	0.002044
0.001829	0.000611	-0.000311
0.000687	0.001683	0.001209
0.001447	-0.000248	0.001889
0.001124	0.000373	0.001208
-0.000114	0.000689	0.000683
0.000459	0.003062	0.002575
-0.001256	0.001762	0.002203
-0.000228	0.001378	0.001365
-0.000342	0.002067	0.002048
0.001238	-0.000316	0.000525
0.001293	-0.002484	0.002723
0.000970	-0.001863	0.002043
0.002743	0.000916	-0.000467
0.001161	-0.000349	0.006134
-0.000914	-0.000305	0.000156
0.001601	0.001989	0.001054
-0.000114	0.000689	0.000683
0.000114	-0.000689	-0.000683
0.001179	-0.001795	0.003406
