0.000000	0.000000	-0.000000
-0.000988	0.003309	0.000686
-0.000988	0.003309	0.000686
0.003335	0.001842	-0.001303
-0.000209	-0.000068	-0.001363
0.001293	-0.002484	0.002723
0.000499	0.005987	0.002422
0.000933	0.001029	0.007500
-0.000323	0.000621	-0.000681
0.000760	-0.001931	0.000679
0.001506	0.001232	-0.000992
0.000914	0.000305	-0.000156
0.000628	0.000204	0.004090
0.001183	0.001853	-0.001673
0.000573	0.002372	0.001892
-0.000914	-0.000305	0.000156
0.000687	0.001683	0.001209
0.001352	-0.001005	-0.000157
0.001197	-0.003241	0.000677
0.000801	0.000994	0.000527
-0.000228	0.001378	0.001365
-0.000228	0.001378	0.001365
0.000345	0.003751	0.003257
0.002534	0.000848	-0.001830
-0.001278	-0.002610	-0.000373
