0.001539	-0.005308	-0.001370
0.001789	-0.002315	-0.000159
0.001998	-0.002247	0.001204
-0.000114	0.000689	0.000683
0.001715	0.001300	0.000371
0.002743	0.000916	-0.000467
0.002549	-0.004246	0.000520
0.003195	-0.005488	0.001882
0.003956	-0.009589	-0.007823
0.002185	-0.004380	0.010375
0.001157	-0.006167	0.000830
0.002571	0.000126	0.003096
0.002842	0.005321	-0.003500
0.003408	-0.001772	-0.001834
0.004051	-0.006662	0.004607
0.000856	-0.001174	0.002725
0.002152	-0.000010	0.000370
0.003276	0.000363	0.001577
0.001998	-0.002247	0.001204
0.001958	-0.005172	0.001357
0.004264	-0.002946	0.000891
0.001884	-0.001558	0.001887
-0.001102	0.003998	0.001369
0.002321	-0.002868	0.001885
0.003463	-0.003941	0.000364
