-0.003695	0.001671	0.006080
0.007610	-0.012016	-0.003367
0.016733	-0.043870	-0.036753
0.012319	-0.039512	-0.041888
-0.009849	-0.038166	-0.046945
0.010791	-0.047285	-0.053856
0.013479	-0.011496	-0.016884
0.007382	-0.010638	-0.002002
-0.001829	0.003730	0.021079
0.003922	0.001291	0.013323
0.004642	-0.005736	0.003770
-0.008609	0.000042	-0.001478
-0.006016	0.002369	-0.006189
-0.003276	-0.002533	-0.011961
0.005024	-0.007048	-0.008813
-0.000845	-0.007567	0.004704
-0.001160	-0.023676	-0.004236
0.002314	-0.012333	0.001659
0.013787	-0.002683	0.002214
-0.006016	0.002369	-0.006189
-0.018562	0.034578	-0.004472
-0.015323	0.040004	0.012947
