-0.001139	0.006891	0.006826
-0.003011	-0.002463	0.001984
-0.003761	0.014751	0.006836
0.000198	0.017490	0.035469
-0.009050	0.030410	0.043239
-0.011730	0.001915	-0.003890
0.007044	-0.004923	-0.005033
-0.002174	-0.006531	-0.013330
0.005385	-0.034586	-0.011691
0.011143	-0.025389	-0.008838
0.002887	-0.012131	-0.006833
0.014969	-0.000830	0.000541
0.015551	-0.041382	-0.014312
-0.013868	-0.007508	-0.022677
0.003695	-0.001671	-0.006080
0.015264	-0.015288	-0.001581
0.007235	-0.003409	-0.000941
0.000683	-0.004134	-0.004095
0.004649	0.001560	-0.006388
0.002475	-0.000631	0.001050
0.000228	-0.001378	-0.001365
-0.001058	0.012742	0.006521
-0.001557	0.006755	0.004099
-0.002395	0.006482	-0.001355
