-0.000853	0.037527	0.031833
-0.002946	0.041187	0.038966
-0.006361	0.005129	0.021705
-0.016674	0.014814	0.004619
-0.004267	-0.002871	-0.006196
-0.002549	0.002076	-0.010904
0.000911	-0.005513	-0.005461
-0.004789	0.012965	-0.002710
-0.004980	0.011451	-0.006802
-0.001212	0.008335	-0.003028
0.002593	0.002327	-0.004711
-0.004267	-0.007212	-0.026964
-0.003768	0.003116	-0.003774
0.004951	-0.001263	0.002101
0.009064	-0.002798	-0.001252
0.005656	-0.031561	-0.028671
0.013906	-0.065135	-0.082821
0.005466	-0.033075	-0.032763
0.007794	-0.017797	0.010883
0.002652	-0.013708	0.025458
-0.012310	-0.005582	0.014759
-0.025386	0.035168	0.030122
-0.007287	0.048440	0.064452
-0.003417	0.081742	0.078983
0.005310	0.023589	0.016194
