-0.001219	-0.003301	-0.013638
0.008719	-0.008719	-0.014893
0.002167	-0.009445	-0.018048
0.001440	-0.018394	-0.039873
0.000603	-0.014326	-0.024559
0.000228	-0.001378	-0.001365
0.004789	-0.017305	-0.018058
0.010372	-0.043081	-0.035815
0.013098	-0.075595	-0.083574
0.016719	-0.067141	-0.057972
0.020296	-0.071771	-0.058290
0.010952	-0.031243	-0.033697
0.004348	0.008722	0.005892
-0.015102	0.035671	0.042507
-0.026929	0.069534	0.076208
-0.019643	0.082164	0.070262
-0.000706	0.030298	0.030772
-0.001969	0.018254	0.011982
-0.000184	0.010121	0.006518
0.000463	0.008879	0.007880
0.006787	0.010983	0.012399
0.002064	0.010868	0.008933
-0.000639	0.012878	0.009248
-0.001366	0.008269	0.008191
-0.002549	0.006416	0.009864
