-0.007771	0.000314	0.003975
-0.013104	0.002889	0.014458
-0.009637	0.002596	0.009744
-0.008645	0.002934	0.003979
-0.003658	-0.001221	0.000623
-0.002057	0.000768	0.001676
-0.003886	0.000157	0.001988
0.000485	-0.012944	0.001970
-0.009255	0.001284	-0.002840
-0.006177	-0.009333	-0.005581
-0.007316	-0.002442	0.001245
-0.005685	-0.010641	0.007000
-0.012156	-0.005516	0.003541
-0.006280	0.006639	0.000633
-0.007647	0.014908	0.008824
-0.011944	0.026565	0.018694
-0.017129	0.017570	0.007349
-0.005061	0.005600	-0.006497
-0.007456	0.016422	0.012916
-0.007111	0.022343	0.026557
-0.006023	-0.000586	0.024736
-0.002526	-0.015407	0.003955
0.001741	-0.016876	-0.010617
0.012590	-0.027807	-0.017333
