0.006324	-0.002236	-0.016248
0.003011	0.002463	-0.001984
0.003621	0.004113	0.004835
0.001249	-0.006887	0.018338
-0.000830	0.011363	0.005156
0.013904	0.000276	-0.003548
0.008947	-0.005757	0.004509
0.004180	-0.014615	-0.004109
0.008558	-0.020421	-0.014284
0.018040	-0.027423	-0.033577
0.017864	-0.005666	-0.016449
0.005524	-0.001061	-0.006391
0.006515	-0.000722	-0.012156
0.003621	0.004113	0.004835
0.000191	0.001514	0.004092
-0.001557	0.006755	0.004099
-0.000683	0.004134	0.004095
-0.005751	0.002439	0.007756
-0.001219	0.001040	0.007130
-0.004760	0.002777	0.001991
0.003658	0.001221	-0.000623
-0.001755	-0.002055	0.010165
-0.007449	0.028058	0.023526
-0.000757	0.009919	0.015010
