-0.007000	0.013666	0.010185
-0.007081	0.007815	0.010490
-0.012561	0.017619	0.022033
-0.001668	0.015432	0.020470
0.002020	0.002125	0.003781
0.001065	-0.001106	0.004089
-0.008344	0.000112	0.012467
-0.009027	0.004246	0.016563
-0.006853	0.006437	0.009125
-0.001293	0.002484	-0.002723
-0.000948	0.008405	0.010918
0.034824	-0.037893	0.007736
-0.016475	-0.033107	-0.039186
-0.002144	-0.021059	-0.029397
0.012906	-0.016039	-0.029160
0.009637	0.001745	0.011024
-0.001741	0.025557	0.052152
-0.005311	0.037482	0.042312
-0.007515	0.045478	0.045050
-0.008317	0.103384	0.092645
-0.002153	0.028375	0.018500
0.008111	-0.075780	-0.100986
0.027090	-0.057832	-0.076817
0.020472	-0.036798	-0.037679
-0.003548	-0.009898	-0.015749
