-0.001557	0.006755	0.004099
0.005487	0.001832	-0.000934
0.004385	0.005830	0.000435
0.003048	-0.000429	-0.007441
0.000801	-0.001176	-0.009857
0.002057	-0.000768	-0.001676
0.002475	-0.000631	0.001050
-0.003658	-0.001221	0.000623
-0.005413	-0.003276	0.010787
-0.008307	-0.002781	0.007010
-0.012913	0.000063	-0.002217
-0.006816	0.003545	0.003668
0.006625	-0.005059	-0.007760
0.006846	-0.018073	-0.019735
0.002454	-0.035538	-0.030779
0.018320	-0.060812	-0.036151
0.010064	-0.047554	-0.034146
0.007867	-0.027922	-0.020799
0.003929	0.008586	0.003165
-0.005443	0.006912	0.006087
-0.007691	0.006165	0.003671
-0.001557	0.006755	0.004099
-0.000874	0.002620	0.000003
-0.001785	0.008133	0.005464
-0.005597	0.002505	-0.003462
-0.007198	0.000516	-0.004516
