-0.000279	-0.023341	-0.035165
-0.001116	-0.019273	-0.019851
0.005781	-0.012626	-0.003055
0.001785	-0.008133	-0.005464
-0.001484	0.000970	-0.006815
0.000904	-0.017148	-0.016070
0.005333	0.001765	0.010285
-0.009483	0.007002	0.019293
-0.014162	0.015630	0.020980
-0.009130	0.020218	0.022776
-0.003842	0.013241	0.027908
0.007948	-0.013390	0.020432
0.024357	-0.032614	-0.018900
0.018754	-0.102815	-0.091478
0.013464	-0.034767	-0.038104
0.010012	-0.006863	0.008598
0.004539	0.010237	0.009984
-0.004018	0.026317	0.003500
-0.005017	0.014343	-0.001344
-0.003724	0.011859	0.001379
-0.002093	0.003660	0.007134
-0.007081	0.007815	0.010490
-0.003004	0.009172	0.012594
