0.988362	-0.150223	0.023929	0.145160	0.978445	0.146882	-0.045479	-0.141699	0.988865
0.988339	-0.150410	0.023712	0.145341	0.978303	0.147649	-0.045405	-0.142481	0.988756
0.988311	-0.150625	0.023526	0.145586	0.978287	0.147511	-0.045234	-0.142362	0.988781
0.988274	-0.150903	0.023304	0.145901	0.978268	0.147327	-0.045029	-0.142200	0.988813
0.988259	-0.151031	0.023114	0.146069	0.978290	0.147013	-0.044816	-0.141911	0.988864
0.988272	-0.150933	0.023163	0.145982	0.978357	0.146655	-0.044797	-0.141554	0.988917
0.988271	-0.150873	0.023610	0.145859	0.978377	0.146641	-0.045224	-0.141477	0.988908
0.988306	-0.150587	0.023977	0.145510	0.978382	0.146955	-0.045588	-0.141747	0.988853
0.988381	-0.150052	0.024222	0.144925	0.978406	0.147374	-0.045813	-0.142151	0.988784
0.988429	-0.149704	0.024415	0.144562	0.978485	0.147201	-0.045926	-0.141968	0.988805
0.988406	-0.149842	0.024492	0.144712	0.978539	0.146696	-0.045947	-0.141451	0.988878
0.988317	-0.150388	0.024778	0.145236	0.978541	0.146166	-0.046228	-0.140859	0.988950
0.988257	-0.150732	0.025079	0.145554	0.978558	0.145733	-0.046508	-0.140372	0.989006
0.988331	-0.150263	0.024961	0.145124	0.978679	0.145352	-0.046269	-0.140033	0.989065
0.988451	-0.149630	0.023993	0.144618	0.978704	0.145687	-0.045281	-0.140534	0.989040
0.988383	-0.150063	0.024070	0.145017	0.978581	0.146116	-0.045481	-0.140929	0.988975
0.988335	-0.150309	0.024518	0.145167	0.978461	0.146765	-0.046051	-0.141494	0.988867
0.988417	-0.149733	0.024749	0.144546	0.978497	0.147142	-0.046249	-0.141860	0.988806
0.988461	-0.149377	0.025141	0.144161	0.978628	0.146645	-0.046510	-0.141329	0.988870
0.988403	-0.149642	0.025823	0.144354	0.978686	0.146066	-0.047130	-0.140644	0.988938
0.988542	-0.148798	0.025390	0.143592	0.978837	0.145802	-0.046548	-0.140486	0.988988
0.988528	-0.148948	0.025039	0.143767	0.978737	0.146306	-0.046298	-0.141028	0.988922
0.988375	-0.149966	0.025005	0.144780	0.978587	0.146310	-0.046411	-0.140989	0.988923
0.988203	-0.151033	0.025372	0.145780	0.978427	0.146386	-0.046934	-0.140961	0.988902
0.988298	-0.150463	0.025045	0.145248	0.978460	0.146693	-0.046578	-0.141339	0.988865
