0.889052	-0.452295	0.070819	0.424046	0.871880	0.244970	-0.172544	-0.187761	0.966941
0.888956	-0.452509	0.070659	0.424229	0.871701	0.245291	-0.172590	-0.188077	0.966871
0.888729	-0.452965	0.070594	0.424617	0.871399	0.245691	-0.172805	-0.188378	0.966774
0.888516	-0.453419	0.070364	0.425013	0.871060	0.246207	-0.172926	-0.188854	0.966660
0.888364	-0.453693	0.070512	0.425247	0.870935	0.246247	-0.173132	-0.188772	0.966639
0.888455	-0.453496	0.070632	0.425104	0.871121	0.245834	-0.173014	-0.188386	0.966735
0.888625	-0.453133	0.070822	0.424759	0.871364	0.245571	-0.172988	-0.188138	0.966788
0.888388	-0.453513	0.071362	0.425158	0.871371	0.244851	-0.173226	-0.187183	0.966931
0.888059	-0.454091	0.071783	0.425700	0.871193	0.244546	-0.173583	-0.186613	0.966977
0.888089	-0.454118	0.071240	0.425847	0.871149	0.244445	-0.173068	-0.186751	0.967043
0.888330	-0.453679	0.071029	0.425463	0.871346	0.244411	-0.172775	-0.186897	0.967067
0.888386	-0.453546	0.071179	0.425150	0.871258	0.245270	-0.173257	-0.187633	0.966838
0.888726	-0.452916	0.070948	0.424533	0.871491	0.245511	-0.173027	-0.188072	0.966794
0.888612	-0.453083	0.071309	0.424624	0.871439	0.245535	-0.173389	-0.187906	0.966761
0.888632	-0.453051	0.071256	0.424595	0.871442	0.245576	-0.173354	-0.187972	0.966755
0.888568	-0.453181	0.071232	0.424674	0.871320	0.245872	-0.173490	-0.188224	0.966681
0.888294	-0.453717	0.071233	0.425159	0.871020	0.246098	-0.173705	-0.188322	0.966624
0.888320	-0.453669	0.071220	0.425090	0.871015	0.246232	-0.173742	-0.188458	0.966591
0.888511	-0.453356	0.070820	0.424792	0.871054	0.246609	-0.173490	-0.189031	0.966524
0.888490	-0.453395	0.070836	0.424820	0.871029	0.246652	-0.173531	-0.189055	0.966512
0.888408	-0.453517	0.071084	0.424936	0.871042	0.246405	-0.173666	-0.188702	0.966557
0.888558	-0.453180	0.071364	0.424622	0.871304	0.246017	-0.173670	-0.188298	0.966635
0.888597	-0.453040	0.071759	0.424487	0.871493	0.245584	-0.173796	-0.187764	0.966716
0.888496	-0.453174	0.072170	0.424638	0.871571	0.245044	-0.173949	-0.187075	0.966822
0.888437	-0.453165	0.072943	0.424610	0.871785	0.244331	-0.174313	-0.186101	0.966944
