0.995151	-0.094338	0.027837	0.086680	0.974893	0.205112	-0.046488	-0.201704	0.978343
0.995125	-0.094647	0.027729	0.086984	0.974773	0.205552	-0.046484	-0.202138	0.978253
0.995120	-0.094864	0.027160	0.087287	0.974637	0.206069	-0.046020	-0.202692	0.978161
0.995147	-0.094963	0.025767	0.087645	0.974502	0.206555	-0.044725	-0.203294	0.978096
0.995063	-0.096166	0.024518	0.089085	0.974409	0.206373	-0.043737	-0.203170	0.978166
0.994924	-0.097774	0.023810	0.090826	0.974354	0.205876	-0.043329	-0.202669	0.978288
0.994878	-0.098369	0.023285	0.091521	0.974314	0.205756	-0.042927	-0.202571	0.978326
0.994905	-0.098115	0.023185	0.091287	0.974314	0.205860	-0.042787	-0.202694	0.978307
0.994909	-0.097960	0.023683	0.091039	0.974362	0.205745	-0.043230	-0.202542	0.978319
0.994895	-0.097867	0.024610	0.090782	0.974491	0.205248	-0.044069	-0.201966	0.978401
0.994953	-0.097095	0.025325	0.089927	0.974779	0.204255	-0.044518	-0.200946	0.978590
0.995027	-0.096221	0.025755	0.089025	0.975046	0.203371	-0.044681	-0.200067	0.978763
0.995000	-0.096406	0.026100	0.089158	0.975132	0.202900	-0.045012	-0.199558	0.978852
0.994923	-0.097096	0.026458	0.089764	0.975077	0.202898	-0.045499	-0.199493	0.978842
0.994950	-0.096912	0.026112	0.089630	0.974991	0.203369	-0.045168	-0.200002	0.978754
0.995047	-0.096149	0.025237	0.089059	0.975045	0.203362	-0.044160	-0.200107	0.978778
0.995013	-0.096365	0.025744	0.089167	0.975025	0.203411	-0.044702	-0.200101	0.978755
0.994967	-0.096670	0.026391	0.089316	0.974920	0.203846	-0.045435	-0.200463	0.978647
0.994909	-0.097139	0.026838	0.089677	0.974850	0.204023	-0.045982	-0.200578	0.978598
0.994834	-0.097930	0.026747	0.090480	0.974817	0.203826	-0.046034	-0.200353	0.978642
0.994791	-0.098449	0.026432	0.091037	0.974700	0.204139	-0.045860	-0.200669	0.978585
0.994895	-0.097824	0.024804	0.090738	0.974665	0.204440	-0.044174	-0.201146	0.978565
0.994931	-0.097681	0.023900	0.090771	0.974621	0.204635	-0.043282	-0.201428	0.978547
0.994941	-0.097687	0.023435	0.090871	0.974614	0.204620	-0.042828	-0.201455	0.978561
0.994952	-0.097668	0.023049	0.090931	0.974613	0.204600	-0.042447	-0.201472	0.978574
