0.998174	-0.052662	0.029585	0.044023	0.969617	0.240633	-0.041358	-0.238891	0.970165
0.998109	-0.053664	0.029986	0.044881	0.969463	0.241096	-0.042009	-0.239295	0.970038
0.998090	-0.053473	0.030947	0.044457	0.969436	0.241281	-0.042903	-0.239444	0.969962
0.998177	-0.051564	0.031374	0.042480	0.969413	0.241729	-0.042879	-0.239956	0.969836
0.998212	-0.050665	0.031718	0.041515	0.969403	0.241940	-0.043006	-0.240190	0.969773
0.998151	-0.051462	0.032350	0.042131	0.969340	0.242083	-0.043816	-0.240273	0.969716
0.998146	-0.051546	0.032381	0.042201	0.969317	0.242166	-0.043870	-0.240350	0.969694
0.998189	-0.050973	0.031950	0.041767	0.969442	0.241737	-0.043295	-0.239965	0.969816
0.998167	-0.051577	0.031673	0.042477	0.969725	0.240479	-0.043117	-0.238692	0.970138
0.998133	-0.052449	0.031288	0.043474	0.970002	0.239179	-0.042894	-0.237372	0.970471
0.998147	-0.052716	0.030395	0.043957	0.970049	0.238899	-0.042078	-0.237121	0.970569
0.998123	-0.053396	0.029992	0.044701	0.969946	0.239179	-0.041862	-0.237389	0.970512
0.998081	-0.054100	0.030135	0.045335	0.969816	0.239586	-0.042187	-0.237760	0.970407
0.998068	-0.054032	0.030676	0.045126	0.969750	0.239891	-0.042709	-0.238043	0.970315
0.998092	-0.053074	0.031540	0.043997	0.969847	0.239710	-0.043312	-0.237865	0.970332
0.998107	-0.052346	0.032272	0.043143	0.970037	0.239095	-0.043821	-0.237251	0.970460
0.998092	-0.052273	0.032850	0.042965	0.970208	0.238434	-0.044335	-0.236568	0.970603
0.998098	-0.052274	0.032691	0.043009	0.970235	0.238317	-0.044176	-0.236457	0.970637
0.998147	-0.051985	0.031611	0.042989	0.970264	0.238199	-0.043054	-0.236399	0.970702
0.998145	-0.052688	0.030512	0.043945	0.970288	0.237927	-0.042142	-0.236145	0.970804
0.998065	-0.053915	0.030958	0.045029	0.970224	0.237989	-0.042867	-0.236134	0.970774
0.998042	-0.054123	0.031343	0.045101	0.970004	0.238869	-0.043331	-0.236988	0.970546
0.998093	-0.053287	0.031152	0.044322	0.969977	0.239125	-0.042959	-0.237289	0.970489
0.998063	-0.053763	0.031289	0.044760	0.969995	0.238970	-0.043198	-0.237107	0.970523
