0.982098	-0.181904	0.048934	0.174150	0.975803	0.132210	-0.071800	-0.121321	0.990013
0.981922	-0.182784	0.049175	0.175006	0.975668	0.132081	-0.072121	-0.121087	0.990018
0.982077	-0.182070	0.048730	0.174333	0.975758	0.132301	-0.071637	-0.121434	0.990011
0.982588	-0.179958	0.046211	0.172568	0.976119	0.131956	-0.068854	-0.121684	0.990178
0.982566	-0.180132	0.046016	0.172777	0.976106	0.131774	-0.068653	-0.121526	0.990211
0.982426	-0.180736	0.046620	0.173309	0.976024	0.131688	-0.069303	-0.121294	0.990194
0.982421	-0.180721	0.046792	0.173270	0.976025	0.131729	-0.069476	-0.121306	0.990181
0.982453	-0.180458	0.047137	0.172977	0.976095	0.131592	-0.069757	-0.121130	0.990183
0.982464	-0.180247	0.047705	0.172686	0.976124	0.131764	-0.070316	-0.121215	0.990133
0.982519	-0.179872	0.047983	0.172218	0.976089	0.132630	-0.070692	-0.122047	0.990004
0.982573	-0.179532	0.048156	0.171790	0.976034	0.133587	-0.070985	-0.122987	0.989866
0.982587	-0.179420	0.048280	0.171628	0.975994	0.134086	-0.071179	-0.123465	0.989793
0.982590	-0.179371	0.048408	0.171557	0.975995	0.134174	-0.071313	-0.123533	0.989775
0.982563	-0.179494	0.048492	0.171686	0.976004	0.133940	-0.071370	-0.123280	0.989802
0.982507	-0.179769	0.048619	0.172003	0.976062	0.133112	-0.071385	-0.122420	0.989908
0.982442	-0.180037	0.048928	0.172307	0.976152	0.132051	-0.071536	-0.121301	0.990035
0.982440	-0.180010	0.049082	0.172315	0.976249	0.131322	-0.071556	-0.120558	0.990124
0.982478	-0.179855	0.048877	0.172208	0.976309	0.131017	-0.071283	-0.120304	0.990175
0.982412	-0.180282	0.048632	0.172665	0.976235	0.130964	-0.071087	-0.120263	0.990194
0.982265	-0.181147	0.048390	0.173569	0.976102	0.130759	-0.070920	-0.120041	0.990233
0.982165	-0.181751	0.048150	0.174176	0.975954	0.131061	-0.070813	-0.120337	0.990204
0.982167	-0.181691	0.048344	0.174025	0.975853	0.132009	-0.071162	-0.121242	0.990069
0.982379	-0.180793	0.047394	0.173184	0.975877	0.132931	-0.070283	-0.122381	0.989991
0.982509	-0.180130	0.047212	0.172536	0.975970	0.133097	-0.070052	-0.122623	0.989978
0.982506	-0.179993	0.047803	0.172289	0.975941	0.133627	-0.070705	-0.123053	0.989878
