0.923029	-0.374465	0.088284	0.361215	0.922482	0.136202	-0.132444	-0.093829	0.986739
0.923522	-0.372970	0.089441	0.359635	0.923124	0.136029	-0.133300	-0.093460	0.986659
0.924425	-0.370532	0.090244	0.357080	0.924070	0.136338	-0.133909	-0.093810	0.986543
0.925187	-0.368712	0.089891	0.355291	0.924755	0.136367	-0.133407	-0.094228	0.986572
0.925100	-0.368981	0.089687	0.355595	0.924656	0.136251	-0.133203	-0.094154	0.986606
0.924645	-0.370328	0.088816	0.357003	0.924090	0.136406	-0.132589	-0.094420	0.986664
0.924619	-0.370666	0.087675	0.357509	0.923960	0.135962	-0.131405	-0.094369	0.986827
0.924179	-0.371632	0.088216	0.358475	0.923642	0.135578	-0.131865	-0.093675	0.986832
0.924113	-0.371690	0.088664	0.358561	0.923685	0.135054	-0.132096	-0.093014	0.986863
0.924367	-0.371103	0.088477	0.358012	0.923922	0.134893	-0.131805	-0.093015	0.986902
0.924510	-0.370789	0.088295	0.357830	0.924117	0.134036	-0.131294	-0.092323	0.987035
0.924298	-0.371361	0.088115	0.358496	0.923943	0.133450	-0.130971	-0.091759	0.987131
0.924021	-0.372159	0.087652	0.359262	0.923564	0.134018	-0.130828	-0.092345	0.987095
0.923950	-0.372486	0.087010	0.359542	0.923337	0.134828	-0.130561	-0.093290	0.987041
0.923934	-0.372640	0.086513	0.359688	0.923219	0.135246	-0.130268	-0.093841	0.987028
0.923865	-0.372806	0.086538	0.359816	0.923130	0.135511	-0.130405	-0.094056	0.986989
0.923885	-0.372650	0.086997	0.359636	0.923222	0.135364	-0.130761	-0.093773	0.986969
0.923956	-0.372359	0.087485	0.359360	0.923396	0.134907	-0.131017	-0.093210	0.986989
0.923964	-0.372259	0.087830	0.359285	0.923488	0.134477	-0.131170	-0.092696	0.987017
0.923925	-0.372321	0.087978	0.359380	0.923503	0.134119	-0.131183	-0.092298	0.987052
0.923922	-0.372377	0.087773	0.359523	0.923522	0.133604	-0.130811	-0.091883	0.987140
0.923880	-0.372547	0.087485	0.359766	0.923477	0.133260	-0.130436	-0.091643	0.987212
0.923614	-0.373218	0.087445	0.360421	0.923201	0.133404	-0.130518	-0.091697	0.987196
0.923297	-0.373950	0.087657	0.361028	0.922849	0.134195	-0.131076	-0.092255	0.987070
0.923532	-0.373544	0.086907	0.360557	0.922884	0.135219	-0.130715	-0.093544	0.986997
0.923718	-0.373139	0.086668	0.360138	0.923006	0.135500	-0.130555	-0.093952	0.986979
