0.926414	-0.367579	0.081498	0.355773	0.925485	0.130014	-0.123216	-0.091452	0.988157
0.926465	-0.367445	0.081527	0.355674	0.925566	0.129704	-0.123118	-0.091169	0.988195
0.926672	-0.367007	0.081143	0.355261	0.925712	0.129799	-0.122752	-0.091454	0.988215
0.926744	-0.366857	0.081002	0.355102	0.925747	0.129981	-0.122672	-0.091695	0.988202
0.926634	-0.367122	0.081061	0.355362	0.925649	0.129970	-0.122748	-0.091628	0.988199
0.926477	-0.367603	0.080679	0.355901	0.925468	0.129785	-0.122375	-0.091529	0.988254
0.926294	-0.368026	0.080841	0.356322	0.925321	0.129679	-0.122529	-0.091315	0.988255
0.926487	-0.367761	0.079831	0.356128	0.925369	0.129865	-0.121632	-0.091888	0.988313
0.926622	-0.367499	0.079473	0.355877	0.925441	0.130041	-0.121338	-0.092217	0.988318
0.926606	-0.367483	0.079733	0.355802	0.925429	0.130330	-0.121681	-0.092395	0.988259
0.926666	-0.367273	0.080004	0.355529	0.925492	0.130630	-0.122020	-0.092607	0.988198
0.926718	-0.367066	0.080354	0.355320	0.925606	0.130388	-0.122237	-0.092282	0.988201
0.926668	-0.367052	0.080990	0.355299	0.925673	0.129970	-0.122676	-0.091663	0.988205
0.926778	-0.366762	0.081047	0.355035	0.925810	0.129716	-0.122609	-0.091443	0.988233
0.926951	-0.366368	0.080848	0.354682	0.925969	0.129545	-0.122324	-0.091407	0.988272
0.926908	-0.366494	0.080766	0.354816	0.925919	0.129534	-0.122256	-0.091409	0.988280
0.926752	-0.366920	0.080628	0.355247	0.925746	0.129593	-0.122192	-0.091457	0.988284
0.926629	-0.367268	0.080459	0.355614	0.925609	0.129564	-0.122058	-0.091445	0.988301
0.926518	-0.367605	0.080197	0.355985	0.925478	0.129484	-0.121820	-0.091421	0.988333
0.926433	-0.367813	0.080225	0.356247	0.925442	0.129019	-0.121698	-0.090948	0.988392
0.926424	-0.367835	0.080227	0.356313	0.925467	0.128654	-0.121570	-0.090602	0.988439
0.926381	-0.367934	0.080260	0.356444	0.925455	0.128377	-0.121511	-0.090317	0.988472
0.926267	-0.368218	0.080281	0.356739	0.925356	0.128271	-0.121521	-0.090173	0.988484
0.926012	-0.368843	0.080354	0.357326	0.925096	0.128512	-0.121736	-0.090291	0.988447
0.925787	-0.369387	0.080447	0.357780	0.924829	0.129169	-0.122114	-0.090801	0.988354
