0.885035	-0.429938	-0.178510	0.393551	0.895832	-0.206407	0.248657	0.112424	0.962045
0.885035	-0.429938	-0.178510	0.393551	0.895832	-0.206407	0.248657	0.112424	0.962045
0.884391	-0.431079	-0.178953	0.394739	0.895384	-0.206078	0.249068	0.111614	0.962033
0.883985	-0.431800	-0.179219	0.395411	0.895065	-0.206177	0.249439	0.111392	0.961962
0.883985	-0.431800	-0.179219	0.395411	0.895065	-0.206177	0.249439	0.111392	0.961962
0.883693	-0.432462	-0.179062	0.395933	0.894685	-0.206824	0.249648	0.111872	0.961853
0.883693	-0.432462	-0.179062	0.395933	0.894685	-0.206824	0.249648	0.111872	0.961853
0.883242	-0.433126	-0.179680	0.396633	0.894464	-0.206438	0.250131	0.111068	0.961820
0.883242	-0.433126	-0.179680	0.396633	0.894464	-0.206438	0.250131	0.111068	0.961820
0.883242	-0.433126	-0.179680	0.396633	0.894464	-0.206438	0.250131	0.111068	0.961820
0.883242	-0.433126	-0.179680	0.396633	0.894464	-0.206438	0.250131	0.111068	0.961820
0.883653	-0.432603	-0.178920	0.396135	0.894633	-0.206659	0.249469	0.111739	0.961914
0.883653	-0.432603	-0.178920	0.396135	0.894633	-0.206659	0.249469	0.111739	0.961914
0.883653	-0.432603	-0.178920	0.396135	0.894633	-0.206659	0.249469	0.111739	0.961914
0.883685	-0.432706	-0.178515	0.396566	0.894691	-0.205580	0.248671	0.110875	0.962221
0.883507	-0.433134	-0.178355	0.397368	0.894646	-0.204225	0.248021	0.109562	0.962539
0.883105	-0.433804	-0.178720	0.398397	0.894535	-0.202699	0.247803	0.107803	0.962794
0.882763	-0.434293	-0.179217	0.399090	0.894449	-0.201714	0.247903	0.106542	0.962909
0.882763	-0.434293	-0.179217	0.399090	0.894449	-0.201714	0.247903	0.106542	0.962909
0.882763	-0.434293	-0.179217	0.399090	0.894449	-0.201714	0.247903	0.106542	0.962909
0.881922	-0.436040	-0.179120	0.400658	0.893561	-0.202540	0.248370	0.106858	0.962753
0.880846	-0.438489	-0.178431	0.403118	0.892367	-0.202922	0.248205	0.106814	0.962801
0.879969	-0.440388	-0.178083	0.405222	0.891537	-0.202377	0.247892	0.105922	0.962980
0.879396	-0.441548	-0.178042	0.406517	0.891050	-0.201926	0.247804	0.105196	0.963082
0.879160	-0.441964	-0.178174	0.406940	0.890871	-0.201866	0.247948	0.104966	0.963070
