0.782236	-0.604093	0.152244	0.613626	0.789321	-0.020868	-0.107563	0.109744	0.988123
0.782587	-0.603866	0.151339	0.613305	0.789568	-0.020949	-0.106842	0.109212	0.988260
0.782564	-0.603955	0.151105	0.613380	0.789507	-0.021061	-0.106578	0.109166	0.988293
0.782569	-0.604017	0.150830	0.613352	0.789544	-0.020502	-0.106703	0.108557	0.988347
0.782807	-0.603739	0.150704	0.613054	0.789776	-0.020463	-0.106668	0.108408	0.988367
0.782762	-0.603701	0.151091	0.613030	0.789802	-0.020202	-0.107136	0.108436	0.988313
0.782551	-0.604092	0.150622	0.613362	0.789546	-0.020107	-0.106776	0.108120	0.988387
0.782091	-0.604648	0.150784	0.613986	0.789050	-0.020529	-0.106563	0.108635	0.988354
0.782211	-0.604384	0.151214	0.613843	0.789143	-0.021226	-0.106501	0.109425	0.988273
0.782481	-0.603854	0.151930	0.613424	0.789460	-0.021549	-0.106931	0.110059	0.988156
0.782645	-0.603464	0.152637	0.613199	0.789612	-0.022369	-0.107026	0.111104	0.988029
0.782186	-0.603892	0.153295	0.613719	0.789204	-0.022492	-0.107398	0.111674	0.987924
0.782144	-0.603880	0.153559	0.613760	0.789166	-0.022710	-0.107469	0.112011	0.987879
0.782139	-0.603766	0.154028	0.613722	0.789190	-0.022920	-0.107720	0.112457	0.987801
0.781887	-0.604080	0.154078	0.613994	0.788991	-0.022455	-0.108002	0.112160	0.987804
0.781899	-0.604106	0.153917	0.614025	0.788961	-0.022667	-0.107741	0.112232	0.987824
0.782146	-0.603817	0.153798	0.613755	0.789161	-0.023001	-0.107483	0.112384	0.987835
0.782316	-0.603513	0.154123	0.613472	0.789386	-0.022863	-0.107864	0.112437	0.987787
0.782430	-0.603235	0.154635	0.613203	0.789607	-0.022441	-0.108564	0.112381	0.987717
0.782277	-0.603550	0.154173	0.613451	0.789418	-0.022284	-0.108258	0.112010	0.987792
0.782310	-0.603538	0.154053	0.613475	0.789387	-0.022732	-0.107888	0.112291	0.987801
0.782525	-0.603337	0.153753	0.613219	0.789591	-0.022566	-0.107787	0.111943	0.987852
0.782498	-0.603399	0.153642	0.613229	0.789593	-0.022199	-0.107920	0.111588	0.987877
0.782517	-0.603501	0.153144	0.613263	0.789569	-0.022093	-0.107585	0.111206	0.987957
