0.984203	-0.120537	0.129673	0.132995	0.986827	-0.092115	-0.116862	0.107905	0.987269
0.984424	-0.118742	0.129654	0.131154	0.987103	-0.091792	-0.117082	0.107367	0.987301
0.984313	-0.119566	0.129736	0.131925	0.987051	-0.091248	-0.117145	0.106932	0.987341
0.984153	-0.121055	0.129573	0.133350	0.986899	-0.090816	-0.116881	0.106655	0.987402
0.984066	-0.121620	0.129705	0.133943	0.986809	-0.090921	-0.116937	0.106846	0.987375
0.984000	-0.122131	0.129720	0.134449	0.986747	-0.090852	-0.116905	0.106839	0.987380
0.983946	-0.122365	0.129913	0.134747	0.986673	-0.091216	-0.117020	0.107257	0.987321
0.983881	-0.122724	0.130064	0.135169	0.986580	-0.091595	-0.117078	0.107699	0.987266
0.983883	-0.122533	0.130229	0.135045	0.986558	-0.092008	-0.117205	0.108112	0.987206
0.983866	-0.121892	0.130959	0.134536	0.986586	-0.092457	-0.117932	0.108584	0.987067
0.983856	-0.121416	0.131478	0.134180	0.986584	-0.092995	-0.118423	0.109135	0.986948
0.983862	-0.121132	0.131693	0.133939	0.986601	-0.093159	-0.118644	0.109295	0.986903
0.983840	-0.122649	0.130442	0.135328	0.986406	-0.093214	-0.117236	0.109360	0.987064
0.983634	-0.126408	0.128393	0.138748	0.986028	-0.092186	-0.114946	0.108492	0.987429
0.983434	-0.129777	0.126552	0.141739	0.985751	-0.090578	-0.112994	0.107015	0.987816
0.983194	-0.132726	0.125353	0.144463	0.985438	-0.089683	-0.111624	0.106285	0.988050
0.982909	-0.135650	0.124458	0.147138	0.985170	-0.088263	-0.110639	0.105067	0.988291
0.982647	-0.137995	0.123944	0.149322	0.984931	-0.087261	-0.110034	0.104254	0.988445
0.982384	-0.139886	0.123906	0.151146	0.984706	-0.086652	-0.109889	0.103853	0.988503
0.982198	-0.140849	0.124292	0.152140	0.984563	-0.086540	-0.110184	0.103909	0.988465
0.982279	-0.140185	0.124407	0.151543	0.984609	-0.087057	-0.110288	0.104368	0.988405
0.982360	-0.139263	0.124795	0.150746	0.984664	-0.087825	-0.110650	0.105088	0.988288
0.982383	-0.138273	0.125718	0.149973	0.984685	-0.088900	-0.111500	0.106189	0.988075
0.982458	-0.136783	0.126754	0.148671	0.984820	-0.089595	-0.112575	0.106868	0.987880
0.982948	-0.132917	0.127068	0.144926	0.985301	-0.090436	-0.113180	0.107309	0.987763
0.983438	-0.129204	0.127102	0.141190	0.985858	-0.090278	-0.113640	0.106728	0.987773
