0.572108	-0.806291	0.150287	0.813740	0.580920	0.018923	-0.102562	0.111469	0.988461
0.573349	-0.805352	0.150596	0.812829	0.582197	0.018854	-0.102860	0.111599	0.988416
0.572174	-0.806262	0.150196	0.813671	0.581008	0.019199	-0.102745	0.111225	0.988470
0.571490	-0.806767	0.150083	0.814196	0.580280	0.018965	-0.102391	0.111359	0.988491
0.571558	-0.806760	0.149868	0.814159	0.580331	0.019011	-0.102310	0.111150	0.988523
0.570896	-0.807259	0.149701	0.814619	0.579675	0.019277	-0.102340	0.110944	0.988543
0.570102	-0.807847	0.149557	0.815190	0.578870	0.019373	-0.102225	0.110873	0.988563
0.569342	-0.808535	0.148727	0.815763	0.578051	0.019675	-0.101880	0.110124	0.988683
0.569279	-0.808615	0.148535	0.815836	0.577953	0.019551	-0.101655	0.110050	0.988714
0.569621	-0.808400	0.148393	0.815637	0.578245	0.019200	-0.101329	0.110098	0.988742
0.569540	-0.808433	0.148526	0.815677	0.578186	0.019279	-0.101461	0.110169	0.988721
0.569447	-0.808512	0.148452	0.815752	0.578081	0.019254	-0.101384	0.110136	0.988732
0.569447	-0.808512	0.148452	0.815752	0.578081	0.019254	-0.101384	0.110136	0.988732
0.569566	-0.808362	0.148814	0.815640	0.578240	0.019259	-0.101619	0.110410	0.988678
0.569723	-0.808202	0.149080	0.815492	0.578442	0.019409	-0.101921	0.110516	0.988635
0.569734	-0.808265	0.148695	0.815496	0.578432	0.019574	-0.101831	0.110108	0.988689
0.569361	-0.808605	0.148278	0.815827	0.577975	0.019241	-0.101260	0.110014	0.988759
0.568962	-0.808884	0.148288	0.816126	0.577558	0.019099	-0.101094	0.110155	0.988760
0.568823	-0.808966	0.148374	0.816175	0.577474	0.019527	-0.101479	0.109992	0.988738
0.568248	-0.809335	0.148568	0.816557	0.576929	0.019669	-0.101632	0.110137	0.988707
0.567273	-0.810032	0.148487	0.817241	0.575955	0.019822	-0.101578	0.110106	0.988716
0.566684	-0.810476	0.148314	0.817629	0.575390	0.020242	-0.101744	0.109796	0.988733
0.566538	-0.810567	0.148379	0.817709	0.575269	0.020427	-0.101915	0.109758	0.988720
0.566531	-0.810576	0.148356	0.817741	0.575233	0.020184	-0.101700	0.109882	0.988728
0.566326	-0.810709	0.148413	0.817890	0.575023	0.020107	-0.101641	0.109998	0.988721
