0.696914	-0.700651	0.152967	0.709736	0.704434	-0.006950	-0.102885	0.113409	0.988207
0.695734	-0.701782	0.153155	0.710889	0.703271	-0.006834	-0.102913	0.113631	0.988179
0.694316	-0.703232	0.152938	0.712290	0.701856	-0.006452	-0.102803	0.113416	0.988215
0.692884	-0.704782	0.152295	0.713698	0.700431	-0.005641	-0.102696	0.112602	0.988319
0.692459	-0.705207	0.152260	0.714141	0.699978	-0.005811	-0.102481	0.112760	0.988323
0.692166	-0.705624	0.151661	0.714468	0.699646	-0.005559	-0.102186	0.112205	0.988417
0.691699	-0.706464	0.149869	0.714979	0.699133	-0.004262	-0.101767	0.110101	0.988697
0.692498	-0.705984	0.148437	0.714406	0.699714	-0.004967	-0.100357	0.109484	0.988909
0.692779	-0.705654	0.148696	0.714148	0.699974	-0.005425	-0.100255	0.109949	0.988868
0.693286	-0.705019	0.149338	0.713552	0.700583	-0.005164	-0.100983	0.110141	0.988773
0.693251	-0.704920	0.149969	0.713459	0.700682	-0.004544	-0.101878	0.110147	0.988680
0.692928	-0.705311	0.149626	0.713821	0.700313	-0.004597	-0.101543	0.109992	0.988732
0.692763	-0.705429	0.149830	0.714042	0.700083	-0.005361	-0.101112	0.110698	0.988697
0.692682	-0.705477	0.149981	0.714090	0.700034	-0.005194	-0.101327	0.110698	0.988675
0.692609	-0.705500	0.150208	0.714136	0.699988	-0.005156	-0.101506	0.110840	0.988641
0.693273	-0.704831	0.150286	0.713509	0.700624	-0.005563	-0.101373	0.111087	0.988627
0.694981	-0.703189	0.150087	0.711891	0.702263	-0.006174	-0.101059	0.111137	0.988653
0.696066	-0.702205	0.149664	0.710889	0.703274	-0.006570	-0.100641	0.110968	0.988715
0.694938	-0.703125	0.150587	0.711894	0.702259	-0.006280	-0.101335	0.111566	0.988577
0.694199	-0.703804	0.150823	0.712626	0.701514	-0.006470	-0.101251	0.111972	0.988540
0.694495	-0.703461	0.151059	0.712365	0.701774	-0.007035	-0.101060	0.112495	0.988500
0.694442	-0.703460	0.151306	0.712374	0.701766	-0.006863	-0.101354	0.112552	0.988463
0.693969	-0.703873	0.151561	0.712795	0.701341	-0.006619	-0.101637	0.112626	0.988426
0.693965	-0.703760	0.152102	0.712727	0.701412	-0.006455	-0.102143	0.112887	0.988344
0.693982	-0.703748	0.152078	0.712723	0.701415	-0.006562	-0.102051	0.112944	0.988347
