-0.003929	-0.008586	-0.003165
-0.003739	-0.007072	0.000927
-0.001322	0.017012	0.013344
0.010239	-0.008241	0.007233
0.016644	-0.004626	-0.009319
0.000074	-0.005785	-0.010914
-0.012531	-0.001249	-0.014801
0.010217	0.009242	-0.007626
0.011084	-0.000673	0.002529
0.003048	0.003911	0.013326
-0.000492	0.005649	0.008187
0.000646	-0.001242	0.001362
0.010114	0.025214	-0.001412
0.014668	0.001992	-0.007947
0.008917	0.004431	-0.000191
0.000690	0.007501	0.006514
-0.004415	0.004358	-0.005135
-0.001256	-0.000408	-0.008180
0.000000	0.000000	-0.000000
-0.003584	-0.002665	0.010476
-0.009747	0.006932	0.005347
-0.020610	-0.005408	-0.009156
-0.016387	-0.011280	-0.008113
