0.009710	-0.004040	0.000110
-0.013053	0.018927	0.009453
0.003929	0.008586	0.003165
0.004797	-0.005669	-0.007448
-0.003915	0.010345	-0.002713
-0.000338	0.005715	-0.003031
-0.007272	0.001961	-0.014370
-0.000610	-0.001650	-0.006819
0.000874	-0.002620	-0.000003
0.005487	0.001832	-0.000934
0.005832	0.003412	-0.008060
-0.008036	0.000244	-0.009970
-0.003915	0.010345	-0.002713
-0.005333	-0.001765	-0.010285
0.006927	-0.007881	0.000729
-0.000573	-0.000202	0.008492
-0.013904	-0.000276	0.003548
-0.007808	-0.001134	-0.011335
0.004613	0.004452	-0.000930
-0.005942	0.000925	0.003664
0.011091	0.006622	-0.007629
0.010364	0.002013	-0.008686
