-0.006860	-0.005199	-0.001485
-0.007242	-0.008227	-0.009669
-0.002931	0.003388	0.001680
-0.000646	0.001242	-0.001362
0.006780	-0.000652	0.001790
-0.004642	0.005736	-0.003770
-0.007272	0.001961	-0.014370
-0.005259	-0.003210	-0.000431
-0.000345	-0.001580	0.007127
0.001484	-0.000970	0.006815
0.000000	0.000000	-0.000000
-0.001293	0.002484	-0.002723
-0.002975	-0.005356	-0.003473
0.002505	-0.010819	0.005751
-0.014691	0.015491	-0.006911
0.002857	-0.001943	-0.011533
0.015050	0.005021	0.000237
0.004341	0.001427	0.016050
-0.007389	-0.000998	-0.008608
0.001521	-0.003862	0.001358
-0.000228	0.001378	0.001365
0.003269	-0.009103	0.001351
