0.000074	-0.005785	-0.010914
-0.025208	-0.043319	-0.024745
0.015425	-0.003586	-0.002189
0.004539	0.010237	0.009984
-0.015549	-0.011008	-0.002659
0.005869	0.004860	0.007250
0.007690	-0.001825	0.017097
0.004686	-0.001333	-0.011845
-0.000874	0.002620	0.000003
-0.003115	0.013509	0.008198
-0.001521	0.003862	-0.001358
0.010628	0.002083	0.005259
0.003966	0.005694	-0.002292
-0.005597	0.002505	-0.003462
0.001711	-0.002348	0.005450
0.003085	0.001019	0.007869
-0.001065	0.001106	-0.004089
-0.003313	0.000359	-0.006504
-0.001873	-0.009354	-0.004841
-0.001939	0.003726	-0.004085
-0.002402	-0.005153	-0.011965
0.000492	-0.001308	0.012580
