0.010091	0.017354	-0.035415
0.005145	0.004413	-0.033456
0.011992	-0.008864	-0.009572
-0.005199	0.053285	0.028774
-0.021200	0.017602	0.039496
-0.009450	0.003873	0.021201
0.002903	0.032360	0.048689
-0.000945	0.053840	0.081627
-0.002277	0.003485	0.044731
0.014482	0.026454	0.041204
-0.007819	0.049798	0.077789
-0.030783	0.047409	0.092289
0.017346	0.031907	0.035725
0.017985	0.001165	0.000216
-0.004055	-0.000816	0.002339
-0.005177	-0.005742	-0.004470
-0.009482	-0.001814	0.008032
-0.007428	0.002674	0.010697
0.000397	-0.007119	-0.004007
0.005381	-0.009008	-0.007465
-0.010684	-0.000225	0.021364
-0.000837	0.007693	0.011894
0.000322	0.000209	-0.003096
0.018728	0.027563	0.022138
0.041662	0.081302	0.008722
