-0.000320	0.003569	0.017353
-0.001318	0.025994	0.058943
0.005079	0.007683	0.027608
0.011476	-0.010627	-0.003726
0.006095	0.023145	0.024021
-0.004716	-0.011520	-0.007144
0.002192	0.007963	0.002720
0.015709	0.016567	-0.010953
0.000424	-0.005806	-0.013627
-0.001198	-0.003862	-0.012582
-0.002820	-0.001918	-0.011536
-0.004442	0.000025	-0.010490
-0.000009	-0.008639	-0.005216
-0.002717	0.018004	0.015168
-0.001842	0.000875	-0.000076
-0.009167	-0.014050	0.002039
-0.007963	-0.011192	-0.007608
-0.006760	-0.008335	-0.017255
-0.005556	-0.005477	-0.026902
0.000674	-0.031483	-0.067064
0.008972	-0.077264	-0.097264
