0.002093	0.003660	0.007134
0.001487	-0.002678	-0.001736
-0.000397	-0.004236	0.000150
0.000000	0.000000	0.000000
-0.000018	-0.001446	-0.002729
0.002288	-0.003672	-0.002263
0.000859	-0.002474	0.002354
0.001069	-0.002542	0.000990
0.001983	-0.002847	0.001146
0.002207	0.002179	-0.002568
0.002857	-0.000227	0.001149
0.001296	-0.001164	0.002356
0.000459	-0.003062	-0.002575
0.000404	-0.005230	-0.000376
-0.000621	-0.009261	0.003864
0.000114	0.000689	0.000683
0.002909	0.005589	-0.006128
0.005156	0.007013	0.001841
0.002248	0.001424	0.007968
0.002306	-0.002226	0.000465
-0.000970	-0.001863	0.002043
0.000646	0.001242	-0.001362
0.000419	-0.000136	-0.002727
0.001719	-0.007117	-0.005676
0.000213	-0.003716	0.003716
