0.004106	0.010854	-0.015861
0.010518	0.006420	0.000863
0.005777	0.005581	-0.010259
0.004249	0.002147	-0.001459
0.013240	-0.012380	0.041253
0.011296	0.027067	-0.003085
0.010819	0.025452	-0.002931
0.005465	-0.000370	0.006874
0.010893	-0.004358	-0.011947
0.004022	-0.022669	-0.008579
0.006629	-0.003581	-0.023222
0.010162	-0.010444	0.002458
0.000265	-0.004270	-0.006822
0.004580	-0.010863	0.011730
0.005424	0.018559	-0.005256
-0.006456	0.000031	-0.001109
-0.013335	-0.003721	0.000135
-0.002101	-0.003635	0.017291
-0.007621	-0.001097	0.008220
-0.007698	0.016384	-0.019221
0.001884	-0.001558	0.001887
0.003309	-0.008347	-0.009185
0.004848	-0.011485	-0.000171
-0.005917	0.002433	-0.029990
0.006438	-0.000755	-0.006547
