0.002365	-0.003705	0.003346
0.003562	-0.000464	0.002669
0.002743	-0.000916	0.000467
0.003577	0.004630	0.000318
-0.000984	-0.006957	0.004393
0.001256	0.001762	0.002203
-0.001388	-0.001727	0.004769
0.003258	-0.001809	-0.004306
-0.001047	0.000340	0.006817
0.001278	-0.002610	-0.000373
0.001296	-0.001164	0.002356
0.000441	-0.002338	0.005081
0.001961	0.001525	0.003722
0.000286	-0.000101	0.004246
0.002652	-0.003806	0.007592
0.005138	0.007737	0.009496
0.002817	0.002699	0.000997
0.003331	0.001805	-0.003776
0.003981	-0.000600	-0.000058
0.005108	-0.004621	0.003813
0.004348	-0.006552	0.004492
0.002688	-0.003084	0.002665
0.002420	-0.001537	0.001148
0.000154	-0.002236	0.000835
