0.001675	0.001626	-0.000523
0.003544	-0.001910	-0.000060
0.000804	-0.004642	0.004552
0.004973	-0.000939	0.005707
0.004172	0.000056	0.006234
0.000327	-0.003027	0.004398
0.003258	-0.001809	-0.004306
0.001352	0.001005	0.000157
0.001943	0.000078	0.000994
0.004268	-0.000701	0.004188
0.000217	-0.007363	0.008794
0.003845	0.003082	0.001836
0.000988	0.003309	0.000686
-0.001675	-0.001626	0.000523
-0.003353	0.002566	0.006352
0.000110	0.008677	0.016371
0.006930	0.004234	0.004350
0.005465	0.002540	0.003510
0.002248	0.001424	0.007968
0.006225	0.004471	0.002831
0.004932	0.004157	0.015938
0.022396	0.026749	-0.005591
0.034005	0.041781	0.010830
0.029007	0.035395	0.046055
0.029542	0.001765	0.019836
