0.001733	0.000147	0.002357
0.003504	0.001015	-0.000212
0.003867	-0.001289	-0.000741
0.001774	-0.002779	0.002509
0.001238	0.000316	-0.000525
-0.000323	-0.000621	0.000681
0.001943	0.000078	0.000994
0.004418	0.000710	-0.000057
0.004477	-0.000769	0.002824
0.004532	0.001399	0.000626
-0.000705	0.002407	0.008865
0.008241	0.005994	-0.006029
0.005828	0.000235	0.002982
0.006232	-0.004994	0.002605
-0.000070	-0.007262	0.004549
0.001506	-0.001232	0.000992
0.002475	0.000631	-0.001050
0.002038	-0.000679	-0.001052
0.003658	-0.001221	0.000623
0.003603	-0.003389	0.002821
0.004517	-0.003695	0.002976
0.005391	-0.001075	0.002980
0.005601	-0.001143	0.001616
0.006629	-0.000759	0.002455
0.006302	0.004438	0.008440
