-0.001344	0.008300	-0.010000
0.004003	0.004972	0.002635
0.000533	-0.000553	0.002044
0.000224	-0.005026	0.003714
-0.000382	-0.000858	0.002200
0.003217	-0.001116	0.004458
-0.002053	0.004415	-0.003402
-0.000228	0.001378	0.001365
-0.001620	-0.000543	0.001675
0.000591	0.000926	-0.000836
0.001506	0.001232	-0.000992
0.000779	-0.003377	-0.002049
0.001675	-0.001626	0.000523
0.001487	0.002678	0.001736
0.002093	-0.001490	0.003250
-0.001521	0.003862	-0.001358
-0.000136	-0.001512	0.008490
0.000474	-0.002032	0.004925
0.000176	0.006608	0.001742
0.002156	0.005807	0.005674
-0.000859	-0.002474	0.002354
-0.000099	-0.004405	0.003033
-0.000323	0.000621	-0.000681
0.002630	0.001605	0.000216
0.000650	0.002406	-0.003717
