0.002171	0.001457	0.002359
0.003750	0.003840	0.003881
0.003981	-0.000600	-0.000058
0.007118	0.008537	0.005563
0.000658	0.014324	0.011977
-0.008498	0.004295	-0.002918
0.000643	0.004890	-0.006441
-0.002093	-0.001490	0.003250
0.006794	0.005746	-0.004140
0.011980	0.001092	0.005282
0.015546	-0.003020	0.013030
0.012366	-0.001244	0.022945
0.014948	0.005202	0.002035
0.008098	-0.004883	-0.002010
0.005476	-0.012743	-0.002021
-0.002042	-0.019698	-0.002128
-0.003089	-0.021528	-0.005695
-0.011969	-0.014205	-0.000429
-0.004091	-0.008077	-0.016313
-0.009181	0.000161	-0.007014
-0.004624	-0.006460	-0.003885
-0.006585	-0.005814	0.002776
-0.001586	0.007083	-0.001297
0.000452	0.006404	-0.002349
0.001179	0.001795	-0.003406
