0.001829	0.000611	-0.000311
0.002743	0.000916	-0.000467
0.001943	-0.000078	-0.000994
0.000646	-0.001242	0.001362
0.001293	-0.002484	0.002723
0.001561	-0.000937	0.001206
-0.000536	-0.003095	0.003035
0.006622	-0.006536	0.007703
-0.001230	0.007611	-0.010683
0.004877	0.002352	0.002631
0.001715	0.001300	0.000371
0.001293	-0.002484	0.002723
0.000760	-0.001931	0.000679
0.001656	-0.000180	0.003252
0.000228	-0.001378	-0.001365
0.001293	-0.002484	0.002723
0.001293	-0.002484	0.002723
-0.000114	0.000689	0.000683
0.002420	0.001537	-0.001148
0.001546	0.004157	-0.001144
0.002516	0.002294	0.000898
0.001730	-0.003794	0.002722
-0.000154	-0.002236	0.000835
0.001561	-0.000937	0.001206
0.000055	-0.002168	0.002198
