0.008002	0.004126	-0.000036
0.003147	0.006146	-0.000090
0.009916	-0.007620	0.006552
0.002156	0.001467	-0.015093
0.007048	0.000895	0.000272
0.005678	0.003346	0.003158
0.006060	0.004204	0.000958
0.004800	0.000148	-0.002143
0.007195	-0.006334	-0.000789
0.005197	-0.004087	-0.001993
0.006166	-0.005950	0.000050
0.007004	-0.005678	0.005503
0.006111	-0.003782	-0.002149
0.005263	0.006857	-0.004648
0.010357	-0.005282	0.001471
0.005854	0.007784	-0.005484
0.006853	-0.004267	0.001259
0.006478	0.004340	0.003685
0.008575	0.006498	0.001856
0.004458	0.002215	-0.000096
0.010970	0.000016	0.003211
0.004099	0.003559	-0.005703
0.008451	-0.005926	0.007392
0.003787	-0.004562	0.001045
