0.006052	0.027444	0.040369
0.011965	0.012682	0.033903
0.004164	0.016674	0.002026
0.000878	0.003198	0.005301
-0.002450	0.008651	-0.003553
-0.002718	0.004933	-0.012419
0.002630	0.001605	0.000216
0.005101	-0.004844	-0.004039
0.010504	-0.010341	0.010794
0.004110	-0.007353	-0.008658
0.001998	0.015267	-0.031846
0.000933	-0.001141	-0.002884
0.002788	-0.014366	0.006584
0.009163	-0.015907	0.028765
-0.003342	0.010547	-0.011205
0.004583	0.012469	-0.016015
0.008381	-0.000834	-0.007540
0.014900	0.004262	-0.014391
0.001164	-0.003212	-0.030096
0.018257	-0.031063	0.021830
0.010842	-0.018226	0.003442
0.007547	0.002542	-0.018073
0.013449	0.003032	-0.000817
0.001605	0.003466	-0.014409
0.011062	-0.000705	0.020720
