0.004095	-0.002081	-0.009760
0.005009	-0.000216	0.000780
0.002806	-0.006043	0.008427
0.004330	-0.007998	0.001763
0.000180	-0.010256	0.003337
0.003144	-0.002498	-0.004988
0.000970	0.001863	-0.002043
0.000801	-0.000994	-0.000527
-0.004495	0.003663	0.015215
0.003713	0.003117	0.008808
0.009215	0.004209	-0.002992
0.004231	-0.003594	-0.001269
0.001190	-0.011318	0.001447
0.001072	-0.008359	-0.004315
-0.000301	-0.004993	-0.001896
-0.001197	-0.003241	0.000677
-0.003140	-0.003320	-0.000316
-0.000665	-0.002688	-0.001367
-0.002644	-0.003489	0.002566
0.000364	-0.002304	-0.000529
0.001774	-0.002779	0.002509
0.003562	-0.000464	0.002669
-0.001120	-0.003274	0.006287
