0.003698	-0.004147	0.000775
0.003166	-0.004700	0.002819
0.004077	-0.001357	-0.002104
0.000973	-0.001785	0.003036
0.004249	-0.002147	0.001459
0.004249	-0.002147	0.001459
0.002953	-0.000984	-0.000896
0.003202	-0.003977	-0.002108
0.002402	-0.002983	-0.001581
0.003107	-0.003220	-0.000062
0.003221	-0.002531	0.000621
0.002192	-0.002915	-0.000217
0.004385	-0.005830	-0.000435
0.004345	-0.002905	-0.000587
-0.000342	0.000103	0.008336
0.004396	0.002911	-0.007864
-0.000723	0.000961	0.006136
0.001851	-0.004982	-0.002265
0.002516	-0.002294	-0.000898
0.001774	-0.002779	0.002509
0.001829	-0.000611	0.000311
0.003658	-0.001221	0.000623
0.004289	-0.005073	0.001611
0.004080	-0.005005	0.002975
0.004304	0.000021	-0.000739
