-0.000588	0.002721	-0.004242
0.002380	-0.001389	-0.000996
0.003405	-0.005420	0.003245
0.000665	-0.002688	-0.001367
0.005736	0.004825	0.000277
0.002119	0.006530	0.000748
0.002611	0.003051	0.002944
0.001847	0.001335	0.007344
0.001711	-0.002348	0.005450
0.002799	-0.001252	0.001731
-0.000213	-0.003716	0.003716
0.006321	-0.001544	0.009599
-0.001216	0.002517	-0.008333
0.003085	-0.001151	-0.002515
0.003636	-0.000980	0.007185
0.003959	-0.001601	0.007866
0.003695	0.000499	0.004304
0.003489	0.004079	-0.002138
0.002743	0.000916	-0.000467
0.001238	-0.000316	0.000525
0.002854	-0.003421	0.003929
0.002644	-0.003489	0.002566
0.003658	0.001221	-0.000623
0.004458	0.002215	-0.000096
-0.000687	-0.001683	-0.001209
