0.018510	-0.006908	-0.015088
0.007051	0.002372	-0.015191
-0.007088	-0.003820	-0.000120
-0.006897	-0.002306	0.003972
0.000646	-0.001242	0.001362
0.001829	0.000611	-0.000311
0.000492	-0.005649	-0.008187
-0.005061	0.005600	-0.006497
-0.003011	-0.002463	0.001984
0.002020	0.002125	0.003781
0.004040	0.004250	0.007561
0.000734	0.016244	0.011667
-0.017320	0.016056	0.003257
0.001836	0.012246	0.010299
-0.004304	0.000021	-0.000739
0.008954	0.001539	-0.005648
0.015542	-0.000628	-0.007951
-0.001337	-0.006259	-0.007876
-0.000536	-0.003095	0.003035
0.000603	-0.009985	-0.003791
0.000265	-0.004270	-0.006822
-0.003349	0.003252	-0.001047
