-0.007118	-0.010708	-0.015947
-0.001815	-0.022661	-0.021531
-0.009388	-0.027444	0.001327
-0.005583	-0.012755	0.044546
0.004958	-0.001692	0.028825
0.005178	0.002641	-0.000736
-0.003563	-0.019220	0.019997
0.010643	-0.012333	0.035824
0.007323	-0.005397	0.032171
-0.010430	-0.011067	-0.009443
-0.015161	-0.003656	-0.016135
-0.010827	0.006552	-0.021575
-0.010092	-0.005352	-0.012474
-0.024034	-0.007969	-0.021479
-0.028778	0.022713	-0.006951
0.001550	0.018390	0.014709
0.028448	0.007986	-0.004424
0.026597	-0.013227	-0.010645
0.019824	-0.021174	0.001303
0.001454	-0.004877	0.018653
-0.005392	-0.018610	0.019686
-0.012494	-0.000199	-0.000509
-0.007396	0.008293	-0.001550
-0.013353	0.026300	-0.004762
