-0.012039	-0.002557	-0.002221
-0.009563	-0.003189	-0.001170
0.002174	0.002191	-0.007438
0.002013	-0.009511	-0.006829
-0.005303	-0.011953	-0.005584
-0.001910	-0.006461	0.000616
0.008227	-0.003070	-0.006706
0.009292	-0.004176	-0.002617
-0.000272	-0.007365	-0.003788
-0.004753	0.010072	-0.008167
0.009637	-0.002596	-0.009744
-0.000228	0.001378	0.001365
0.008799	0.001472	0.005570
0.009821	-0.008377	0.004506
0.002468	-0.007927	0.011208
0.001785	-0.003792	0.015304
-0.000911	0.005513	0.005461
-0.002358	0.003590	-0.006812
-0.004525	0.008694	-0.009532
-0.012685	-0.001315	-0.003583
-0.009710	0.004040	-0.000110
-0.008072	0.003136	-0.004513
0.000646	-0.001242	0.001362
0.009674	-0.001148	0.005567
