0.000654	0.010394	0.011972
-0.004760	0.002777	0.001991
0.005648	0.013534	-0.001543
0.002784	0.003841	-0.000619
0.002703	-0.002010	-0.000315
0.008227	-0.003070	-0.006706
0.004907	-0.010006	-0.003052
0.001748	-0.005240	-0.000007
-0.003966	-0.005694	0.002292
-0.005876	-0.012155	0.002908
0.002358	-0.003590	0.006812
0.003004	-0.004832	0.008174
0.000110	-0.004337	0.004396
0.002395	-0.006482	0.001355
-0.001484	0.000970	-0.006815
-0.001792	-0.003503	-0.005146
-0.008601	0.011677	0.009132
-0.004569	0.004291	0.006083
-0.001484	0.005310	0.013952
-0.006743	0.002100	0.013521
0.001491	0.010666	0.017425
