-0.009152	0.014688	0.009053
-0.005420	0.019252	0.020590
0.009821	0.008377	-0.004506
0.034243	-0.006999	-0.043356
0.039032	-0.033403	-0.000734
0.021014	-0.025982	0.033901
-0.004223	0.002809	0.042579
-0.034647	0.027573	0.000299
-0.039759	0.029331	-0.039744
-0.019134	0.009333	-0.028585
-0.010753	0.016677	0.010107
-0.004208	0.027587	0.017562
0.010768	0.012441	-0.014356
0.030798	-0.033518	-0.038365
0.052524	-0.045178	-0.005069
0.024562	-0.031540	0.038920
-0.014925	0.003447	0.057691
-0.040236	0.022113	0.034687
-0.027757	0.028222	-0.026654
-0.015168	0.003639	-0.026293
-0.015278	0.003643	-0.001129
-0.011627	0.018397	0.030871
0.009174	0.002794	-0.023912
0.039935	-0.024936	-0.026199
