0.000492	-0.005649	-0.008187
-0.005222	-0.006102	-0.005888
0.002696	-0.013645	-0.010925
0.005318	-0.021506	-0.010935
-0.007631	-0.018551	-0.007695
-0.002291	-0.009490	-0.007568
-0.000463	-0.008879	-0.007880
0.007272	-0.006301	-0.006398
0.008792	-0.010163	-0.005040
-0.000690	-0.007501	-0.006514
-0.020530	0.000443	-0.009461
-0.024694	-0.014061	-0.001103
-0.009336	-0.004567	-0.002536
0.004951	-0.001263	0.002101
-0.017930	0.018746	0.017206
-0.017695	0.029003	0.026451
-0.013324	0.015903	0.026433
-0.005707	0.011182	0.012909
-0.006427	0.013868	0.001694
-0.000110	0.004337	-0.004396
0.003695	-0.001671	-0.006080
0.006780	-0.000652	0.001790
