0.001969	0.013914	-0.008786
-0.021793	0.007261	0.007483
-0.017768	-0.021767	0.024938
-0.009094	-0.012986	0.003449
-0.007698	0.001130	-0.013829
-0.011422	-0.010728	-0.015208
0.001962	0.025549	0.001824
0.035639	0.020138	0.001669
0.092924	0.025786	-0.005206
0.110935	0.034340	-0.008463
0.075560	0.018473	-0.003310
0.017180	-0.002809	-0.008414
-0.033781	-0.010561	-0.006059
-0.055368	-0.023745	-0.003119
-0.043270	-0.001587	0.006026
-0.014286	0.003304	0.004636
-0.001123	0.022228	-0.011074
-0.002512	-0.003524	-0.004407
-0.000419	0.000136	0.002727
0.000455	0.002756	0.002730
-0.000081	0.005851	-0.000304
0.006214	-0.006441	-0.000123
-0.002057	-0.000768	-0.001676
-0.030270	-0.014671	0.014271
-0.044843	-0.033120	0.026944
