-0.007881	0.004651	-0.000421
-0.004914	-0.001629	-0.007558
-0.001638	0.000904	0.004403
-0.002093	0.003660	0.007134
-0.004760	0.002777	0.001991
-0.009483	0.002662	-0.001475
-0.011047	-0.002219	-0.007986
0.001785	-0.008133	-0.005464
0.002409	0.016789	0.022574
-0.003160	0.061496	0.040784
-0.003159	0.009106	0.023813
0.005832	0.007752	0.012707
0.001102	-0.003998	-0.001369
-0.002218	-0.015275	-0.018482
0.014955	-0.024101	-0.020679
0.018797	-0.033002	-0.027819
0.007823	-0.036665	-0.025951
0.008682	-0.005826	-0.009436
0.018517	0.004728	-0.004478
0.001829	0.000611	-0.000311
-0.011885	0.001849	0.007328
-0.022322	0.001280	0.006161
