-0.019663	-0.009473	0.000694
-0.008726	-0.002917	0.004283
0.006023	0.004926	-0.003969
0.008910	-0.007205	-0.010801
0.001594	-0.009647	-0.009556
-0.015697	-0.003779	-0.001598
-0.003122	0.001874	-0.002412
0.000455	-0.002756	-0.002730
0.016490	-0.004692	0.001899
0.019156	-0.003810	0.007042
0.001175	-0.009783	-0.012283
0.003864	-0.030723	-0.013050
-0.018274	-0.035224	0.007362
-0.013375	-0.004476	0.010671
-0.004804	-0.001626	0.017606
-0.000191	0.002826	0.016676
0.005604	0.009131	0.014072
0.002901	0.006800	-0.006381
0.014411	0.013558	-0.011283
0.007778	0.006981	-0.014133
-0.003423	0.004696	-0.010900
-0.006581	0.009462	-0.007855
