-0.023438	-0.013652	0.007078
-0.002086	0.010955	-0.003024
0.014602	0.015072	-0.007191
0.017643	0.007348	-0.004475
0.032495	0.003559	0.001828
0.020419	0.003894	0.005064
0.007808	0.001134	0.011335
-0.014719	-0.022371	-0.007815
-0.000037	0.002892	0.005457
-0.012913	0.000063	-0.002217
-0.015388	0.000694	-0.003268
-0.013655	0.024572	-0.007523
-0.005208	0.012829	-0.005436
-0.000338	0.005715	-0.003031
0.000272	0.007365	0.003788
-0.001212	0.008335	-0.003028
-0.001256	-0.000408	-0.008180
-0.007962	-0.001200	-0.000117
-0.003048	0.000429	0.007441
-0.001410	-0.000474	0.003038
-0.001462	0.031536	0.004246
-0.003915	0.010345	-0.002713
-0.001330	0.005376	0.002734
