-0.008307	-0.007121	-0.013758
-0.016681	0.003178	-0.005991
-0.011958	0.003293	-0.002525
-0.000419	-0.000136	-0.002727
0.002167	-0.005104	0.002720
0.006287	0.004996	0.009977
-0.000683	0.004134	0.004095
0.001601	0.001989	0.001054
-0.009027	-0.000094	-0.004205
-0.008498	-0.004295	0.002918
-0.000228	0.001378	0.001365
0.004840	0.003074	-0.002296
0.004642	-0.005736	0.003770
0.006243	-0.003747	0.004824
0.000000	0.000000	-0.000000
-0.002894	0.000495	-0.003777
-0.013030	-0.002896	0.003544
-0.003658	-0.001221	0.000623
0.002167	-0.005104	0.002720
-0.002703	0.002010	0.000315
-0.005707	0.006842	-0.007859
-0.013941	-0.001724	-0.011763
-0.006405	-0.007955	-0.004215
