0.007771	-0.000314	-0.003975
-0.000837	-0.000272	-0.005454
0.015807	-0.000558	0.005995
0.011348	-0.004944	-0.004294
0.027912	-0.011081	0.007459
0.017753	0.003011	-0.000078
0.003724	-0.011859	-0.001379
0.014903	0.007909	-0.019470
0.009145	0.003053	-0.001556
-0.008307	-0.007121	-0.013758
-0.010129	0.003904	-0.002836
-0.024379	-0.002292	-0.012930
0.003871	-0.023428	-0.023207
-0.006867	-0.016834	-0.012095
-0.017864	0.005666	0.016449
-0.013706	0.008534	-0.002518
-0.000228	0.001378	0.001365
0.003658	0.001221	-0.000623
0.007389	0.000998	0.008608
-0.000911	0.005513	0.005461
0.000308	0.004473	-0.001670
0.004995	0.007480	0.007254
