0.005869	0.009200	0.028018
-0.000529	0.008541	0.013644
-0.008910	0.007205	0.010801
-0.016644	0.004626	0.009319
-0.027949	0.018313	0.018766
0.012531	-0.003091	-0.005967
0.000837	-0.004068	-0.015314
0.003122	-0.006214	-0.018356
0.003393	0.001151	-0.014568
0.004231	0.001423	-0.009114
0.010327	0.004905	-0.003229
0.013251	-0.005778	0.005249
-0.004951	0.001263	-0.002101
0.000992	0.000338	-0.005765
0.004415	-0.004358	0.005135
-0.001300	-0.004811	0.007434
-0.009674	0.001148	-0.005567
-0.002586	0.004968	-0.005447
-0.001910	-0.006461	0.000616
-0.009828	0.001082	0.005652
-0.000536	-0.003095	0.003035
-0.000301	0.007163	0.012279
0.008498	0.008635	0.017850
