-0.016909	0.004556	-0.004626
-0.004613	-0.004452	0.000930
-0.007734	0.001762	0.019286
-0.001866	0.002282	0.005768
-0.007389	0.003342	0.012159
-0.017100	0.007382	0.012050
-0.003922	0.003049	0.007445
-0.000536	-0.003095	0.003035
0.000455	-0.002756	-0.002730
0.002475	-0.000631	0.001050
0.005751	-0.002439	-0.007756
0.006053	-0.009602	-0.020035
0.002747	0.006734	0.004838
0.010247	-0.000945	-0.002925
0.008153	0.002714	0.004209
0.006860	0.005199	0.001485
0.002328	0.006598	0.002111
0.011620	0.006762	0.020262
0.008454	-0.000108	0.012697
