0.009637	-0.002596	-0.009744
-0.008682	0.001486	-0.011332
-0.003658	-0.001221	0.000623
-0.005487	-0.001832	0.000934
0.000338	-0.005715	0.003031
-0.004194	-0.004316	0.003657
-0.001829	-0.000611	0.000311
-0.005487	-0.001832	0.000934
-0.006251	-0.003548	0.005334
0.001293	-0.002484	0.002723
0.007580	0.002512	0.012700
0.007580	0.002512	0.012700
0.008616	0.015934	0.032856
0.016306	0.009769	0.029185
0.011436	0.012543	0.006012
0.010672	0.006486	-0.010356
-0.015498	0.005031	-0.007664
-0.020118	-0.006716	0.003424
0.001785	-0.008133	-0.005464
0.010974	-0.000677	-0.022635
-0.001822	0.006685	-0.009847
-0.000918	-0.006123	-0.005149
-0.001910	-0.010802	-0.020152
-0.015704	-0.019755	-0.032976
