0.008954	0.001539	-0.005648
0.004224	-0.005872	0.001044
0.014815	-0.005237	-0.009008
0.006361	-0.000788	-0.000937
0.004914	0.001629	0.007558
-0.001866	0.002282	0.005768
0.002821	0.000949	-0.006076
0.006625	-0.005059	-0.007760
0.003313	-0.000359	0.006504
0.029704	0.001103	0.054140
-0.007118	0.006367	-0.004821
-0.004415	0.004358	-0.005135
-0.004040	-0.004250	-0.007561
-0.010966	0.003632	-0.008290
-0.023659	-0.004979	-0.001715
-0.011452	0.033937	0.072810
0.028139	-0.003778	0.047629
0.013706	-0.012874	-0.018249
-0.020647	-0.006856	-0.024467
-0.035117	-0.008719	-0.064121
-0.034206	-0.005551	-0.028046
-0.012443	0.016237	-0.004496
