-0.040208	0.015748	-0.033783
-0.038262	0.027998	0.001679
-0.010974	-0.003663	0.001868
-0.014360	0.002481	0.006278
-0.004069	0.010278	0.008506
0.000000	0.000000	-0.000000
-0.002013	0.009511	0.006829
0.002622	-0.007861	-0.000010
0.001028	0.001786	0.009546
-0.000191	-0.001514	-0.004092
0.000683	-0.004134	-0.004095
-0.010849	0.006590	-0.014052
-0.001410	-0.000474	0.003038
0.005480	-0.005464	0.009224
0.002093	0.000680	0.013634
0.004951	-0.001263	0.002101
0.002821	0.000949	-0.006076
0.006780	-0.000652	0.001790
0.003011	0.002463	-0.001984
0.010819	-0.000743	-0.011417
0.060671	-0.011792	0.002465
0.065600	0.008768	0.010475
