-0.028977	0.007846	-0.032315
-0.016240	-0.031530	-0.071476
-0.005024	0.002707	-0.011954
-0.002365	-0.003705	0.003346
0.000955	0.007571	0.020460
0.001638	-0.000904	-0.004403
0.002101	0.007976	0.003476
-0.002475	0.000631	-0.001050
-0.005634	0.005397	0.001995
0.001601	0.001989	0.001054
0.003658	0.001221	-0.000623
0.001293	-0.002484	0.002723
-0.000037	0.002892	0.005457
0.002211	0.003639	0.007873
-0.002358	0.007930	0.013956
-0.012458	0.005987	0.036588
0.026935	0.007512	0.013676
0.061200	-0.020333	-0.011180
0.058828	-0.035674	-0.018444
0.015910	-0.016530	-0.000219
-0.004870	0.002774	-0.023173
-0.012289	0.020644	0.005053
