0.994641	-0.098819	0.030399	0.093321	0.984659	0.147437	-0.044502	-0.143811	0.988604
0.994560	-0.099446	0.030994	0.093855	0.984605	0.147457	-0.045181	-0.143746	0.988583
0.994380	-0.100955	0.031882	0.095219	0.984465	0.147520	-0.046279	-0.143655	0.988545
0.994280	-0.101974	0.031771	0.096273	0.984459	0.146872	-0.046255	-0.142973	0.988645
0.994339	-0.101459	0.031546	0.095795	0.984502	0.146898	-0.045961	-0.143044	0.988649
0.994456	-0.100478	0.030995	0.094873	0.984497	0.147531	-0.045339	-0.143773	0.988572
0.994455	-0.100593	0.030658	0.095032	0.984470	0.147609	-0.045030	-0.143877	0.988571
0.994482	-0.100499	0.030087	0.095022	0.984471	0.147603	-0.044454	-0.143930	0.988589
0.994589	-0.099703	0.029180	0.094410	0.984688	0.146551	-0.043345	-0.143003	0.988773
0.994688	-0.098785	0.028924	0.093558	0.984835	0.146104	-0.042918	-0.142622	0.988846
0.994757	-0.098049	0.029072	0.092781	0.984815	0.146737	-0.043018	-0.143270	0.988748
0.994856	-0.097129	0.028779	0.091853	0.984698	0.148095	-0.042723	-0.144689	0.988554
0.994799	-0.097748	0.028647	0.092471	0.984592	0.148416	-0.042713	-0.144995	0.988510
0.994466	-0.101008	0.028877	0.095686	0.984361	0.147911	-0.043365	-0.144329	0.988579
0.993997	-0.105405	0.029327	0.100050	0.984181	0.146212	-0.044274	-0.142400	0.988818
0.993512	-0.109319	0.031364	0.103700	0.984005	0.144848	-0.046697	-0.140656	0.988957
0.993063	-0.112648	0.033698	0.106672	0.983695	0.144793	-0.049459	-0.140194	0.988888
0.992708	-0.115280	0.035224	0.109111	0.983558	0.143906	-0.051234	-0.139014	0.988964
0.992327	-0.118242	0.036145	0.112017	0.983503	0.142036	-0.052344	-0.136898	0.989201
0.992178	-0.119495	0.036101	0.113343	0.983563	0.140559	-0.052304	-0.135368	0.989414
