0.956593	-0.285877	0.056604	0.255461	0.916041	0.309207	-0.140247	-0.281325	0.949309
0.959055	-0.278823	0.049706	0.249686	0.915218	0.316280	-0.133678	-0.290919	0.947363
0.957638	-0.283731	0.049249	0.254138	0.913101	0.318843	-0.135435	-0.292820	0.946527
0.956657	-0.286942	0.049718	0.256518	0.911119	0.322583	-0.137862	-0.295848	0.945235
0.955404	-0.290900	0.050800	0.259706	0.909592	0.324339	-0.140557	-0.296682	0.944576
0.954978	-0.292032	0.052289	0.260397	0.909533	0.323950	-0.142163	-0.295750	0.944628
0.958904	-0.279292	0.049982	0.249230	0.913327	0.322054	-0.135597	-0.296362	0.945401
0.964757	-0.258914	0.046983	0.230777	0.918288	0.321697	-0.126436	-0.299517	0.945676
0.965787	-0.255132	0.046516	0.227225	0.918925	0.322407	-0.125001	-0.300806	0.945458
0.961061	-0.271033	0.053880	0.241359	0.918250	0.313946	-0.134565	-0.288717	0.947911
0.952967	-0.296576	0.062421	0.264540	0.914474	0.306197	-0.147893	-0.275283	0.949919
0.951860	-0.300284	0.061573	0.268651	0.913955	0.304159	-0.147609	-0.272975	0.950629
0.951217	-0.302294	0.061678	0.270904	0.914041	0.301895	-0.147638	-0.270459	0.951344
0.950901	-0.303029	0.062940	0.271474	0.914310	0.300564	-0.148626	-0.268720	0.951683
0.950873	-0.302943	0.063766	0.271496	0.914991	0.298465	-0.148763	-0.266491	0.952288
0.950595	-0.303608	0.064743	0.272429	0.915865	0.294912	-0.148834	-0.262704	0.953328
0.950221	-0.304788	0.064686	0.273750	0.915816	0.293840	-0.148799	-0.261505	0.953664
0.950662	-0.303590	0.063841	0.272913	0.916263	0.293225	-0.147515	-0.261335	0.953909
0.950936	-0.302915	0.062953	0.273321	0.917851	0.287828	-0.144969	-0.256500	0.955611
0.950015	-0.305915	0.062343	0.276867	0.917801	0.284581	-0.144276	-0.253096	0.956623
0.949635	-0.307365	0.060986	0.278761	0.917531	0.283600	-0.143126	-0.252316	0.957001
0.949389	-0.308176	0.060727	0.279927	0.917829	0.281481	-0.142483	-0.250236	0.957643
0.948719	-0.310150	0.061146	0.281724	0.917266	0.281521	-0.143401	-0.249858	0.957605
