0.982501	-0.182645	0.036516	0.175337	0.973086	0.149534	-0.062845	-0.140514	0.988082
0.982307	-0.183552	0.037164	0.176181	0.973021	0.148965	-0.063504	-0.139782	0.988144
0.982100	-0.184555	0.037678	0.177137	0.972929	0.148428	-0.064051	-0.139097	0.988205
0.981898	-0.185568	0.037960	0.178117	0.972786	0.148192	-0.064427	-0.138748	0.988230
0.981674	-0.186717	0.038124	0.179243	0.972604	0.148031	-0.064719	-0.138484	0.988248
0.981547	-0.187323	0.038404	0.179812	0.972517	0.147914	-0.065056	-0.138279	0.988254
0.981515	-0.187429	0.038721	0.179891	0.972542	0.147654	-0.065333	-0.137959	0.988281
0.981514	-0.187331	0.039217	0.179749	0.972624	0.147284	-0.065734	-0.137512	0.988317
0.981484	-0.187422	0.039537	0.179800	0.972626	0.147206	-0.066045	-0.137371	0.988315
0.981803	-0.185880	0.038869	0.178288	0.972730	0.148359	-0.065386	-0.138730	0.988169
0.982360	-0.183305	0.036995	0.175910	0.972951	0.149741	-0.063443	-0.140592	0.988033
0.982714	-0.181594	0.036024	0.174340	0.973203	0.149941	-0.062287	-0.141068	0.988038
0.982945	-0.180384	0.035789	0.173134	0.973316	0.150600	-0.061999	-0.141835	0.987947
0.983103	-0.179565	0.035565	0.172351	0.973448	0.150645	-0.061672	-0.141969	0.987948
0.983010	-0.180063	0.035628	0.172854	0.973406	0.150342	-0.061752	-0.141629	0.987992
0.983015	-0.180043	0.035573	0.172851	0.973427	0.150205	-0.061671	-0.141505	0.988015
0.983042	-0.179887	0.035636	0.172701	0.973487	0.149994	-0.061673	-0.141295	0.988045
0.983000	-0.180056	0.035927	0.172847	0.973509	0.149682	-0.061926	-0.140927	0.988081
0.982950	-0.180272	0.036197	0.173034	0.973503	0.149501	-0.062189	-0.140689	0.988099
0.982820	-0.180916	0.036518	0.173594	0.973324	0.150017	-0.062685	-0.141100	0.988009
0.982706	-0.181562	0.036392	0.174254	0.973214	0.149964	-0.062645	-0.141029	0.988021
0.982626	-0.181937	0.036666	0.174608	0.973201	0.149637	-0.062908	-0.140635	0.988061
0.982570	-0.182155	0.037099	0.174782	0.973217	0.149331	-0.063307	-0.140243	0.988091
