-0.001719	-0.000607	0.025475
0.003041	-0.003384	0.023484
0.001594	-0.005307	0.011212
0.005061	-0.005600	0.006497
0.011650	-0.007766	0.004195
-0.014705	-0.003440	-0.007363
-0.014705	-0.003440	-0.007363
0.002586	-0.004968	0.005447
-0.009372	-0.001675	0.002922
-0.010863	-0.008000	0.006264
-0.002975	-0.005356	-0.003473
-0.021397	0.010358	-0.019615
-0.011818	-0.015571	-0.014196
-0.003584	-0.007006	-0.010292
-0.006787	-0.010983	-0.012399
0.014250	0.001856	-0.010674
-0.005825	0.003883	-0.002097
0.006331	0.009399	-0.005638
-0.004385	-0.005830	-0.000435
-0.009460	-0.014821	0.013384
-0.000117	-0.002959	0.005761
-0.001763	-0.009350	0.020323
