-0.017790	-0.000119	0.005535
-0.018745	-0.003349	0.005843
0.005715	0.000454	-0.002299
0.012604	-0.008876	-0.016881
-0.000499	-0.001647	0.018345
-0.006030	-0.012222	0.014126
0.010665	-0.000809	-0.000198
-0.006002	0.025640	0.015030
-0.023923	0.003632	0.025875
-0.012663	-0.018798	0.011276
0.010959	-0.015267	-0.002320
0.014985	-0.029949	0.004790
0.002901	0.002460	-0.027148
0.001139	-0.006891	-0.006826
-0.018921	0.009727	-0.018565
-0.006794	-0.013938	0.018526
-0.016960	-0.007142	0.021147
-0.010930	0.005080	0.007020
0.018392	-0.001186	0.032209
0.015395	0.010941	0.013878
0.007463	-0.004787	-0.002306
-0.013971	0.008464	-0.016464
-0.007037	0.007878	-0.025893
