0.008535	0.005743	0.012392
0.033009	0.032817	0.025470
-0.000170	0.033393	0.027738
0.005324	0.042520	0.016646
-0.000904	0.017148	0.016070
-0.005112	-0.010439	-0.001492
-0.007272	0.001961	-0.014370
-0.013104	-0.005792	-0.027077
-0.001836	-0.012246	-0.010299
-0.014286	-0.007644	-0.025404
0.009835	0.006214	-0.015810
0.012803	0.004274	-0.002179
-0.007815	-0.008429	-0.001177
0.006177	0.009333	0.005581
-0.030585	0.002903	-0.002444
-0.003886	0.000157	0.001988
0.005965	-0.018407	0.011194
0.004018	-0.021977	0.017267
-0.007176	-0.016967	0.010342
0.005105	0.003144	0.011650
-0.004194	-0.004316	0.003657
