0.000301	-0.002822	0.008488
-0.013037	-0.010191	0.013702
0.012568	-0.001643	0.009344
0.003011	0.002463	-0.001984
0.001601	0.001989	0.001054
-0.006706	-0.000792	0.008064
-0.005024	0.007048	0.008813
-0.010819	0.000743	0.011417
-0.010136	-0.003391	0.007321
-0.006816	0.003545	0.003668
-0.007962	-0.001200	-0.000117
0.000646	-0.001242	0.001362
0.001337	0.001919	-0.012892
-0.002512	-0.000817	-0.016361
-0.011091	-0.010962	-0.013138
-0.021808	0.017517	-0.032500
-0.005663	0.011245	-0.023474
0.000720	-0.002686	0.011215
-0.009835	-0.006214	0.015810
-0.008036	0.004584	0.010798
-0.008227	0.003070	0.006706
-0.007830	0.020689	-0.005426
