0.002901	0.006800	-0.006381
-0.010548	0.003768	-0.005563
-0.017562	-0.001497	0.004170
-0.006280	0.006639	0.000633
0.030556	0.011625	0.018511
-0.008123	-0.012902	0.000492
0.012024	-0.016373	0.001769
0.026325	0.005862	0.006857
-0.000286	-0.026296	-0.004240
0.006354	-0.012424	-0.011547
0.006471	-0.005125	0.003459
-0.007543	-0.001064	0.002610
-0.021411	-0.004232	0.000701
-0.004914	-0.001629	-0.007558
-0.004187	0.002979	-0.006501
-0.002395	0.006482	-0.001355
-0.000646	0.001242	-0.001362
-0.006780	0.000652	-0.001790
0.001829	0.000611	-0.000311
-0.005178	0.002641	-0.000736
