0.009674	-0.001148	0.005567
0.013361	-0.010114	0.009645
0.003658	0.001221	-0.000623
-0.009145	-0.003053	0.001556
0.001484	-0.000970	0.006815
0.003430	0.002599	0.000743
-0.001829	-0.000611	0.000311
-0.000536	-0.003095	0.003035
0.003540	-0.001737	0.005139
-0.008843	-0.005875	0.010045
0.000646	-0.001242	0.001362
-0.007088	-0.003820	-0.000120
0.008947	-0.005757	0.004509
-0.000646	0.001242	-0.001362
-0.008947	0.005757	-0.004509
0.005487	0.001832	-0.000934
0.000375	-0.008607	-0.002426
-0.007624	-0.006915	0.002915
0.003460	-0.007588	0.005443
0.006780	-0.000652	0.001790
