0.002306	-0.004396	-0.009919
-0.004683	-0.002810	0.003618
-0.003155	-0.008413	0.002034
-0.001539	-0.005308	-0.001370
-0.003430	0.002599	0.000743
0.001807	0.001591	-0.007496
-0.000345	0.003751	0.003257
0.003166	-0.004700	0.002819
0.004363	-0.001458	0.002142
0.005234	0.006980	0.007450
0.001678	-0.002022	0.004555
-0.010812	-0.005868	0.009125
0.010911	0.001463	-0.006092
-0.003089	0.006837	0.013174
-0.000173	0.002960	0.006821
0.004172	-0.002114	-0.004150
-0.000206	-0.005750	-0.003941
-0.001634	-0.004551	0.000676
-0.004264	-0.000776	0.011275
-0.000037	-0.000722	0.004927
0.000646	0.001242	-0.001362
0.001829	-0.000611	0.000311
0.000518	-0.004541	0.000306
-0.005403	-0.007667	0.004449
