0.001965	-0.004293	-0.001583
-0.000283	-0.003546	0.000833
0.000268	-0.001547	0.001517
0.000077	-0.000033	0.005609
-0.003977	-0.003048	0.005137
0.006736	0.007225	-0.007021
-0.000723	0.000961	0.006136
-0.003555	-0.006831	0.007489
0.000496	-0.000169	0.002882
0.001829	-0.000611	0.000311
0.004356	0.005837	-0.008016
-0.001238	-0.000316	0.000525
-0.001502	-0.002416	0.004087
0.001660	-0.003468	0.001827
-0.000628	0.000204	0.004090
-0.003959	-0.001601	0.007866
0.007859	0.006852	-0.008228
-0.002971	0.001708	0.008552
0.001087	-0.001096	0.003719
-0.002854	-0.003421	0.003929
0.002053	0.004415	-0.003402
0.003500	0.004663	-0.005291
-0.000459	0.003062	0.002575
-0.002909	-0.005589	0.006128
-0.000070	-0.007262	0.004549
0.002743	-0.000916	0.000467
