-0.001072	-0.006189	0.006069
-0.011084	0.000673	-0.002529
0.000646	-0.001242	0.001362
-0.001829	-0.000611	0.000311
-0.006971	-0.000862	-0.005881
0.000000	0.000000	-0.000000
-0.002057	0.000768	0.001676
0.000308	0.004473	-0.001670
-0.000455	0.002756	0.002730
-0.007235	0.003409	0.000941
0.007507	0.003957	0.002847
0.000485	-0.012944	0.001970
-0.004576	-0.007344	-0.004527
0.007617	-0.000380	0.007243
0.003775	0.008520	0.014384
0.002211	0.003639	0.007873
-0.005751	0.002439	0.007756
0.009292	0.000164	0.018150
-0.001880	-0.012309	0.026084
-0.021925	-0.029150	-0.002174
0.015087	0.002128	-0.005221
-0.019016	-0.010715	0.002056
