0.965735	-0.253604	-0.055140	0.249770	0.965915	-0.067989	0.070503	0.051887	0.996161
0.965962	-0.252879	-0.054499	0.249043	0.966068	-0.068483	0.069968	0.052579	0.996163
0.966172	-0.252104	-0.054368	0.248240	0.966240	-0.068975	0.069921	0.053145	0.996136
0.966351	-0.251270	-0.055030	0.247355	0.966450	-0.069204	0.070573	0.053264	0.996084
0.966312	-0.251227	-0.055918	0.247241	0.966456	-0.069533	0.071510	0.053366	0.996011
0.966086	-0.252013	-0.056276	0.247981	0.966240	-0.069900	0.071992	0.053574	0.995965
0.965688	-0.253388	-0.056928	0.249286	0.965869	-0.070387	0.072820	0.053781	0.995894
0.965213	-0.255122	-0.057243	0.250982	0.965408	-0.070675	0.073293	0.053850	0.995856
0.964959	-0.256203	-0.056703	0.252099	0.965124	-0.070585	0.072809	0.053816	0.995893
0.964883	-0.256687	-0.055792	0.252644	0.964993	-0.070428	0.071917	0.053859	0.995955
0.964958	-0.256553	-0.055102	0.252538	0.965011	-0.070565	0.071278	0.054177	0.995984
0.965503	-0.254353	-0.055749	0.250275	0.965572	-0.070938	0.071873	0.054539	0.995922
0.966274	-0.250986	-0.057621	0.246759	0.966431	-0.071568	0.073650	0.054936	0.995770
0.966831	-0.248399	-0.059468	0.244020	0.967077	-0.072226	0.075451	0.055319	0.995614
0.967296	-0.246252	-0.060823	0.241772	0.967617	-0.072548	0.076718	0.055470	0.995509
0.967242	-0.246158	-0.062049	0.241594	0.967646	-0.072750	0.077949	0.055376	0.995418
0.966629	-0.248482	-0.062322	0.243909	0.967070	-0.072691	0.078332	0.055064	0.995405
0.965961	-0.251287	-0.061431	0.246804	0.966373	-0.072184	0.077505	0.054565	0.995498
0.965575	-0.253137	-0.059886	0.248767	0.965897	-0.071824	0.076025	0.054454	0.995618
0.965363	-0.254070	-0.059347	0.249763	0.965672	-0.071384	0.075447	0.054089	0.995682
0.965386	-0.254012	-0.059227	0.249759	0.965720	-0.070754	0.075169	0.053513	0.995734
0.965561	-0.253437	-0.058835	0.249245	0.965891	-0.070223	0.074625	0.053140	0.995795
0.965724	-0.252916	-0.058397	0.248749	0.966021	-0.070201	0.074168	0.053268	0.995822
0.965833	-0.252556	-0.058161	0.248378	0.966094	-0.070507	0.073996	0.053652	0.995814
0.965850	-0.252493	-0.058154	0.248284	0.966087	-0.070935	0.074092	0.054074	0.995784
