0.936667	-0.346827	-0.048645	0.343553	0.936901	-0.064714	0.068020	0.043903	0.996718
0.937247	-0.345141	-0.049444	0.341777	0.937496	-0.065499	0.068960	0.044490	0.996627
0.937391	-0.344671	-0.049992	0.341218	0.937634	-0.066425	0.069769	0.045208	0.996538
0.937082	-0.345502	-0.050053	0.341994	0.937299	-0.067169	0.070122	0.045825	0.996485
0.936832	-0.346145	-0.050287	0.342638	0.937075	-0.067006	0.070316	0.045543	0.996485
0.936756	-0.346300	-0.050637	0.342791	0.937032	-0.066821	0.070589	0.045237	0.996479
0.936856	-0.345906	-0.051487	0.342309	0.937161	-0.067486	0.071595	0.045600	0.996391
0.936850	-0.345851	-0.051948	0.342174	0.937151	-0.068303	0.072306	0.046215	0.996311
0.936866	-0.345762	-0.052263	0.342033	0.937165	-0.068810	0.072771	0.046590	0.996260
0.936857	-0.345667	-0.053035	0.341874	0.937195	-0.069198	0.073624	0.046697	0.996192
0.936798	-0.345766	-0.053443	0.341940	0.937156	-0.069390	0.074077	0.046730	0.996157
0.936832	-0.345668	-0.053477	0.341815	0.937177	-0.069729	0.074221	0.047045	0.996132
0.936905	-0.345451	-0.053601	0.341566	0.937241	-0.070080	0.074447	0.047350	0.996100
0.936937	-0.345397	-0.053377	0.341524	0.937258	-0.070056	0.074226	0.047408	0.996114
0.936869	-0.345556	-0.053553	0.341650	0.937187	-0.070391	0.074513	0.047651	0.996081
0.936646	-0.346175	-0.053452	0.342222	0.936926	-0.071086	0.074688	0.048290	0.996037
0.936351	-0.346985	-0.053362	0.343022	0.936619	-0.071286	0.074715	0.048445	0.996027
0.936125	-0.347581	-0.053450	0.343631	0.936413	-0.071047	0.074746	0.048142	0.996040
0.936190	-0.347461	-0.053098	0.343567	0.936476	-0.070530	0.074231	0.047787	0.996095
0.936398	-0.346922	-0.052952	0.343044	0.936678	-0.070393	0.074020	0.047751	0.996113
0.936422	-0.346810	-0.053268	0.342845	0.936677	-0.071366	0.074645	0.048566	0.996027
0.936356	-0.346895	-0.053861	0.342786	0.936581	-0.072894	0.075732	0.049792	0.995884
0.936586	-0.346219	-0.054207	0.342032	0.936796	-0.073677	0.076289	0.050465	0.995808
0.936967	-0.345133	-0.054558	0.340874	0.937162	-0.074386	0.076803	0.051099	0.995736
0.937100	-0.344734	-0.054788	0.340394	0.937265	-0.075269	0.077299	0.051885	0.995657
