0.997859	-0.062118	0.020459	0.058979	0.989897	0.128942	-0.028262	-0.127459	0.991441
0.997822	-0.062679	0.020579	0.059482	0.989693	0.130270	-0.028532	-0.128762	0.991265
0.997830	-0.062684	0.020135	0.059540	0.989672	0.130404	-0.028101	-0.128922	0.991256
0.997821	-0.062863	0.020031	0.059749	0.989744	0.129759	-0.027983	-0.128279	0.991343
0.997906	-0.061758	0.019203	0.058790	0.989947	0.128642	-0.026955	-0.127244	0.991505
0.997994	-0.060440	0.018846	0.057541	0.990081	0.128174	-0.026406	-0.126832	0.991573
0.998084	-0.059014	0.018613	0.056182	0.990289	0.127168	-0.025937	-0.125879	0.991707
0.998103	-0.058549	0.019028	0.055700	0.990475	0.125925	-0.026219	-0.124626	0.991857
0.998098	-0.058512	0.019395	0.055619	0.990479	0.125928	-0.026579	-0.124609	0.991850
0.998083	-0.058673	0.019716	0.055731	0.990439	0.126191	-0.026931	-0.124850	0.991810
0.998065	-0.059020	0.019565	0.056092	0.990410	0.126262	-0.026829	-0.124920	0.991804
0.998028	-0.059647	0.019555	0.056729	0.990436	0.125771	-0.026870	-0.124414	0.991866
0.997963	-0.060560	0.020067	0.057578	0.990417	0.125538	-0.027477	-0.124127	0.991886
0.997890	-0.061528	0.020758	0.058425	0.990247	0.126482	-0.028337	-0.125002	0.991752
0.997835	-0.062232	0.021295	0.059041	0.990140	0.127032	-0.028991	-0.125500	0.991670
0.997784	-0.062910	0.021654	0.059678	0.990141	0.126722	-0.029413	-0.125149	0.991702
0.997782	-0.062968	0.021576	0.059736	0.990098	0.127036	-0.029362	-0.125466	0.991663
0.997793	-0.062849	0.021424	0.059648	0.990149	0.126680	-0.029175	-0.125122	0.991712
0.997812	-0.062513	0.021513	0.059300	0.990155	0.126790	-0.029228	-0.125237	0.991696
0.997811	-0.062498	0.021602	0.059259	0.990094	0.127290	-0.029344	-0.125731	0.991630
