0.937607	-0.344898	0.044021	0.325249	0.914771	0.239596	-0.122905	-0.210329	0.969874
0.933386	-0.355684	0.047749	0.334956	0.911191	0.239864	-0.128824	-0.207892	0.969632
0.930248	-0.363631	0.049095	0.342257	0.908130	0.241162	-0.132279	-0.207537	0.969242
0.926589	-0.372529	0.051527	0.350014	0.904361	0.244173	-0.137560	-0.208213	0.968362
0.925846	-0.374275	0.052231	0.351305	0.903359	0.246023	-0.139263	-0.209431	0.967856
0.925549	-0.374897	0.053018	0.351519	0.902848	0.247588	-0.140688	-0.210518	0.967414
0.925654	-0.374546	0.053662	0.350918	0.902852	0.248423	-0.141495	-0.211122	0.967164
0.925848	-0.374031	0.053908	0.350261	0.902915	0.249123	-0.141854	-0.211768	0.966970
0.926088	-0.373406	0.054111	0.349551	0.903081	0.249517	-0.142038	-0.212160	0.966857
0.926891	-0.371371	0.054369	0.347589	0.903985	0.248983	-0.141614	-0.211882	0.966981
0.928351	-0.367621	0.054939	0.344059	0.905804	0.247272	-0.140666	-0.210653	0.967387
0.937229	-0.345304	0.048650	0.323777	0.913505	0.246327	-0.129499	-0.215114	0.967965
0.947368	-0.318109	0.036053	0.299607	0.920637	0.250326	-0.112823	-0.226349	0.967490
0.949864	-0.310799	0.034100	0.292622	0.922093	0.253214	-0.110142	-0.230540	0.966809
0.948270	-0.315498	0.035293	0.296693	0.920281	0.255062	-0.112950	-0.231396	0.966280
0.945665	-0.322976	0.037466	0.303291	0.917766	0.256358	-0.117183	-0.231066	0.965855
0.942746	-0.331219	0.039042	0.310606	0.914595	0.258919	-0.121466	-0.231968	0.965110
0.939470	-0.340115	0.041438	0.318472	0.911428	0.260527	-0.126377	-0.231561	0.964577
0.935773	-0.349794	0.044427	0.326925	0.907911	0.262332	-0.132098	-0.230959	0.963954
0.934264	-0.353699	0.045252	0.330145	0.905956	0.265044	-0.134743	-0.232681	0.963174
0.934241	-0.353834	0.044668	0.330248	0.905573	0.266220	-0.134647	-0.233962	0.962877
