0.137830	-0.985360	0.100342	0.985724	0.146356	0.083231	-0.096698	0.087438	0.991466
0.136388	-0.985633	0.099625	0.986129	0.144679	0.081347	-0.094592	0.087149	0.991694
0.136003	-0.985780	0.098697	0.986343	0.144072	0.079815	-0.092899	0.086494	0.991912
0.136640	-0.985798	0.097633	0.986315	0.144563	0.079272	-0.092260	0.085465	0.992060
0.137488	-0.985773	0.096690	0.986207	0.145320	0.079226	-0.092150	0.084464	0.992156
0.138217	-0.985715	0.096242	0.986029	0.146078	0.080055	-0.092971	0.083832	0.992133
0.138390	-0.985697	0.096173	0.985903	0.146334	0.081125	-0.094038	0.083591	0.992053
0.138349	-0.985722	0.095974	0.985867	0.146314	0.081601	-0.094478	0.083329	0.992033
0.138270	-0.985730	0.096004	0.985886	0.146231	0.081514	-0.094390	0.083378	0.992038
0.137632	-0.985786	0.096350	0.986026	0.145581	0.080991	-0.093867	0.083856	0.992047
0.137159	-0.985855	0.096313	0.986096	0.145105	0.080992	-0.093822	0.083865	0.992050
0.137116	-0.985902	0.095900	0.986013	0.145107	0.081986	-0.094746	0.083317	0.992009
0.136818	-0.985933	0.096008	0.986003	0.144865	0.082538	-0.095285	0.083371	0.991953
0.136468	-0.985961	0.096212	0.986014	0.144568	0.082923	-0.095668	0.083550	0.991901
0.136398	-0.985916	0.096769	0.986022	0.144546	0.082864	-0.095685	0.084114	0.991851
0.136380	-0.985874	0.097229	0.986008	0.144581	0.082971	-0.095856	0.084553	0.991798
0.136139	-0.985857	0.097730	0.986002	0.144419	0.083328	-0.096264	0.085018	0.991718
0.135660	-0.985886	0.098105	0.986006	0.144030	0.083945	-0.096890	0.085344	0.991629
0.135342	-0.985874	0.098662	0.985990	0.143815	0.084506	-0.097502	0.085843	0.991526
0.135258	-0.985840	0.099121	0.985924	0.143838	0.085229	-0.098279	0.086198	0.991419
0.135267	-0.985868	0.098832	0.985854	0.143884	0.085966	-0.098971	0.085806	0.991384
0.135044	-0.985900	0.098812	0.985929	0.143621	0.085540	-0.098526	0.085870	0.991423
0.134877	-0.985888	0.099160	0.986038	0.143410	0.084631	-0.097657	0.086361	0.991466
0.134839	-0.985875	0.099345	0.986143	0.143299	0.083587	-0.096642	0.086698	0.991536
0.134942	-0.985866	0.099295	0.986222	0.143313	0.082626	-0.095689	0.086777	0.991622
