0.546494	-0.830310	0.109217	0.833092	0.552306	0.030265	-0.085451	0.074448	0.993557
0.546329	-0.830445	0.109022	0.833131	0.552194	0.031211	-0.086120	0.073779	0.993549
0.545867	-0.830766	0.108892	0.833340	0.551809	0.032425	-0.087026	0.073044	0.993525
0.545588	-0.830970	0.108731	0.833417	0.551612	0.033754	-0.088026	0.072202	0.993498
0.545521	-0.831049	0.108462	0.833391	0.551591	0.034732	-0.088691	0.071444	0.993494
0.545362	-0.831160	0.108415	0.833448	0.551468	0.035307	-0.089133	0.071103	0.993479
0.545047	-0.831348	0.108559	0.833657	0.551159	0.035209	-0.089105	0.071311	0.993466
0.544762	-0.831498	0.108837	0.833896	0.550844	0.034462	-0.088607	0.071985	0.993462
0.544683	-0.831532	0.108972	0.834075	0.550667	0.032949	-0.087405	0.072944	0.993499
0.544596	-0.831568	0.109132	0.834275	0.550465	0.031205	-0.086022	0.074051	0.993537
0.544399	-0.831644	0.109536	0.834516	0.550186	0.029661	-0.084932	0.075262	0.993540
0.544058	-0.831815	0.109930	0.834836	0.549771	0.028273	-0.083954	0.076392	0.993537
0.543787	-0.831935	0.110361	0.835059	0.549474	0.027477	-0.083499	0.077217	0.993512
0.543560	-0.832102	0.110219	0.835234	0.549218	0.027275	-0.083230	0.077233	0.993533
0.543110	-0.832414	0.110084	0.835602	0.548695	0.026501	-0.082463	0.077594	0.993569
0.542578	-0.832716	0.110417	0.836013	0.548115	0.025554	-0.081800	0.078445	0.993557
0.542115	-0.832969	0.110787	0.836327	0.547652	0.025198	-0.081662	0.078994	0.993525
0.541980	-0.833026	0.111023	0.836371	0.547567	0.025586	-0.082107	0.078989	0.993488
0.541932	-0.832980	0.111601	0.836324	0.547611	0.026149	-0.082896	0.079164	0.993409
0.541956	-0.832897	0.112097	0.836215	0.547740	0.026932	-0.083832	0.079141	0.993332
0.541764	-0.832990	0.112335	0.836283	0.547609	0.027466	-0.084395	0.079064	0.993291
0.541250	-0.833236	0.112983	0.836574	0.547159	0.027581	-0.084801	0.079590	0.993214
0.540657	-0.833595	0.113176	0.836863	0.546663	0.028629	-0.085734	0.079234	0.993162
0.540043	-0.834057	0.112705	0.837088	0.546190	0.030972	-0.087391	0.077618	0.993146
0.539496	-0.834523	0.111873	0.837296	0.545741	0.033211	-0.088769	0.075753	0.993167
0.539073	-0.834864	0.111365	0.837486	0.545368	0.034510	-0.089547	0.074663	0.993180
