0.898284	-0.430506	0.088033	0.436565	0.897145	-0.067400	-0.049962	0.098977	0.993835
0.898219	-0.430674	0.087876	0.436711	0.897083	-0.067273	-0.049859	0.098802	0.993857
0.898179	-0.430819	0.087579	0.436818	0.897042	-0.067118	-0.049646	0.098540	0.993894
0.898130	-0.430983	0.087272	0.436970	0.896941	-0.067486	-0.049192	0.098746	0.993896
0.898204	-0.430909	0.086874	0.436898	0.896912	-0.068325	-0.048477	0.099325	0.993874
0.898393	-0.430561	0.086647	0.436565	0.897017	-0.069080	-0.047981	0.099888	0.993841
0.898519	-0.430338	0.086445	0.436351	0.897072	-0.069713	-0.047547	0.100359	0.993815
0.898504	-0.430367	0.086464	0.436421	0.896974	-0.070531	-0.047202	0.101107	0.993755
0.898482	-0.430433	0.086355	0.436511	0.896872	-0.071261	-0.046777	0.101721	0.993713
0.898546	-0.430316	0.086274	0.436395	0.896913	-0.071463	-0.046629	0.101863	0.993705
0.898589	-0.430334	0.085730	0.436376	0.896890	-0.071859	-0.045967	0.101983	0.993724
0.898358	-0.430874	0.085448	0.436925	0.896553	-0.072721	-0.045275	0.102664	0.993685
0.898346	-0.430800	0.085942	0.436933	0.896495	-0.073389	-0.045430	0.103479	0.993594
0.898453	-0.430556	0.086042	0.436688	0.896635	-0.073135	-0.045659	0.103281	0.993604
0.898449	-0.430524	0.086249	0.436657	0.896689	-0.072661	-0.046056	0.102944	0.993620
0.898288	-0.430792	0.086581	0.436954	0.896551	-0.072578	-0.046358	0.103028	0.993598
0.898229	-0.430854	0.086885	0.437027	0.896549	-0.072153	-0.046809	0.102782	0.993602
0.898045	-0.431215	0.087003	0.437372	0.896429	-0.071562	-0.047133	0.102318	0.993634
0.897867	-0.431487	0.087484	0.437666	0.896331	-0.070983	-0.047787	0.102022	0.993634
0.897747	-0.431702	0.087657	0.437853	0.896313	-0.070055	-0.048325	0.101272	0.993684
0.897520	-0.432231	0.087374	0.438293	0.896192	-0.068845	-0.048547	0.100085	0.993794
0.897321	-0.432621	0.087487	0.438660	0.896065	-0.068149	-0.048912	0.099529	0.993832
0.897099	-0.433002	0.087882	0.439058	0.895903	-0.067716	-0.049412	0.099333	0.993827
0.897050	-0.432989	0.088439	0.439088	0.895907	-0.067467	-0.050020	0.099353	0.993794
0.897077	-0.432833	0.088932	0.438992	0.895939	-0.067671	-0.050387	0.099747	0.993736
