0.845545	0.529660	0.067179	-0.533594	0.842624	0.072538	-0.018186	-0.097180	0.995101
0.847440	0.528113	0.054241	-0.530887	0.843404	0.082637	-0.002106	-0.098826	0.995103
0.850002	0.525094	0.042108	-0.526662	0.845399	0.089037	0.011155	-0.097859	0.995138
0.852847	0.521083	0.033546	-0.521811	0.848157	0.091345	0.019146	-0.095408	0.995254
0.856099	0.516121	0.026717	-0.516133	0.851181	0.095380	0.026487	-0.095445	0.995082
0.859893	0.510042	0.021024	-0.509365	0.854580	0.101200	0.033650	-0.097730	0.994644
0.863226	0.504488	0.018246	-0.503402	0.857538	0.105904	0.037781	-0.100604	0.994209
0.865458	0.500597	0.019603	-0.499554	0.859383	0.109112	0.037775	-0.104225	0.993836
0.867277	0.497339	0.022005	-0.496448	0.860747	0.112487	0.037003	-0.108482	0.993410
0.869192	0.493871	0.024445	-0.493188	0.862304	0.114880	0.035657	-0.111908	0.993079
0.870922	0.490689	0.026832	-0.490311	0.863989	0.114531	0.033017	-0.112904	0.993057
0.871680	0.489162	0.029890	-0.489259	0.865092	0.110640	0.028263	-0.111066	0.993411
0.871354	0.489576	0.032510	-0.490098	0.865297	0.105192	0.023369	-0.107593	0.993920
0.870766	0.490476	0.034656	-0.491317	0.865151	0.100601	0.019360	-0.104627	0.994323
0.870063	0.491659	0.035525	-0.492621	0.864643	0.098572	0.017747	-0.103264	0.994496
0.869848	0.492085	0.034883	-0.492956	0.864312	0.099794	0.018957	-0.104001	0.994397
0.869993	0.491881	0.034139	-0.492594	0.864053	0.103746	0.021533	-0.107075	0.994018
0.870277	0.491305	0.035172	-0.492007	0.863687	0.109424	0.023383	-0.112534	0.993373
0.870404	0.490894	0.037684	-0.491756	0.863102	0.115029	0.023942	-0.118653	0.992647
0.870977	0.489780	0.038904	-0.490680	0.863058	0.119847	0.025122	-0.123474	0.992030
0.871651	0.488492	0.040001	-0.489464	0.863325	0.122862	0.025484	-0.126672	0.991617
0.871994	0.487789	0.041094	-0.488849	0.863346	0.125138	0.025562	-0.129209	0.991288
0.872196	0.487332	0.042207	-0.488506	0.863341	0.126509	0.025213	-0.130959	0.991067
0.872430	0.486883	0.042562	-0.488100	0.863526	0.126810	0.024988	-0.131407	0.991013
0.872428	0.486818	0.043334	-0.488178	0.863726	0.125140	0.023492	-0.130331	0.991192
0.871994	0.487428	0.045171	-0.489103	0.863746	0.121335	0.020126	-0.127897	0.991583
