0.764989	-0.628925	0.138730	0.622899	0.777246	0.088798	-0.163674	0.018485	0.986341
0.764248	-0.629758	0.139031	0.624253	0.776501	0.085765	-0.161969	0.021245	0.986567
0.763988	-0.630019	0.139281	0.624764	0.776250	0.084289	-0.161221	0.022622	0.986659
0.764143	-0.629611	0.140271	0.624567	0.776537	0.083106	-0.161250	0.024104	0.986619
0.764886	-0.628311	0.142038	0.623730	0.777491	0.080426	-0.160966	0.027076	0.986589
0.765674	-0.626706	0.144855	0.623263	0.778523	0.073790	-0.159018	0.033784	0.986697
0.766298	-0.625437	0.147024	0.623034	0.779262	0.067675	-0.156897	0.039742	0.986815
0.766491	-0.625090	0.147492	0.623143	0.779413	0.064880	-0.155513	0.042179	0.986933
0.766212	-0.625799	0.145930	0.623356	0.779004	0.067680	-0.156034	0.039109	0.986977
0.765802	-0.626790	0.143814	0.623360	0.778474	0.073494	-0.158021	0.033366	0.986872
0.765312	-0.627960	0.141297	0.623342	0.777795	0.080490	-0.160444	0.026476	0.986690
0.764330	-0.629772	0.138518	0.624176	0.776509	0.086246	-0.161876	0.020539	0.986597
0.763113	-0.631664	0.136600	0.625588	0.775046	0.089121	-0.162166	0.017446	0.986609
0.762106	-0.633007	0.136001	0.627005	0.773945	0.088734	-0.161427	0.017649	0.986727
0.761204	-0.633906	0.136861	0.628240	0.773155	0.086869	-0.160882	0.019856	0.986774
0.760859	-0.634037	0.138170	0.628602	0.772999	0.085635	-0.161101	0.021698	0.986699
0.761021	-0.633507	0.139702	0.628099	0.773407	0.085630	-0.162293	0.022581	0.986484
0.761286	-0.633061	0.140274	0.627538	0.773781	0.086361	-0.163213	0.022282	0.986339
0.761369	-0.633075	0.139761	0.627462	0.773789	0.086841	-0.163123	0.021577	0.986370
0.761395	-0.633158	0.139243	0.627595	0.773722	0.086474	-0.162487	0.021547	0.986475
0.761188	-0.633555	0.138565	0.628118	0.773389	0.085654	-0.161432	0.021837	0.986642
0.761000	-0.633916	0.137948	0.628533	0.773095	0.085272	-0.160702	0.021813	0.986762
0.761061	-0.633998	0.137229	0.628583	0.773042	0.085385	-0.160218	0.021276	0.986852
0.761249	-0.633866	0.136801	0.628309	0.773175	0.086185	-0.160401	0.020345	0.986842
0.761663	-0.633394	0.136680	0.627709	0.773581	0.086912	-0.160783	0.019598	0.986795
0.761998	-0.632859	0.137289	0.627263	0.774001	0.086391	-0.160935	0.020287	0.986756
