-0.886885	0.425475	0.180018	-0.461023	-0.840275	-0.285297	0.029878	-0.336018	0.941382
-0.886785	0.425660	0.180073	-0.461211	-0.840234	-0.285115	0.029942	-0.335887	0.941426
-0.886646	0.425905	0.180176	-0.461470	-0.840177	-0.284863	0.030055	-0.335719	0.941483
-0.886561	0.426001	0.180370	-0.461622	-0.840145	-0.284712	0.030249	-0.335677	0.941491
-0.886451	0.426091	0.180695	-0.461811	-0.840106	-0.284522	0.030571	-0.335662	0.941486
-0.886404	0.426126	0.180842	-0.461892	-0.840089	-0.284440	0.030716	-0.335659	0.941483
-0.886312	0.426336	0.180798	-0.462070	-0.840048	-0.284270	0.030684	-0.335493	0.941543
-0.886260	0.426555	0.180537	-0.462186	-0.840020	-0.284165	0.030443	-0.335286	0.941624
-0.886279	0.426744	0.179998	-0.462184	-0.840016	-0.284181	0.029929	-0.335056	0.941723
-0.886320	0.426846	0.179555	-0.462133	-0.840023	-0.284242	0.029503	-0.334908	0.941789
-0.886320	0.426892	0.179443	-0.462139	-0.840021	-0.284239	0.029397	-0.334855	0.941811
-0.886281	0.426883	0.179659	-0.462201	-0.840009	-0.284174	0.029607	-0.334897	0.941790
-0.886296	0.426840	0.179686	-0.462170	-0.840016	-0.284202	0.029630	-0.334933	0.941776
-0.886267	0.427064	0.179294	-0.462249	-0.839995	-0.284137	0.029261	-0.334700	0.941870
-0.886212	0.427075	0.179541	-0.462339	-0.839977	-0.284044	0.029503	-0.334732	0.941851
-0.886189	0.427092	0.179615	-0.462379	-0.839969	-0.284003	0.029575	-0.334731	0.941850
-0.886158	0.427154	0.179619	-0.462438	-0.839955	-0.283947	0.029583	-0.334685	0.941866
-0.885986	0.427323	0.180064	-0.462738	-0.839892	-0.283646	0.030026	-0.334630	0.941871
-0.885821	0.427377	0.180748	-0.463011	-0.839836	-0.283365	0.030695	-0.334699	0.941825
-0.885803	0.427281	0.181060	-0.463024	-0.839836	-0.283344	0.030993	-0.334822	0.941772
-0.885812	0.427307	0.180960	-0.463015	-0.839837	-0.283356	0.030897	-0.334787	0.941787
-0.885804	0.427351	0.180891	-0.463033	-0.839832	-0.283340	0.030832	-0.334742	0.941805
-0.885682	0.427646	0.180793	-0.463272	-0.839777	-0.283112	0.030754	-0.334503	0.941893
-0.885521	0.428048	0.180629	-0.463589	-0.839704	-0.282812	0.030618	-0.334174	0.942014
