0.878848	-0.465030	0.106645	0.466554	0.884415	0.011718	-0.099768	0.039457	0.994228
0.878884	-0.464957	0.106670	0.466550	0.884426	0.011034	-0.099472	0.040069	0.994233
0.878924	-0.464880	0.106671	0.466526	0.884445	0.010496	-0.099224	0.040540	0.994239
0.878994	-0.464671	0.107005	0.466413	0.884514	0.009660	-0.099136	0.041417	0.994212
0.878738	-0.465055	0.107444	0.466880	0.884275	0.009037	-0.099213	0.042222	0.994170
0.878688	-0.465022	0.107989	0.466941	0.884249	0.008338	-0.099366	0.043098	0.994117
0.878796	-0.464699	0.108503	0.466691	0.884386	0.007811	-0.099588	0.043773	0.994065
0.878485	-0.465180	0.108958	0.467170	0.884131	0.008059	-0.100082	0.043823	0.994014
0.878047	-0.466016	0.108913	0.467936	0.883719	0.008789	-0.100345	0.043247	0.994012
0.877954	-0.466280	0.108537	0.468065	0.883638	0.009977	-0.100560	0.042043	0.994042
0.877772	-0.466710	0.108154	0.468290	0.883495	0.011868	-0.101092	0.040230	0.994063
0.877428	-0.467429	0.107841	0.468731	0.883222	0.014517	-0.102033	0.037811	0.994062
0.876941	-0.468551	0.106937	0.469652	0.882703	0.016216	-0.101992	0.036002	0.994134
0.876601	-0.469176	0.106977	0.470259	0.882375	0.016450	-0.102112	0.035887	0.994125
0.876416	-0.469514	0.107012	0.470574	0.882202	0.016711	-0.102252	0.035712	0.994117
0.876560	-0.469208	0.107174	0.470132	0.882411	0.018063	-0.103047	0.034552	0.994076
0.876912	-0.468466	0.107545	0.469208	0.882864	0.019877	-0.104259	0.033031	0.994002
0.877303	-0.467671	0.107813	0.468250	0.883335	0.021465	-0.105273	0.031652	0.993939
0.877537	-0.467181	0.108034	0.467645	0.883628	0.022570	-0.106006	0.030715	0.993891
0.877571	-0.467064	0.108263	0.467492	0.883699	0.022961	-0.106396	0.030462	0.993857
0.877527	-0.467060	0.108632	0.467535	0.883685	0.022640	-0.106570	0.030922	0.993824
0.877501	-0.467033	0.108961	0.467572	0.883678	0.022134	-0.106624	0.031524	0.993800
0.877566	-0.466813	0.109377	0.467420	0.883771	0.021610	-0.106752	0.032161	0.993765
0.877587	-0.466720	0.109604	0.467373	0.883805	0.021253	-0.106787	0.032574	0.993748
0.877380	-0.467084	0.109709	0.467801	0.883591	0.020703	-0.106608	0.033158	0.993748
