-0.765153	-0.637570	0.089688	0.643653	-0.760893	0.082177	0.015850	0.120606	0.992574
-0.765606	-0.637069	0.089391	0.643129	-0.761259	0.082888	0.015244	0.120950	0.992542
-0.765899	-0.636717	0.089390	0.642778	-0.761560	0.082842	0.015329	0.120906	0.992546
-0.766249	-0.636317	0.089232	0.642363	-0.761898	0.082950	0.015203	0.120880	0.992551
-0.766443	-0.636108	0.089063	0.642141	-0.762040	0.083364	0.014841	0.121084	0.992531
-0.766350	-0.636236	0.088946	0.642263	-0.761875	0.083933	0.014365	0.121449	0.992494
-0.766207	-0.636459	0.088582	0.642447	-0.761665	0.084424	0.013737	0.121595	0.992485
-0.766274	-0.636452	0.088056	0.642377	-0.761709	0.084561	0.013254	0.121362	0.992520
-0.766564	-0.636152	0.087690	0.642028	-0.762067	0.083991	0.013395	0.120684	0.992601
-0.766919	-0.635784	0.087256	0.641604	-0.762468	0.083590	0.013385	0.120090	0.992673
-0.767240	-0.635479	0.086656	0.641229	-0.762779	0.083627	0.012957	0.119728	0.992722
-0.767510	-0.635243	0.085991	0.640927	-0.762927	0.084583	0.011874	0.120033	0.992699
-0.767796	-0.634966	0.085481	0.640605	-0.763054	0.085866	0.010704	0.120687	0.992633
-0.767980	-0.634813	0.084967	0.640402	-0.763105	0.086928	0.009656	0.121172	0.992585
-0.768115	-0.634722	0.084423	0.640249	-0.763186	0.087340	0.008993	0.121139	0.992595
-0.768369	-0.634489	0.083854	0.639948	-0.763442	0.087301	0.008626	0.120742	0.992646
-0.768654	-0.634190	0.083509	0.639601	-0.763832	0.086430	0.008974	0.119848	0.992752
-0.768997	-0.633835	0.083043	0.639185	-0.764272	0.085617	0.009200	0.118919	0.992861
-0.769223	-0.633605	0.082710	0.638911	-0.764573	0.084970	0.009400	0.118205	0.992945
-0.769210	-0.633613	0.082773	0.638918	-0.764667	0.084072	0.010025	0.117554	0.993016
-0.769150	-0.633754	0.082238	0.638983	-0.764754	0.082772	0.010435	0.116213	0.993170
-0.769145	-0.633843	0.081602	0.638980	-0.764922	0.081230	0.010932	0.114620	0.993349
-0.769174	-0.633850	0.081277	0.638941	-0.765049	0.080345	0.011254	0.113730	0.993448
-0.769458	-0.633526	0.081115	0.638601	-0.765319	0.080471	0.011098	0.113719	0.993451
-0.769586	-0.633409	0.080811	0.638461	-0.765328	0.081490	0.010230	0.114308	0.993393
