-0.252304	0.923507	0.288924	-0.957400	-0.281584	0.063992	0.140454	-0.260470	0.955211
-0.252361	0.923608	0.288553	-0.957455	-0.281484	0.063615	0.139979	-0.260222	0.955348
-0.252725	0.923623	0.288185	-0.957415	-0.281703	0.063237	0.139590	-0.259931	0.955484
-0.252671	0.923804	0.287651	-0.957490	-0.281502	0.063003	0.139177	-0.259504	0.955661
-0.251781	0.924116	0.287428	-0.957835	-0.280426	0.062559	0.138414	-0.259557	0.955757
-0.250837	0.924460	0.287150	-0.958203	-0.279274	0.062073	0.137578	-0.259577	0.955872
-0.250176	0.924824	0.286554	-0.958535	-0.278297	0.061325	0.136462	-0.259330	0.956099
-0.249686	0.925156	0.285907	-0.958880	-0.277369	0.060125	0.134927	-0.259139	0.956369
-0.249752	0.925204	0.285697	-0.959018	-0.277119	0.059067	0.133821	-0.259236	0.956498
-0.250175	0.925103	0.285651	-0.958995	-0.277354	0.058340	0.133197	-0.259342	0.956556
-0.250295	0.925020	0.285815	-0.959075	-0.277261	0.057452	0.132390	-0.259738	0.956561
-0.249998	0.925052	0.285972	-0.959251	-0.276792	0.056773	0.131673	-0.260126	0.956555
-0.249207	0.925170	0.286282	-0.959586	-0.275794	0.055962	0.130729	-0.260766	0.956510
-0.248723	0.925037	0.287131	-0.959812	-0.275179	0.055110	0.129992	-0.261885	0.956305
-0.248562	0.925064	0.287182	-0.959897	-0.274940	0.054819	0.129669	-0.262039	0.956306
-0.248428	0.925134	0.287072	-0.959971	-0.274725	0.054600	0.129378	-0.262017	0.956352
-0.248601	0.925054	0.287181	-0.959968	-0.274814	0.054212	0.129071	-0.262208	0.956341
-0.248705	0.925008	0.287237	-0.959892	-0.275015	0.054524	0.129429	-0.262156	0.956306
-0.248863	0.925048	0.286972	-0.959794	-0.275266	0.054978	0.129851	-0.261752	0.956360
-0.249051	0.924897	0.287297	-0.959681	-0.275596	0.055303	0.130328	-0.261941	0.956244
-0.248647	0.925007	0.287292	-0.959653	-0.275474	0.056389	0.131302	-0.261680	0.956182
-0.247533	0.925261	0.287434	-0.959893	-0.274508	0.057010	0.131652	-0.261794	0.956102
-0.246982	0.925445	0.287318	-0.960063	-0.273917	0.057000	0.131452	-0.261765	0.956138
-0.246843	0.925483	0.287315	-0.960094	-0.273791	0.057070	0.131482	-0.261762	0.956134
-0.246806	0.925493	0.287314	-0.960021	-0.273920	0.057679	0.132083	-0.261592	0.956098
