-0.999398	-0.002941	0.034580	0.005073	-0.998079	0.061752	0.034332	0.061890	0.997492
-0.999382	-0.002993	0.035008	0.005150	-0.998081	0.061706	0.034756	0.061848	0.997480
-0.999373	-0.002829	0.035274	0.005003	-0.998081	0.061712	0.035032	0.061850	0.997470
-0.999382	-0.002515	0.035052	0.004694	-0.998052	0.062201	0.034827	0.062327	0.997448
-0.999373	-0.002162	0.035344	0.004364	-0.998046	0.062338	0.035140	0.062454	0.997429
-0.999358	-0.002225	0.035760	0.004447	-0.998055	0.062172	0.035552	0.062291	0.997425
-0.999346	-0.002403	0.036064	0.004640	-0.998061	0.062069	0.035845	0.062195	0.997420
-0.999338	-0.002727	0.036284	0.005001	-0.998018	0.062731	0.036041	0.062871	0.997371
-0.999360	-0.002660	0.035657	0.004890	-0.998028	0.062576	0.035421	0.062710	0.997403
-0.999369	-0.002103	0.035448	0.004281	-0.998100	0.061463	0.035252	0.061576	0.997480
-0.999366	-0.001901	0.035540	0.004086	-0.998098	0.061509	0.035355	0.061615	0.997474
-0.999379	-0.001557	0.035193	0.003773	-0.998007	0.062981	0.035025	0.063075	0.997394
-0.999395	-0.001381	0.034737	0.003637	-0.997880	0.064973	0.034574	0.065060	0.997282
-0.999411	-0.001071	0.034300	0.003344	-0.997795	0.066283	0.034153	0.066359	0.997211
-0.999427	-0.000451	0.033840	0.002723	-0.997740	0.067132	0.033733	0.067186	0.997170
-0.999443	0.000376	0.033367	0.001871	-0.997731	0.067291	0.033317	0.067316	0.997175
-0.999448	0.001222	0.033176	0.000989	-0.997783	0.066541	0.033183	0.066537	0.997232
-0.999455	0.001968	0.032939	0.000203	-0.997835	0.065765	0.032997	0.065736	0.997291
-0.999463	0.002470	0.032679	-0.000331	-0.997864	0.065317	0.032771	0.065272	0.997329
-0.999466	0.002766	0.032539	-0.000640	-0.997875	0.065147	0.032650	0.065092	0.997345
-0.999457	0.002985	0.032804	-0.000857	-0.997905	0.064694	0.032928	0.064630	0.997366
-0.999445	0.002986	0.033176	-0.000844	-0.997924	0.064398	0.033300	0.064334	0.997373
-0.999435	0.002819	0.033493	-0.000655	-0.997922	0.064418	0.033605	0.064360	0.997361
-0.999434	0.002675	0.033515	-0.000499	-0.997900	0.064770	0.033618	0.064717	0.997337
-0.999432	0.002800	0.033584	-0.000611	-0.997883	0.065033	0.033695	0.064976	0.997318
-0.999425	0.003029	0.033752	-0.000825	-0.997877	0.065112	0.033878	0.065047	0.997307
