0.877086	-0.467604	0.109845	0.469907	0.882699	0.005509	-0.099536	0.046785	0.993933
0.877108	-0.467510	0.110068	0.469858	0.882727	0.005152	-0.099569	0.047198	0.993911
0.877392	-0.466965	0.110118	0.469303	0.883022	0.005246	-0.099686	0.047076	0.993905
0.877582	-0.466525	0.110475	0.468844	0.883264	0.005578	-0.100181	0.046900	0.993863
0.877626	-0.466336	0.110921	0.468747	0.883319	0.004864	-0.100247	0.047725	0.993817
0.877776	-0.466057	0.110909	0.468586	0.883411	0.003665	-0.099686	0.048753	0.993824
0.878068	-0.465506	0.110907	0.468200	0.883620	0.001972	-0.098917	0.050195	0.993829
0.878263	-0.465229	0.110526	0.468073	0.883690	0.000242	-0.097784	0.051522	0.993873
0.878360	-0.465187	0.109931	0.468075	0.883688	-0.000531	-0.096897	0.051923	0.993939
0.878316	-0.465368	0.109515	0.468144	0.883652	0.000411	-0.096965	0.050908	0.993985
0.877795	-0.466401	0.109297	0.468995	0.883198	0.002224	-0.097568	0.049307	0.994007
0.877109	-0.467753	0.109022	0.470164	0.882570	0.004030	-0.098104	0.047723	0.994031
0.876660	-0.468614	0.108945	0.470930	0.882157	0.005010	-0.098454	0.046913	0.994035
0.876534	-0.468904	0.108707	0.471095	0.882061	0.006173	-0.098781	0.045801	0.994055
0.876591	-0.468934	0.108113	0.470915	0.882142	0.008016	-0.099130	0.043885	0.994106
0.876590	-0.469160	0.107137	0.470889	0.882134	0.010133	-0.099263	0.041567	0.994193
0.876444	-0.469606	0.106379	0.471123	0.881986	0.011969	-0.099445	0.039628	0.994254
0.876349	-0.469875	0.105971	0.471282	0.881888	0.012928	-0.099529	0.038613	0.994285
0.876412	-0.469726	0.106114	0.471087	0.881985	0.013426	-0.099898	0.038222	0.994263
0.876620	-0.469337	0.106116	0.470672	0.882203	0.013664	-0.100029	0.037968	0.994260
0.876571	-0.469458	0.105983	0.470849	0.882117	0.013062	-0.099622	0.038452	0.994282
0.876426	-0.469539	0.106816	0.471118	0.881995	0.011524	-0.099622	0.040223	0.994212
0.876470	-0.469337	0.107347	0.471062	0.882040	0.010269	-0.099504	0.041567	0.994169
0.876663	-0.468960	0.107419	0.470706	0.882233	0.010068	-0.099491	0.041736	0.994163
0.876732	-0.468772	0.107672	0.470471	0.882351	0.010627	-0.099986	0.041339	0.994130
