-0.002703	0.002010	0.000315
-0.001976	0.006618	0.001372
0.001487	0.002678	0.001736
0.004161	-0.010999	0.009003
-0.008069	0.006784	-0.009592
0.000650	0.004576	0.006667
0.001711	-0.002348	0.005450
0.001961	-0.001525	-0.003722
0.001829	0.000611	-0.000311
0.009505	0.001710	0.004051
0.000243	-0.008642	-0.009399
0.007753	0.003302	0.009137
0.004003	0.004972	0.002635
0.001197	-0.003241	0.000677
0.003405	-0.005420	0.003245
0.002207	-0.002179	0.002568
0.004216	0.008687	-0.001081
0.001975	0.017406	-0.003270
-0.002145	0.009476	-0.000144
-0.003996	0.006664	0.007975
-0.007084	0.001997	0.005185
-0.008954	-0.001539	0.005648
-0.002167	0.007274	0.007664
-0.010493	0.001600	-0.003365
-0.002358	0.005760	0.003572
0.002460	0.006632	0.009084
