0.004734	-0.008626	0.010895
0.001752	0.000577	0.005298
0.000742	-0.000485	0.003408
0.001025	-0.004031	0.004241
-0.001238	0.000316	-0.000525
-0.000896	-0.001751	-0.002573
0.002075	-0.000044	0.005979
0.002093	-0.001490	0.003250
-0.000228	0.001378	0.001365
0.002799	-0.001252	0.001731
0.002475	-0.000631	0.001050
0.001142	-0.001073	-0.001521
0.003276	0.000363	0.001577
-0.000228	0.001378	0.001365
-0.001142	0.001073	0.001521
-0.000228	0.001378	0.001365
-0.001238	0.000316	-0.000525
0.000628	0.000204	0.004090
-0.001601	-0.001989	-0.001054
0.004705	0.001561	0.006195
-0.001293	0.002484	-0.002723
0.000856	-0.001174	0.002725
0.002993	0.003909	0.000744
0.000646	-0.001242	0.001362
-0.001924	-0.001368	-0.001735
