-0.008815	0.027646	-0.009819
-0.005660	0.019233	-0.007785
-0.000555	0.022376	0.003865
-0.000863	0.017903	0.005534
0.016240	0.018509	0.009173
0.012149	-0.003949	-0.003767
0.010434	-0.005249	-0.004138
0.007984	0.003402	-0.007691
-0.000712	-0.009703	0.001293
0.002123	-0.013847	-0.002433
0.007937	-0.002479	0.023387
0.007154	-0.007089	0.009747
0.005582	0.002589	0.001112
0.004415	-0.004358	0.005135
-0.009820	-0.013478	0.007776
0.000467	-0.011498	0.004699
0.017954	0.041663	-0.002738
0.021220	0.028913	0.003693
0.025943	0.026858	-0.003225
0.027408	0.022994	-0.014449
0.037008	0.027631	0.002032
0.034548	0.020998	-0.007052
0.027889	0.006402	-0.007400
0.027027	0.000281	0.000033
0.020905	-0.006880	0.017418
0.017779	-0.006484	0.030469
