0.000378	-0.002789	0.002879
0.001050	0.003988	0.001738
-0.000283	0.003546	-0.000833
0.000801	0.000994	0.000527
0.000702	-0.003410	0.003560
-0.003217	0.001116	-0.004458
0.004176	0.005762	-0.000929
-0.003518	0.006109	-0.002563
0.000767	0.007534	0.000905
0.001381	0.012832	0.002645
0.002541	0.010313	-0.001604
-0.001576	0.006031	-0.003556
-0.000074	0.003615	0.000530
-0.000455	0.002756	0.002730
-0.001102	0.003998	0.001369
-0.001829	-0.000611	0.000311
-0.000481	-0.005263	0.005233
0.000184	-0.007951	0.003866
0.001994	-0.005894	0.006283
-0.000426	-0.007431	0.007431
-0.001282	-0.006257	0.004706
-0.003070	-0.003942	0.004865
-0.004638	-0.012471	0.003433
0.000334	-0.009362	0.008110
-0.002350	-0.008799	0.005696
