0.000342	-0.002067	-0.002048
-0.001524	0.000215	0.003721
-0.000327	-0.003027	0.004398
-0.000610	0.000520	0.003565
-0.002743	-0.000916	0.000467
-0.002648	-0.000159	0.002513
0.001050	0.006158	0.012122
0.004436	0.000014	0.007712
-0.003574	0.008277	-0.004761
-0.000110	0.004337	-0.004396
0.001333	0.000441	0.002571
0.002681	-0.004211	0.007493
0.000646	-0.001242	0.001362
-0.003889	-0.005661	-0.003317
-0.000624	0.005614	0.001215
-0.000059	-0.001479	0.002881
-0.000455	0.002756	0.002730
0.000364	0.002304	0.000529
-0.000646	0.001242	-0.001362
0.000459	0.003062	0.002575
0.000323	-0.000621	0.000681
0.002321	-0.002868	0.001885
-0.000536	-0.003095	0.003035
0.000305	0.000825	0.003409
-0.001708	0.008166	-0.000145
