0.002475	-0.000631	0.001050
0.001296	0.001164	-0.002356
0.001770	-0.000869	0.002569
0.001238	-0.000316	0.000525
0.000000	0.000000	-0.000000
0.000646	-0.001242	0.001362
0.001715	0.001300	0.000371
-0.000566	0.007093	-0.001666
0.001906	0.002814	0.004463
0.000628	0.000204	0.004090
0.000000	0.000000	-0.000000
-0.000492	0.003478	-0.002196
-0.000724	0.001209	0.004248
0.001256	0.000408	0.008180
-0.001715	-0.001300	-0.000371
0.002134	0.001436	0.003098
-0.000801	-0.000994	-0.000527
-0.000859	-0.002474	0.002354
-0.002420	-0.001537	0.001148
-0.000705	-0.000237	0.001519
0.001219	0.001130	0.003254
0.000114	-0.000689	-0.000683
0.000000	0.000000	-0.000000
0.000856	-0.001174	0.002725
0.000533	-0.000553	0.002044
