-0.001748	0.005240	0.000007
-0.001392	-0.001921	0.000310
0.001542	0.000509	0.003935
0.001120	-0.003274	0.006287
-0.004095	0.000089	0.000624
0.000569	-0.001275	0.006971
-0.000724	0.001209	0.004248
0.000918	0.006123	0.005149
0.000628	0.000204	0.004090
-0.000914	-0.000305	0.000156
-0.004345	-0.002905	-0.000587
0.001120	-0.003274	0.006287
0.000191	0.001514	0.004092
-0.000397	0.004236	-0.000150
-0.001256	0.001762	0.002203
-0.000914	-0.000305	0.000156
0.000837	0.000272	0.005454
-0.000246	0.002824	0.004094
-0.000382	-0.000858	0.002200
-0.001943	0.000078	0.000994
-0.000074	0.003615	0.000530
-0.000646	0.001242	-0.001362
-0.000246	0.002824	0.004094
-0.005810	-0.001211	0.000253
-0.000187	0.004304	0.001213
