0.000797	-0.002653	0.005606
-0.002321	0.002868	-0.001885
-0.001083	0.002552	-0.001360
0.001462	-0.005341	0.004239
-0.000646	0.001242	-0.001362
0.000628	0.000204	0.004090
0.001447	-0.000248	0.001889
0.000342	-0.002067	-0.002048
0.000914	0.000305	-0.000156
0.001616	-0.003105	0.003404
0.002898	0.003152	-0.001302
0.001183	0.001853	-0.001673
0.001293	-0.002484	0.002723
0.001561	-0.000937	0.001206
-0.000643	0.007060	0.003943
0.003070	0.006113	0.005519
-0.000624	0.005614	0.001215
-0.003504	0.001015	-0.000212
0.000514	0.000893	0.004773
-0.003335	-0.001842	0.001303
-0.000536	-0.003095	0.003035
-0.000268	-0.001547	0.001517
0.001179	-0.001795	0.003406
-0.001829	-0.000611	0.000311
0.000970	-0.001863	0.002043
