-0.018965	0.009664	0.017818
-0.016450	0.011958	0.018716
-0.021962	-0.000063	0.011769
-0.017537	0.008693	0.012051
-0.015678	-0.003055	0.006057
-0.016721	0.002423	0.004545
-0.016718	0.006071	-0.000534
-0.013805	0.004129	0.000515
-0.005741	0.017722	0.013287
-0.004477	0.001401	0.013208
-0.010283	0.003838	0.008382
-0.007573	0.011294	0.008293
-0.002457	0.001355	0.006605
-0.005505	-0.000386	0.003662
-0.007041	0.008570	-0.000046
-0.004429	0.011622	0.002898
-0.003688	0.011137	0.006306
-0.006244	0.005917	0.005560
-0.004932	0.001987	0.005554
-0.004517	-0.003695	0.002976
-0.003915	0.010345	-0.002713
-0.003254	0.004009	0.000999
0.001954	-0.006650	0.016819
-0.010665	0.000809	0.000198
