-0.000055	0.002168	-0.002198
0.006056	0.000557	0.006037
0.003658	0.001221	-0.000623
0.006174	0.003515	0.000276
-0.000801	-0.000994	-0.000527
0.001980	-0.000801	0.003933
-0.003867	-0.001289	-0.000741
-0.000110	0.006507	0.005987
-0.001598	0.003829	0.004251
-0.003618	0.001704	0.000470
-0.002494	0.002078	0.001678
-0.002057	0.000768	0.001676
-0.001006	0.004755	0.003415
-0.003313	0.002529	0.003880
-0.003886	0.000157	0.001988
0.000419	0.000136	0.002727
-0.001906	-0.000644	0.005921
0.000606	-0.004167	0.001514
0.002248	0.000747	0.002416
-0.002725	-0.002362	-0.002262
0.001256	0.000408	0.008180
0.001025	-0.004031	0.004241
0.001183	0.001853	-0.001673
-0.000646	0.001242	-0.001362
0.005847	0.000489	0.004674
