20:27:39.512 0.001150 0.156188 -0.017764
20:27:39.514 0.011845 0.140851 -0.034029
20:27:39.544 0.008672 0.126686 -0.031436
20:27:39.607 0.017311 0.064067 -0.042228
20:27:39.633 -0.016866 0.048328 -0.065573
20:27:39.664 -0.034831 0.017577 -0.059881
20:27:39.718 -0.030431 -0.010052 -0.075965
20:27:39.748 -0.063161 -0.023869 -0.087038
20:27:39.795 -0.077550 -0.006860 -0.064693
20:27:39.825 -0.096435 0.004315 -0.067947
20:27:39.856 -0.108423 0.022136 -0.054405
20:27:39.911 -0.137810 0.002113 -0.033505
20:27:39.940 -0.151832 -0.001121 -0.024196
20:27:39.996 -0.140858 0.002542 -0.026064
20:27:40.025 -0.135460 -0.004432 0.004232
20:27:40.056 -0.141614 -0.026907 0.034278
20:27:40.118 -0.160807 -0.020205 0.032693
20:27:40.159 -0.174770 -0.043815 0.051404
20:27:40.190 -0.184899 -0.039911 0.048567
20:27:40.219 -0.154358 -0.051557 0.045858
20:27:40.275 -0.122913 -0.032301 0.023282
20:27:40.307 -0.084998 -0.018171 0.004165
20:27:40.397 -0.080283 0.027039 0.034759
20:27:40.400 -0.077147 0.044096 0.037623
20:27:40.427 -0.062604 0.035834 0.045595
