-0.001998	0.002247	-0.001204
0.001469	0.004124	0.004465
-0.000268	-0.001547	0.001517
0.004073	-0.002290	0.007183
-0.002743	-0.000916	0.000467
-0.001392	-0.001921	0.000310
-0.003085	0.001151	0.002515
0.001946	0.005739	0.004311
-0.002743	-0.000916	0.000467
0.001105	0.001819	0.003936
-0.000059	-0.001479	0.002881
0.000856	-0.001174	0.002725
-0.002563	-0.014685	-0.000972
-0.001080	0.008370	0.003945
-0.000122	0.015248	-0.001442
0.002255	0.010212	0.002642
0.000385	0.006676	0.003105
-0.000342	0.002067	0.002048
-0.002038	-0.000679	-0.001052
0.003232	-0.006210	0.006808
-0.000195	-0.005162	0.000987
0.000191	0.001514	0.004092
-0.000687	-0.001683	-0.001209
-0.000154	-0.002236	0.000835
-0.000893	0.004066	0.002732
