-0.001862	0.005929	0.000689
-0.001803	0.007409	-0.002191
0.001711	-0.002348	0.005450
0.000907	-0.009160	-0.000382
0.000261	-0.007918	-0.001743
0.000874	-0.002620	-0.000003
0.001829	0.000611	-0.000311
-0.000591	-0.000926	0.000836
0.001616	-0.003105	0.003404
-0.002211	-0.001469	0.002511
-0.000705	-0.000237	0.001519
-0.002057	0.000768	0.001676
-0.003713	0.000947	-0.001576
0.003603	0.005560	0.007563
0.000767	0.007534	0.000905
-0.003059	0.009171	0.000012
-0.002832	0.007792	-0.001353
-0.001968	-0.007941	0.003496
-0.004976	-0.006756	0.000402
0.000489	-0.007126	0.007275
-0.001102	0.003998	0.001369
0.002141	0.010901	0.003324
-0.000789	-0.011906	-0.003481
-0.000573	-0.002372	-0.001892
0.003177	-0.004042	0.004610
