-0.000437	0.001310	0.000002
-0.000551	0.001999	0.000684
-0.000342	0.002067	0.002048
0.001392	0.001921	-0.000310
-0.001961	0.001525	0.003722
-0.002038	-0.000679	-0.001052
0.004576	0.007344	0.004527
-0.002934	-0.002430	-0.003625
0.000918	0.006123	0.005149
0.000305	0.000825	0.003409
0.000455	-0.002756	-0.002730
-0.004341	0.000743	-0.005666
-0.000474	0.004202	0.005459
-0.002743	-0.000916	0.000467
-0.000342	0.002067	0.002048
0.000345	0.003751	0.003257
0.000801	0.000994	0.000527
0.000000	0.000000	-0.000000
0.000687	0.001683	0.001209
0.000801	0.000994	0.000527
-0.001238	0.000316	-0.000525
0.000000	0.000000	-0.000000
-0.001620	-0.000543	0.001675
-0.001465	0.001694	0.000840
0.000955	0.003231	-0.000308
