20:35:32.498 -0.069097 0.054102 0.006510
20:35:32.543 -0.022719 0.031711 0.014496
20:35:32.571 -0.016050 0.035395 0.011889
20:35:32.601 -0.009336 -0.000227 0.018232
20:35:32.671 -0.014155 0.027266 0.031589
20:35:32.676 -0.050425 0.015187 0.015378
20:35:32.735 -0.056360 0.019066 -0.011883
20:35:32.772 -0.052709 0.012992 -0.002348
20:35:32.801 -0.009145 -0.003053 0.001556
20:35:32.857 0.034361 0.005618 0.016827
20:35:32.889 0.034163 -0.007532 0.002125
20:35:32.923 0.032083 0.010718 -0.011057
20:35:32.973 0.015631 -0.035531 -0.014616
20:35:33.002 0.005340 0.004720 -0.020641
20:35:33.069 -0.027353 -0.007648 -0.016403
20:35:33.098 0.012648 -0.000133 -0.011728
20:35:33.128 0.023468 0.003465 -0.002377
20:35:33.182 0.026465 -0.008663 0.015954
20:35:33.210 0.020390 0.014081 0.000363
20:35:33.272 0.026444 -0.043569 -0.015875
20:35:33.276 0.042214 -0.045575 -0.025191
20:35:33.330 0.047869 -0.024747 -0.036892
20:35:33.361 -0.060112 -0.059326 -0.028379
20:35:33.405 -0.031099 -0.022015 -0.005318
