0.000970	-0.001863	0.002043
0.002376	-0.005036	0.004083
0.000000	0.000000	-0.000000
0.001697	0.002746	0.003100
-0.000415	0.005682	0.002578
-0.000378	0.002789	-0.002879
-0.001069	-0.002542	0.000990
-0.002670	-0.004530	-0.000063
0.003522	-0.000291	0.007867
-0.000970	0.001863	-0.002043
0.002383	0.004429	0.004309
0.000419	0.000136	0.002727
-0.000268	-0.001547	0.001517
0.000856	-0.001174	0.002725
-0.000705	-0.000237	0.001519
0.000782	0.002441	0.003255
-0.001601	-0.001989	-0.001054
0.001403	-0.006821	0.007120
0.000628	0.000204	0.004090
0.000591	0.000926	-0.000836
0.000665	-0.002688	-0.001367
-0.000290	-0.005919	-0.001059
0.001730	-0.003794	0.002722
