-0.000228	-0.001378	-0.001365
0.012920	-0.007233	0.007940
0.006442	-0.000722	0.022009
0.005266	-0.010505	0.009727
0.001829	-0.000611	0.000311
-0.007088	0.003820	0.000120
-0.011149	0.034296	-0.002024
-0.020912	-0.006095	-0.023891
-0.018547	-0.005460	0.000223
-0.007051	0.011053	0.026345
0.007543	-0.001064	0.002610
0.012883	-0.014465	-0.018284
0.005017	0.014343	-0.001344
0.001711	0.002348	-0.005450
-0.006589	-0.002167	-0.002302
0.000419	0.004204	0.018041
0.005604	-0.000450	0.027463
0.002218	-0.010934	0.002285
0.000396	-0.021959	-0.008636
0.006669	-0.003684	0.002607
0.007235	0.003409	0.000941
0.000720	0.002686	-0.011215
0.003276	-0.006873	-0.032729
0.001557	0.002414	-0.016669
-0.001086	0.029460	0.015150
