0.001829	-0.000611	0.000311
0.045944	-0.010931	-0.021778
0.054347	0.009556	-0.018713
0.031041	0.005659	0.000287
0.018642	-0.014981	0.020397
-0.002417	-0.019625	0.036981
-0.015029	-0.021205	0.009942
-0.017695	-0.029003	-0.026451
0.007154	0.004919	-0.020131
0.024717	0.007763	0.004807
0.010548	0.008108	0.015204
0.000874	0.002620	0.000003
-0.008036	-0.004584	-0.010798
-0.026355	-0.008666	-0.009210
-0.029403	-0.004755	0.004117
-0.012832	-0.005914	0.002522
-0.005252	-0.008426	-0.010179
0.002475	0.000631	-0.001050
0.007088	-0.003820	-0.000120
0.009623	0.021527	0.010196
-0.004891	0.023453	0.013467
-0.012979	-0.013143	0.001461
0.000272	-0.003025	0.016980
0.007889	-0.002645	0.009737
0.008616	-0.011594	-0.012088
