0.004311	-0.007274	0.009419
0.004348	-0.008722	-0.005892
0.010966	-0.000709	-0.029058
-0.018810	0.042659	0.010371
-0.024048	0.015303	-0.000259
-0.014455	0.026642	0.014637
0.004518	0.020330	0.001078
0.008293	0.011810	-0.013306
-0.001079	0.013485	-0.016227
-0.005906	-0.002373	-0.018975
0.002248	-0.000747	-0.002416
0.010467	0.013959	0.014900
0.003489	0.022116	0.010624
-0.002542	-0.013711	0.000294
0.017386	-0.018913	0.007810
0.014095	0.002550	0.020223
0.000646	0.001242	-0.001362
-0.007764	-0.011950	-0.014585
-0.009453	0.007526	-0.003226
-0.005986	0.007819	0.001489
-0.020801	0.002582	-0.007520
-0.010136	0.003391	-0.007321
0.000867	0.009915	-0.010154
0.006243	0.003747	-0.004824
0.000205	-0.020445	-0.004544
