0.008505	-0.015930	-0.007692
-0.009784	-0.005484	0.009963
-0.014661	-0.005303	0.002210
-0.014735	-0.011088	-0.008704
-0.005149	0.007547	-0.003965
0.002050	0.012403	0.012286
0.000147	0.007229	0.001061
-0.009145	0.003053	-0.001556
-0.013449	0.003032	-0.000817
-0.025451	0.008482	0.006861
-0.012112	-0.003227	-0.008693
0.003746	-0.018708	-0.009683
0.012465	-0.009989	0.005210
0.019516	-0.016702	-0.000367
0.007749	-0.021509	-0.001934
0.015064	-0.028292	-0.021456
-0.005611	0.012086	-0.016853
-0.022814	-0.011269	-0.035116
-0.008653	0.004361	-0.014137
-0.010465	0.099501	0.060577
-0.008432	0.017375	-0.002162
-0.001521	-0.003862	0.001358
0.021632	0.008781	0.012676
0.018664	0.002501	0.005539
0.007316	-0.002442	0.001245
