-0.006009	-0.009664	0.016347
0.003518	-0.011405	0.030487
0.000543	-0.010390	0.013192
-0.004378	-0.001465	0.010593
0.012803	-0.004274	0.002179
0.010012	0.011203	0.012170
0.005818	0.011178	-0.012255
-0.005039	0.007543	-0.029129
-0.011245	0.006688	-0.018848
0.005597	0.002505	-0.003462
0.009740	0.018568	0.015957
0.005803	0.034450	0.008964
0.003805	0.001668	-0.019084
0.012655	-0.011503	0.001118
0.005105	0.005537	0.029885
-0.004914	0.001629	0.007558
0.010173	-0.004839	-0.007989
0.021889	0.016007	-0.011428
0.011914	0.007696	-0.018140
0.005788	-0.003350	-0.028322
0.001410	-0.004815	-0.017730
-0.004378	-0.005806	-0.010175
-0.015506	0.002264	-0.002494
-0.007316	0.002442	-0.001245
0.010577	0.018296	0.010504
