0.983598	0.147176	0.104278	-0.124360	0.972084	-0.198966	-0.130650	0.182735	0.974443
0.983596	0.146904	0.104683	-0.123997	0.972101	-0.199108	-0.131013	0.182861	0.974370
0.983548	0.147147	0.104792	-0.124220	0.972079	-0.199079	-0.131160	0.182786	0.974365
0.983664	0.147027	0.103863	-0.124289	0.972092	-0.198969	-0.130218	0.182810	0.974486
0.983817	0.146800	0.102729	-0.124254	0.972065	-0.199123	-0.129090	0.183136	0.974575
0.983813	0.147061	0.102400	-0.124508	0.971932	-0.199615	-0.128881	0.183634	0.974509
0.983821	0.147145	0.102194	-0.124655	0.971953	-0.199423	-0.128672	0.183457	0.974570
0.983773	0.147095	0.102734	-0.124573	0.972068	-0.198910	-0.129123	0.182884	0.974618
0.983802	0.147005	0.102578	-0.124512	0.972075	-0.198916	-0.128955	0.182921	0.974633
0.983782	0.147104	0.102634	-0.124579	0.972033	-0.199076	-0.129048	0.183061	0.974595
0.983867	0.146706	0.102386	-0.124210	0.972048	-0.199236	-0.128753	0.183304	0.974588
0.983891	0.146510	0.102437	-0.123958	0.972003	-0.199609	-0.128813	0.183696	0.974507
0.983875	0.146613	0.102442	-0.124027	0.971945	-0.199852	-0.128869	0.183924	0.974456
0.983855	0.146617	0.102629	-0.124009	0.971969	-0.199745	-0.129039	0.183793	0.974458
0.983855	0.146569	0.102695	-0.123968	0.972002	-0.199612	-0.129076	0.183658	0.974479
0.983889	0.146313	0.102737	-0.123736	0.972076	-0.199392	-0.129042	0.183468	0.974519
0.983855	0.146399	0.102943	-0.123794	0.972087	-0.199303	-0.129248	0.183342	0.974516
0.983790	0.146623	0.103240	-0.123955	0.972059	-0.199342	-0.129584	0.183314	0.974476
0.983749	0.146869	0.103287	-0.124129	0.971943	-0.199796	-0.129733	0.183728	0.974378
0.983725	0.146916	0.103446	-0.124100	0.971876	-0.200140	-0.129941	0.184045	0.974291
0.983698	0.146861	0.103776	-0.123932	0.971816	-0.200534	-0.130301	0.184404	0.974175
0.983550	0.147680	0.104020	-0.124682	0.971701	-0.200630	-0.130706	0.184360	0.974129
0.983392	0.148686	0.104078	-0.125700	0.971622	-0.200376	-0.130918	0.183966	0.974175
0.983386	0.148437	0.104494	-0.125434	0.971745	-0.199943	-0.131221	0.183514	0.974220
0.983491	0.147572	0.104727	-0.124553	0.971885	-0.199817	-0.131270	0.183475	0.974220
