0.959577	-0.242196	-0.143366	0.275073	0.914849	0.295613	0.059563	-0.323099	0.944489
0.959640	-0.241990	-0.143288	0.274835	0.915007	0.295345	0.059639	-0.322806	0.944584
0.959580	-0.242299	-0.143173	0.275073	0.915029	0.295054	0.059516	-0.322511	0.944693
0.959508	-0.242685	-0.142996	0.275390	0.914898	0.295166	0.059194	-0.322593	0.944685
0.959526	-0.242621	-0.142982	0.275364	0.914707	0.295779	0.059024	-0.323180	0.944495
0.959593	-0.242363	-0.142974	0.275141	0.914642	0.296188	0.058985	-0.323557	0.944368
0.959601	-0.242295	-0.143037	0.275065	0.914823	0.295698	0.059208	-0.323097	0.944512
0.959586	-0.242418	-0.142930	0.275111	0.914998	0.295115	0.059240	-0.322509	0.944711
0.959547	-0.242398	-0.143224	0.275182	0.915003	0.295034	0.059535	-0.322511	0.944691
0.959575	-0.242256	-0.143272	0.275076	0.914966	0.295246	0.059563	-0.322721	0.944618
0.959586	-0.242220	-0.143264	0.275061	0.914857	0.295597	0.059466	-0.323057	0.944509
0.959645	-0.241818	-0.143545	0.274759	0.915007	0.295414	0.059909	-0.322933	0.944524
0.959663	-0.241799	-0.143459	0.274713	0.915013	0.295440	0.059830	-0.322933	0.944529
0.959710	-0.241706	-0.143301	0.274585	0.914993	0.295620	0.059666	-0.323057	0.944497
0.959700	-0.241938	-0.142978	0.274732	0.914784	0.296128	0.059150	-0.323474	0.944386
0.959501	-0.243003	-0.142502	0.275516	0.914947	0.294894	0.058722	-0.322212	0.944844
0.959403	-0.243231	-0.142775	0.275822	0.914857	0.294889	0.058893	-0.322298	0.944805
0.959414	-0.243177	-0.142790	0.275784	0.914827	0.295018	0.058886	-0.322424	0.944762
0.959444	-0.242907	-0.143052	0.275651	0.914661	0.295655	0.059028	-0.323096	0.944523
0.959417	-0.242773	-0.143456	0.275681	0.914518	0.296069	0.059315	-0.323602	0.944332
0.959458	-0.242647	-0.143398	0.275560	0.914462	0.296353	0.059223	-0.323853	0.944252
0.959553	-0.242292	-0.143365	0.275212	0.914557	0.296386	0.059304	-0.323853	0.944247
