0.967976	-0.163608	-0.190405	0.212090	0.938756	0.271580	0.134311	-0.303266	0.943393
0.968035	-0.163589	-0.190124	0.211989	0.938769	0.271612	0.134050	-0.303234	0.943440
0.968115	-0.163696	-0.189623	0.212002	0.938631	0.272079	0.133448	-0.303604	0.943407
0.968239	-0.163864	-0.188846	0.211949	0.938588	0.272267	0.132634	-0.303645	0.943508
0.968312	-0.163560	-0.188733	0.211694	0.938493	0.272795	0.132506	-0.304104	0.943378
0.968552	-0.162610	-0.188323	0.210676	0.938657	0.273019	0.132375	-0.304108	0.943395
0.968675	-0.161787	-0.188396	0.209956	0.938704	0.273409	0.132614	-0.304400	0.943268
0.968773	-0.161236	-0.188369	0.209433	0.938781	0.273546	0.132732	-0.304454	0.943234
0.968809	-0.161238	-0.188176	0.209376	0.938792	0.273552	0.132551	-0.304419	0.943270
0.968662	-0.161832	-0.188424	0.209959	0.938807	0.273054	0.132705	-0.304058	0.943365
0.968567	-0.162053	-0.188725	0.210236	0.938811	0.272829	0.132965	-0.303930	0.943370
0.968490	-0.162321	-0.188891	0.210532	0.938775	0.272722	0.133058	-0.303896	0.943368
0.968463	-0.162331	-0.189017	0.210546	0.938844	0.272473	0.133227	-0.303677	0.943415
0.968389	-0.162497	-0.189254	0.210746	0.938871	0.272226	0.133449	-0.303505	0.943438
0.968237	-0.163227	-0.189407	0.211457	0.938802	0.271913	0.133432	-0.303328	0.943498
0.968283	-0.163015	-0.189350	0.211207	0.938911	0.271729	0.133487	-0.303103	0.943562
0.968327	-0.162814	-0.189300	0.210958	0.939046	0.271456	0.133565	-0.302793	0.943651
0.968267	-0.162981	-0.189463	0.211115	0.939127	0.271055	0.133753	-0.302453	0.943733
0.968180	-0.163250	-0.189674	0.211381	0.939189	0.270634	0.133959	-0.302116	0.943812
0.968144	-0.163213	-0.189891	0.211405	0.939198	0.270581	0.134183	-0.302105	0.943784
0.968199	-0.163125	-0.189687	0.211313	0.939102	0.270986	0.133931	-0.302452	0.943708
0.968187	-0.163489	-0.189434	0.211562	0.939098	0.270807	0.133623	-0.302269	0.943811
0.968070	-0.164174	-0.189440	0.212257	0.938883	0.271010	0.133369	-0.302567	0.943751
