0.970619	-0.171122	-0.169160	0.213162	0.937639	0.274581	0.111624	-0.302573	0.946567
0.970763	-0.170525	-0.168939	0.212641	0.937450	0.275630	0.111370	-0.303495	0.946302
0.971002	-0.169524	-0.168571	0.211655	0.937434	0.276441	0.111160	-0.304104	0.946131
0.971197	-0.168785	-0.168187	0.210815	0.937643	0.276373	0.111052	-0.303870	0.946219
0.971320	-0.168785	-0.167477	0.210469	0.938037	0.275300	0.110633	-0.302653	0.946658
0.971349	-0.168774	-0.167323	0.210385	0.938120	0.275080	0.110543	-0.302401	0.946749
0.971280	-0.168938	-0.167557	0.210587	0.938146	0.274837	0.110763	-0.302229	0.946778
0.971114	-0.169583	-0.167868	0.211251	0.938134	0.274368	0.110954	-0.301905	0.946859
0.971002	-0.170405	-0.167680	0.211961	0.938040	0.274142	0.110575	-0.301734	0.946958
0.970930	-0.171051	-0.167442	0.212524	0.937883	0.274244	0.110132	-0.301857	0.946971
0.970852	-0.171848	-0.167077	0.213240	0.937570	0.274758	0.109429	-0.302376	0.946886
0.970709	-0.172970	-0.166751	0.214274	0.937206	0.275195	0.108679	-0.302865	0.946817
0.970555	-0.174248	-0.166315	0.215370	0.936960	0.275175	0.107882	-0.302891	0.946899
0.970252	-0.176154	-0.166076	0.217021	0.936879	0.274152	0.107300	-0.302038	0.947238
0.970114	-0.176825	-0.166166	0.217660	0.936827	0.273822	0.107251	-0.301807	0.947317
0.970108	-0.177076	-0.165938	0.217841	0.936761	0.273907	0.106942	-0.301867	0.947333
0.970105	-0.176987	-0.166046	0.217815	0.936697	0.274145	0.107015	-0.302117	0.947245
0.970066	-0.177112	-0.166139	0.217996	0.936576	0.274415	0.107000	-0.302419	0.947150
0.970001	-0.177609	-0.165990	0.218430	0.936473	0.274419	0.106706	-0.302444	0.947176
0.969988	-0.177980	-0.165672	0.218643	0.936547	0.273999	0.106393	-0.301998	0.947353
0.970005	-0.178034	-0.165512	0.218596	0.936686	0.273560	0.106330	-0.301535	0.947508
0.970031	-0.178181	-0.165203	0.218602	0.936791	0.273196	0.106082	-0.301122	0.947667
