0.990456	0.082939	0.110079	-0.048698	0.957750	-0.283450	-0.128937	0.275384	0.952648
0.990460	0.082598	0.110305	-0.048236	0.957622	-0.283962	-0.129085	0.275932	0.952470
0.990576	0.082651	0.109219	-0.048545	0.957505	-0.284303	-0.128076	0.276322	0.952493
0.990696	0.082415	0.108300	-0.048712	0.957801	-0.283275	-0.127076	0.275364	0.952904
0.990828	0.081692	0.107642	-0.048314	0.958082	-0.282389	-0.126199	0.274599	0.953241
0.991024	0.074020	0.111325	-0.040413	0.959642	-0.278305	-0.127432	0.271307	0.954020
0.990828	0.069361	0.115972	-0.035009	0.960675	-0.275459	-0.130517	0.268872	0.954292
0.990696	0.068954	0.117329	-0.034513	0.961249	-0.273513	-0.131642	0.266919	0.954686
0.990453	0.071194	0.118040	-0.036591	0.961371	-0.272814	-0.132903	0.265890	0.954798
0.990305	0.072104	0.118733	-0.037409	0.961588	-0.271934	-0.133780	0.264856	0.954963
0.990002	0.072301	0.121117	-0.036962	0.961612	-0.271913	-0.136127	0.264717	0.954670
0.989961	0.071054	0.122181	-0.035432	0.961606	-0.272136	-0.136826	0.265076	0.954470
0.989912	0.069956	0.123211	-0.034002	0.961490	-0.272729	-0.137545	0.265788	0.954169
0.989963	0.069884	0.122836	-0.033806	0.961045	-0.274316	-0.137221	0.267410	0.953762
0.989946	0.070318	0.122731	-0.034194	0.960911	-0.274738	-0.137252	0.267779	0.953654
0.990029	0.071161	0.121564	-0.035332	0.960873	-0.274728	-0.136358	0.267693	0.953807
0.989969	0.071906	0.121618	-0.035969	0.960707	-0.275225	-0.136630	0.268089	0.953656
0.990028	0.070735	0.121823	-0.034790	0.960776	-0.275135	-0.136506	0.268153	0.953656
0.990333	0.069026	0.120314	-0.033633	0.960999	-0.274500	-0.134569	0.267800	0.954031
0.990660	0.068546	0.117875	-0.033801	0.960929	-0.274722	-0.132101	0.268172	0.954271
0.990935	0.069673	0.114862	-0.035758	0.960951	-0.274398	-0.129495	0.267803	0.954732
0.991075	0.073270	0.111368	-0.040186	0.960757	-0.274466	-0.127107	0.267540	0.955126
0.990963	0.079162	0.108282	-0.046585	0.960144	-0.275598	-0.125783	0.268063	0.955155
0.990917	0.082910	0.105878	-0.050597	0.959337	-0.277693	-0.124597	0.269814	0.954817
