0.984915	0.088321	0.148800	-0.057470	0.978080	-0.200144	-0.163215	0.188573	0.968401
0.985000	0.087719	0.148591	-0.056946	0.978149	-0.199953	-0.162884	0.188492	0.968473
0.984974	0.087673	0.148796	-0.056888	0.978187	-0.199786	-0.163066	0.188319	0.968476
0.984892	0.087768	0.149281	-0.056915	0.978217	-0.199633	-0.163550	0.188120	0.968433
0.984834	0.087793	0.149651	-0.056868	0.978220	-0.199629	-0.163917	0.188091	0.968376
0.984777	0.087979	0.149915	-0.056992	0.978199	-0.199694	-0.164216	0.188111	0.968322
0.984751	0.088114	0.150005	-0.057154	0.978245	-0.199423	-0.164313	0.187809	0.968364
0.984775	0.088469	0.149635	-0.057609	0.978255	-0.199243	-0.164008	0.187589	0.968458
0.984874	0.088543	0.148944	-0.057816	0.978245	-0.199235	-0.163344	0.187610	0.968566
0.985063	0.087785	0.148138	-0.057133	0.978181	-0.199746	-0.162441	0.188299	0.968585
0.985042	0.087942	0.148183	-0.057177	0.978053	-0.200357	-0.162551	0.188887	0.968452
0.985114	0.087723	0.147838	-0.057018	0.978052	-0.200409	-0.162174	0.188997	0.968494
0.985135	0.087302	0.147942	-0.056615	0.978118	-0.200198	-0.162183	0.188847	0.968521
0.985136	0.086604	0.148346	-0.055788	0.978098	-0.200530	-0.162464	0.189273	0.968391
0.985131	0.086287	0.148561	-0.055388	0.978067	-0.200792	-0.162629	0.189578	0.968304
0.985153	0.086281	0.148422	-0.055404	0.978060	-0.200821	-0.162493	0.189617	0.968319
0.985076	0.086437	0.148844	-0.055413	0.977981	-0.201203	-0.162958	0.189952	0.968175
0.985010	0.086425	0.149285	-0.055205	0.977858	-0.201859	-0.163426	0.190592	0.967970
0.985058	0.085767	0.149348	-0.054450	0.977791	-0.202385	-0.163389	0.191229	0.967851
0.985037	0.085275	0.149767	-0.053876	0.977818	-0.202408	-0.163706	0.191311	0.967781
0.984972	0.084795	0.150467	-0.053268	0.977859	-0.202372	-0.164296	0.191316	0.967680
0.984789	0.084573	0.151786	-0.052775	0.977870	-0.202448	-0.165548	0.191358	0.967459
0.984642	0.084830	0.152593	-0.052872	0.977865	-0.202446	-0.166389	0.191269	0.967332
0.984556	0.086210	0.152375	-0.054193	0.977681	-0.202984	-0.166473	0.191592	0.967253
0.984485	0.086610	0.152604	-0.054572	0.977693	-0.202827	-0.166767	0.191352	0.967250
0.984390	0.087042	0.152967	-0.054924	0.977665	-0.202866	-0.167209	0.191298	0.967185
