0.974188	-0.135356	-0.180656	0.183325	0.941355	0.283273	0.131718	-0.309080	0.941870
0.974240	-0.135431	-0.180319	0.183391	0.941125	0.283992	0.131242	-0.309745	0.941718
0.974239	-0.135819	-0.180033	0.183669	0.941084	0.283948	0.130861	-0.309700	0.941786
0.974253	-0.136197	-0.179668	0.183903	0.941071	0.283839	0.130422	-0.309572	0.941889
0.974234	-0.136733	-0.179365	0.184353	0.940921	0.284046	0.129929	-0.309794	0.941884
0.974145	-0.137527	-0.179243	0.185172	0.940560	0.284707	0.129434	-0.310536	0.941708
0.974110	-0.137524	-0.179435	0.185230	0.940550	0.284703	0.129614	-0.310569	0.941673
0.974051	-0.137461	-0.179802	0.185238	0.940652	0.284362	0.130043	-0.310289	0.941706
0.973982	-0.137351	-0.180259	0.185257	0.940692	0.284216	0.130531	-0.310216	0.941662
0.973984	-0.136963	-0.180545	0.184979	0.940733	0.284260	0.130911	-0.310261	0.941594
0.974045	-0.136123	-0.180853	0.184288	0.940822	0.284415	0.131435	-0.310362	0.941488
0.974098	-0.135339	-0.181152	0.183630	0.940943	0.284440	0.131958	-0.310338	0.941423
0.974154	-0.134795	-0.181256	0.183121	0.941077	0.284325	0.132251	-0.310168	0.941438
0.974106	-0.134619	-0.181643	0.183063	0.941113	0.284244	0.132682	-0.310136	0.941388
0.974014	-0.134576	-0.182171	0.183160	0.941158	0.284033	0.133228	-0.310019	0.941349
0.973898	-0.135023	-0.182460	0.183645	0.941145	0.283761	0.133407	-0.309862	0.941376
0.973826	-0.135473	-0.182509	0.184102	0.941043	0.283803	0.133301	-0.309975	0.941353
0.973805	-0.135803	-0.182377	0.184434	0.940859	0.284197	0.132996	-0.310389	0.941260
0.973787	-0.136019	-0.182310	0.184670	0.940709	0.284541	0.132798	-0.310750	0.941169
0.973747	-0.136553	-0.182126	0.185134	0.940603	0.284591	0.132447	-0.310837	0.941190
0.973721	-0.137499	-0.181553	0.185863	0.940463	0.284577	0.131615	-0.310843	0.941304
0.973685	-0.138227	-0.181191	0.186444	0.940363	0.284528	0.131056	-0.310823	0.941389
0.973720	-0.138300	-0.180951	0.186451	0.940332	0.284625	0.130790	-0.310883	0.941406
