0.965511	-0.167033	-0.199720	0.218247	0.937511	0.271000	0.141974	-0.305241	0.941632
0.965331	-0.168420	-0.199427	0.219676	0.936840	0.272166	0.140993	-0.306539	0.941358
0.965298	-0.169632	-0.198555	0.220653	0.936459	0.272684	0.139683	-0.307033	0.941392
0.965399	-0.170486	-0.197330	0.221031	0.936496	0.272249	0.138384	-0.306445	0.941775
0.965418	-0.170877	-0.196897	0.221222	0.936552	0.271901	0.137942	-0.306057	0.941967
0.965358	-0.171130	-0.196972	0.221580	0.936292	0.272506	0.137789	-0.306711	0.941776
0.965351	-0.171250	-0.196904	0.221782	0.936028	0.273247	0.137514	-0.307449	0.941576
0.965362	-0.170952	-0.197110	0.221599	0.935992	0.273518	0.137735	-0.307723	0.941454
0.965231	-0.171073	-0.197644	0.221761	0.936200	0.272676	0.138386	-0.307025	0.941586
0.965196	-0.171314	-0.197609	0.221894	0.936347	0.272062	0.138423	-0.306441	0.941771
0.965234	-0.170999	-0.197695	0.221591	0.936468	0.271893	0.138641	-0.306248	0.941802
0.965307	-0.170444	-0.197815	0.221156	0.936441	0.272339	0.138824	-0.306639	0.941648
0.965259	-0.170621	-0.197898	0.221374	0.936350	0.272474	0.138812	-0.306817	0.941591
0.965218	-0.170596	-0.198121	0.221399	0.936386	0.272330	0.139060	-0.306722	0.941586
0.965091	-0.170114	-0.199148	0.221131	0.936692	0.271493	0.140356	-0.306053	0.941611
0.965085	-0.170104	-0.199185	0.221100	0.936765	0.271269	0.140446	-0.305837	0.941668
0.965125	-0.169812	-0.199241	0.220829	0.936838	0.271235	0.140598	-0.305774	0.941666
0.965251	-0.169295	-0.199070	0.220325	0.936856	0.271584	0.140522	-0.306007	0.941602
0.965310	-0.168876	-0.199140	0.219988	0.936843	0.271902	0.140645	-0.306278	0.941495
0.965356	-0.168594	-0.199160	0.219749	0.936844	0.272093	0.140708	-0.306432	0.941435
