0.965566	-0.206090	-0.158777	0.244617	0.926980	0.284377	0.088576	-0.313424	0.945473
0.965342	-0.206656	-0.159401	0.245319	0.926924	0.283954	0.089072	-0.313217	0.945495
0.965140	-0.206949	-0.160238	0.245836	0.926889	0.283622	0.089827	-0.313127	0.945454
0.965015	-0.207176	-0.160697	0.246199	0.926796	0.283612	0.090176	-0.313253	0.945379
0.964970	-0.207286	-0.160829	0.246351	0.926742	0.283655	0.090250	-0.313339	0.945343
0.965045	-0.207012	-0.160727	0.246006	0.926991	0.283139	0.090380	-0.312782	0.945515
0.965119	-0.206443	-0.161020	0.245528	0.927196	0.282884	0.090897	-0.312552	0.945542
0.965249	-0.205852	-0.160996	0.244969	0.927290	0.283062	0.091021	-0.312664	0.945493
0.965438	-0.205189	-0.160707	0.244273	0.927369	0.283402	0.090884	-0.312864	0.945440
0.965563	-0.204568	-0.160749	0.243747	0.927326	0.283996	0.090971	-0.313399	0.945254
0.965545	-0.204411	-0.161059	0.243738	0.927191	0.284443	0.091190	-0.313899	0.945067
0.965441	-0.204695	-0.161316	0.244081	0.927142	0.284311	0.091365	-0.313860	0.945063
0.965328	-0.205124	-0.161448	0.244486	0.927187	0.283813	0.091476	-0.313445	0.945190
0.965152	-0.205634	-0.161851	0.245032	0.927273	0.283064	0.091872	-0.312858	0.945346
0.964983	-0.206163	-0.162190	0.245627	0.927181	0.282848	0.092066	-0.312782	0.945352
0.964786	-0.206821	-0.162519	0.246384	0.926916	0.283059	0.092099	-0.313133	0.945233
0.964605	-0.207251	-0.163044	0.246990	0.926675	0.283319	0.092371	-0.313561	0.945065
0.964393	-0.207653	-0.163785	0.247624	0.926470	0.283435	0.092886	-0.313900	0.944902
0.964234	-0.208117	-0.164133	0.248181	0.926321	0.283437	0.093052	-0.314034	0.944841
0.964181	-0.208271	-0.164249	0.248366	0.926271	0.283437	0.093107	-0.314079	0.944820
0.964236	-0.207979	-0.164295	0.248096	0.926354	0.283403	0.093254	-0.314028	0.944823
0.964304	-0.207710	-0.164238	0.247815	0.926445	0.283351	0.093302	-0.313937	0.944848
0.964321	-0.207676	-0.164180	0.247744	0.926524	0.283153	0.093313	-0.313725	0.944918
0.964334	-0.207700	-0.164076	0.247732	0.926533	0.283136	0.093214	-0.313685	0.944941
0.964368	-0.207566	-0.164047	0.247592	0.926578	0.283110	0.093239	-0.313639	0.944953
