0.968677	-0.193826	-0.155233	0.231634	0.930578	0.283498	0.089507	-0.310575	0.946325
0.968965	-0.192339	-0.155280	0.230138	0.931212	0.282632	0.090237	-0.309596	0.946577
0.969270	-0.190405	-0.155762	0.228401	0.931731	0.282331	0.091371	-0.309231	0.946587
0.969605	-0.188366	-0.156156	0.226576	0.932141	0.282449	0.092356	-0.309245	0.946487
0.969827	-0.186952	-0.156473	0.225301	0.932499	0.282286	0.093136	-0.309023	0.946483
0.969886	-0.186480	-0.156671	0.224851	0.932783	0.281704	0.093608	-0.308449	0.946624
0.969821	-0.186857	-0.156625	0.225164	0.932816	0.281346	0.093531	-0.308121	0.946738
0.969706	-0.187214	-0.156911	0.225609	0.932672	0.281465	0.093652	-0.308339	0.946655
0.969688	-0.187513	-0.156665	0.225909	0.932325	0.282373	0.093115	-0.309206	0.946426
0.969668	-0.188025	-0.156176	0.226379	0.931803	0.283719	0.092179	-0.310468	0.946104
0.969564	-0.188770	-0.155923	0.227008	0.931671	0.283649	0.091725	-0.310412	0.946167
0.969383	-0.189545	-0.156106	0.227822	0.931436	0.283768	0.091616	-0.310644	0.946101
0.969073	-0.191081	-0.156159	0.229371	0.930880	0.284345	0.091032	-0.311369	0.945919
0.968948	-0.191644	-0.156242	0.229877	0.930944	0.283725	0.091079	-0.310831	0.946091
0.968760	-0.192347	-0.156548	0.230584	0.930979	0.283037	0.091301	-0.310292	0.946247
0.968576	-0.193007	-0.156870	0.231256	0.931008	0.282391	0.091544	-0.309795	0.946386
0.968432	-0.193413	-0.157260	0.231753	0.930936	0.282219	0.091814	-0.309756	0.946373
0.968403	-0.193450	-0.157392	0.231864	0.930802	0.282572	0.091838	-0.310137	0.946246
0.968313	-0.193505	-0.157879	0.232117	0.930595	0.283046	0.092150	-0.310724	0.946023
0.968162	-0.193754	-0.158499	0.232565	0.930445	0.283170	0.092610	-0.311016	0.945882
0.968047	-0.194164	-0.158700	0.233006	0.930386	0.283004	0.092703	-0.310939	0.945898
0.967986	-0.194359	-0.158834	0.233201	0.930443	0.282653	0.092849	-0.310644	0.945981
0.967971	-0.194345	-0.158942	0.233215	0.930461	0.282582	0.092971	-0.310599	0.945983
0.967955	-0.194381	-0.158998	0.233286	0.930383	0.282781	0.092961	-0.310811	0.945915
