0.979035	-0.130571	-0.156336	0.165138	0.958125	0.233935	0.119245	-0.254847	0.959601
0.978898	-0.131133	-0.156727	0.165704	0.958197	0.233240	0.119590	-0.254289	0.959706
0.978911	-0.131358	-0.156458	0.165755	0.958379	0.232453	0.119412	-0.253484	0.959941
0.978937	-0.130904	-0.156676	0.165321	0.958545	0.232080	0.119801	-0.253094	0.959996
0.978996	-0.130471	-0.156667	0.164865	0.958680	0.231846	0.119945	-0.252805	0.960054
0.978995	-0.130573	-0.156586	0.164962	0.958628	0.231989	0.119816	-0.252947	0.960032
0.978988	-0.130328	-0.156833	0.164908	0.958403	0.232959	0.119948	-0.253927	0.959757
0.978886	-0.130839	-0.157047	0.165454	0.958328	0.232879	0.120033	-0.253946	0.959741
0.978734	-0.131212	-0.157680	0.166000	0.958199	0.233020	0.120514	-0.254239	0.959603
0.978702	-0.131385	-0.157734	0.166214	0.958104	0.233260	0.120479	-0.254510	0.959536
0.978719	-0.131430	-0.157593	0.166236	0.958071	0.233377	0.120313	-0.254608	0.959531
0.978737	-0.131270	-0.157615	0.166063	0.958143	0.233207	0.120405	-0.254422	0.959569
0.978765	-0.131244	-0.157463	0.165980	0.958191	0.233067	0.120291	-0.254254	0.959628
0.978819	-0.131430	-0.156969	0.166042	0.958167	0.233123	0.119764	-0.254249	0.959695
0.978858	-0.131498	-0.156667	0.166082	0.958059	0.233539	0.119387	-0.254621	0.959643
0.978918	-0.131465	-0.156322	0.166014	0.957965	0.233970	0.118993	-0.254989	0.959594
0.978957	-0.131534	-0.156021	0.166054	0.957857	0.234385	0.118616	-0.255361	0.959542
0.978986	-0.131702	-0.155696	0.166164	0.957779	0.234624	0.118222	-0.255565	0.959536
0.978996	-0.131802	-0.155550	0.166221	0.957774	0.234607	0.118060	-0.255535	0.959564
0.979021	-0.131752	-0.155435	0.166108	0.957861	0.234329	0.118012	-0.255232	0.959651
0.978991	-0.131720	-0.155651	0.166127	0.957869	0.234282	0.118234	-0.255218	0.959627
0.978946	-0.131969	-0.155721	0.166380	0.957844	0.234207	0.118248	-0.255185	0.959634
0.978926	-0.132037	-0.155791	0.166456	0.957846	0.234143	0.118308	-0.255141	0.959639
