0.964629	-0.175180	-0.196985	0.225073	0.936333	0.269486	0.137235	-0.304290	0.942642
0.964687	-0.175146	-0.196729	0.225045	0.936170	0.270076	0.136869	-0.304812	0.942527
0.964734	-0.175099	-0.196543	0.225061	0.935926	0.270907	0.136514	-0.305587	0.942327
0.964656	-0.175238	-0.196801	0.225334	0.935746	0.271300	0.136614	-0.306057	0.942160
0.964636	-0.175440	-0.196716	0.225286	0.936193	0.269796	0.136832	-0.304572	0.942610
0.964689	-0.175245	-0.196631	0.224962	0.936483	0.269058	0.136990	-0.303792	0.942838
0.964787	-0.174751	-0.196590	0.224472	0.936597	0.269068	0.137106	-0.303722	0.942844
0.964880	-0.174221	-0.196606	0.224024	0.936581	0.269497	0.137185	-0.304077	0.942718
0.965015	-0.173681	-0.196421	0.223520	0.936550	0.270024	0.137060	-0.304481	0.942606
0.965062	-0.173303	-0.196522	0.223078	0.936865	0.269296	0.137445	-0.303727	0.942793
0.965059	-0.173398	-0.196456	0.223069	0.937026	0.268744	0.137485	-0.303177	0.942964
0.965038	-0.173296	-0.196645	0.222985	0.937132	0.268443	0.137762	-0.302907	0.943011
0.965032	-0.173147	-0.196807	0.222900	0.937136	0.268499	0.137945	-0.302978	0.942961
0.964993	-0.173145	-0.197001	0.222956	0.937125	0.268490	0.138127	-0.303014	0.942923
0.965054	-0.172147	-0.197577	0.222189	0.937266	0.268636	0.138937	-0.303148	0.942761
0.965188	-0.170177	-0.198625	0.220643	0.937552	0.268912	0.140459	-0.303376	0.942462
0.965490	-0.167394	-0.199518	0.218355	0.937827	0.269816	0.141947	-0.304071	0.942015
0.965488	-0.166960	-0.199893	0.218087	0.937821	0.270055	0.142376	-0.304329	0.941867
0.965468	-0.166914	-0.200029	0.218067	0.937860	0.269936	0.142543	-0.304235	0.941872
0.965355	-0.167121	-0.200400	0.218387	0.937782	0.269949	0.142817	-0.304362	0.941789
0.965248	-0.167545	-0.200560	0.218857	0.937658	0.269999	0.142820	-0.304510	0.941741
