0.970059	-0.183376	-0.159242	0.222301	0.934477	0.278092	0.097812	-0.305166	0.947263
0.970071	-0.183499	-0.159027	0.222406	0.934296	0.278615	0.097452	-0.305645	0.947145
0.970159	-0.183105	-0.158946	0.222073	0.934168	0.279311	0.097339	-0.306274	0.946954
0.970202	-0.182831	-0.159001	0.221894	0.934015	0.279964	0.097323	-0.306903	0.946752
0.970182	-0.183163	-0.158737	0.222139	0.933930	0.280053	0.096954	-0.306964	0.946770
0.970157	-0.183264	-0.158777	0.222336	0.933628	0.280900	0.096760	-0.307819	0.946512
0.970092	-0.183317	-0.159108	0.222509	0.933536	0.281071	0.097008	-0.308068	0.946406
0.970022	-0.183602	-0.159210	0.222770	0.933604	0.280637	0.097113	-0.307691	0.946517
0.969970	-0.183792	-0.159308	0.222900	0.933818	0.279821	0.097336	-0.306928	0.946742
0.969955	-0.183630	-0.159585	0.222739	0.934120	0.278939	0.097849	-0.306105	0.946956
0.969952	-0.183542	-0.159702	0.222625	0.934335	0.278310	0.098134	-0.305501	0.947121
0.970019	-0.183055	-0.159854	0.222194	0.934465	0.278217	0.098449	-0.305394	0.947123
0.970144	-0.182234	-0.160036	0.221483	0.934567	0.278441	0.098823	-0.305573	0.947026
0.970248	-0.181656	-0.160061	0.220991	0.934519	0.278992	0.098899	-0.306064	0.946860
0.970229	-0.181923	-0.159877	0.221240	0.934322	0.279454	0.098537	-0.306505	0.946755
0.970193	-0.182413	-0.159534	0.221615	0.934204	0.279552	0.098043	-0.306575	0.946784
0.970164	-0.182711	-0.159367	0.221870	0.934085	0.279748	0.097750	-0.306760	0.946754
0.970113	-0.183236	-0.159079	0.222316	0.933889	0.280047	0.097247	-0.307043	0.946714
0.970022	-0.183902	-0.158861	0.222882	0.933777	0.279972	0.096853	-0.306986	0.946773
0.969728	-0.185744	-0.158514	0.224569	0.933305	0.280198	0.095897	-0.307314	0.946764
0.969512	-0.186359	-0.159113	0.225390	0.932983	0.280609	0.096156	-0.307916	0.946542
0.969383	-0.186391	-0.159859	0.225648	0.932940	0.280544	0.096848	-0.308026	0.946436
