0.969530	-0.185087	-0.160481	0.224843	0.932387	0.283020	0.097247	-0.310479	0.945593
0.969467	-0.185391	-0.160512	0.225156	0.932281	0.283121	0.097154	-0.310616	0.945557
0.969450	-0.185639	-0.160325	0.225312	0.932312	0.282893	0.096957	-0.310374	0.945657
0.969467	-0.185692	-0.160162	0.225266	0.932455	0.282457	0.096894	-0.309912	0.945815
0.969499	-0.185621	-0.160053	0.225123	0.932611	0.282058	0.096912	-0.309486	0.945953
0.969568	-0.185597	-0.159662	0.224917	0.932838	0.281469	0.096699	-0.308814	0.946194
0.969602	-0.185629	-0.159418	0.224740	0.933266	0.280190	0.096768	-0.307500	0.946615
0.969613	-0.185702	-0.159266	0.224700	0.933460	0.279575	0.096751	-0.306867	0.946822
0.969663	-0.185447	-0.159257	0.224485	0.933415	0.279897	0.096746	-0.307157	0.946728
0.969788	-0.184750	-0.159306	0.223832	0.933562	0.279931	0.097004	-0.307132	0.946710
0.969921	-0.183736	-0.159669	0.222914	0.933945	0.279386	0.097789	-0.306575	0.946810
0.970094	-0.182872	-0.159609	0.221986	0.934389	0.278638	0.098182	-0.305736	0.947041
0.970299	-0.181677	-0.159731	0.220859	0.934693	0.278513	0.098700	-0.305519	0.947057
0.970562	-0.179950	-0.160088	0.219395	0.934786	0.279358	0.099378	-0.306257	0.946748
0.970837	-0.177580	-0.161064	0.217486	0.935040	0.280001	0.100879	-0.306865	0.946392
0.970813	-0.177474	-0.161322	0.217448	0.935092	0.279857	0.101184	-0.306768	0.946391
0.970595	-0.178208	-0.161826	0.218303	0.934920	0.279766	0.101438	-0.306866	0.946332
0.970365	-0.179253	-0.162052	0.219399	0.934611	0.279941	0.101276	-0.307199	0.946241
0.970190	-0.180398	-0.161825	0.220474	0.934234	0.280354	0.100608	-0.307675	0.946158
0.970080	-0.181317	-0.161456	0.221261	0.933999	0.280516	0.099938	-0.307847	0.946173
0.969971	-0.182063	-0.161275	0.221931	0.933815	0.280599	0.099514	-0.307965	0.946179
0.969877	-0.182773	-0.161033	0.222618	0.933426	0.281348	0.098889	-0.308722	0.945998
0.969860	-0.183105	-0.160762	0.222951	0.933059	0.282303	0.098309	-0.309636	0.945759
