0.872120	-0.488549	0.026948	0.478465	0.863051	0.161907	-0.102357	-0.128309	0.986438
0.872120	-0.488549	0.026948	0.478465	0.863051	0.161907	-0.102357	-0.128309	0.986438
0.872261	-0.488333	0.026279	0.478316	0.863094	0.162120	-0.101850	-0.128842	0.986421
0.872546	-0.487873	0.025354	0.477986	0.863286	0.162069	-0.100957	-0.129294	0.986454
0.872905	-0.487271	0.024570	0.477473	0.863535	0.162257	-0.100280	-0.129903	0.986443
0.873263	-0.486668	0.023785	0.476960	0.863783	0.162445	-0.099602	-0.130512	0.986431
0.873487	-0.486270	0.023710	0.476570	0.863986	0.162507	-0.099508	-0.130648	0.986422
0.873710	-0.485873	0.023636	0.476180	0.864189	0.162570	-0.099414	-0.130784	0.986414
0.873717	-0.485840	0.024034	0.476070	0.864202	0.162826	-0.099878	-0.130822	0.986362
0.873724	-0.485808	0.024433	0.475960	0.864214	0.163082	-0.100342	-0.130860	0.986310
0.873724	-0.485808	0.024433	0.475960	0.864214	0.163082	-0.100342	-0.130860	0.986310
0.873684	-0.485861	0.024823	0.475985	0.864244	0.162849	-0.100575	-0.130463	0.986339
0.873684	-0.485861	0.024823	0.475985	0.864244	0.162849	-0.100575	-0.130463	0.986339
0.873358	-0.486408	0.025553	0.476423	0.863990	0.162921	-0.101323	-0.130114	0.986308
0.873007	-0.487008	0.026119	0.476953	0.863714	0.162830	-0.101859	-0.129694	0.986308
0.872639	-0.487632	0.026766	0.477480	0.863411	0.162894	-0.102543	-0.129368	0.986280
0.872463	-0.487916	0.027327	0.477677	0.863282	0.162998	-0.103120	-0.129156	0.986248
0.872463	-0.487916	0.027327	0.477677	0.863282	0.162998	-0.103120	-0.129156	0.986248
0.872463	-0.487916	0.027327	0.477677	0.863282	0.162998	-0.103120	-0.129156	0.986248
0.872463	-0.487916	0.027327	0.477677	0.863282	0.162998	-0.103120	-0.129156	0.986248
0.872463	-0.487916	0.027327	0.477677	0.863282	0.162998	-0.103120	-0.129156	0.986248
0.872463	-0.487916	0.027327	0.477677	0.863282	0.162998	-0.103120	-0.129156	0.986248
0.872463	-0.487916	0.027327	0.477677	0.863282	0.162998	-0.103120	-0.129156	0.986248
0.872295	-0.488243	0.026830	0.478088	0.863097	0.162777	-0.102632	-0.129163	0.986298
