-0.438642	-0.898336	0.024192	0.885132	-0.427228	0.184437	-0.155351	0.102315	0.982547
-0.438889	-0.898213	0.024291	0.885136	-0.427531	0.183719	-0.154634	0.102133	0.982679
-0.438889	-0.898213	0.024291	0.885136	-0.427531	0.183719	-0.154634	0.102133	0.982679
-0.438598	-0.898384	0.023213	0.885164	-0.427392	0.183902	-0.155294	0.101206	0.982670
-0.438306	-0.898553	0.022136	0.885193	-0.427254	0.184085	-0.155953	0.100280	0.982661
-0.438160	-0.898650	0.021098	0.885062	-0.427195	0.184851	-0.157104	0.099667	0.982540
-0.438160	-0.898650	0.021098	0.885062	-0.427195	0.184851	-0.157104	0.099667	0.982540
-0.438927	-0.898274	0.021167	0.884500	-0.427811	0.186112	-0.158124	0.100411	0.982300
-0.440085	-0.897703	0.021305	0.883781	-0.428817	0.187210	-0.158923	0.101217	0.982089
-0.441425	-0.897048	0.021191	0.883073	-0.430117	0.187566	-0.159142	0.101509	0.982023
-0.442379	-0.896567	0.021647	0.882641	-0.430978	0.187624	-0.158889	0.102107	0.982002
-0.441744	-0.896883	0.021519	0.882960	-0.430389	0.187475	-0.158882	0.101817	0.982034
-0.440451	-0.897520	0.021464	0.883605	-0.429143	0.187295	-0.158890	0.101460	0.982069
-0.439586	-0.897939	0.021670	0.884063	-0.428277	0.187114	-0.158736	0.101410	0.982099
-0.438714	-0.898370	0.021491	0.884474	-0.427454	0.187056	-0.158859	0.101072	0.982114
-0.437965	-0.898736	0.021450	0.884907	-0.426773	0.186561	-0.158515	0.100689	0.982209
-0.437249	-0.899077	0.021781	0.885373	-0.426080	0.185934	-0.157889	0.100583	0.982321
-0.435298	-0.900030	0.021497	0.886417	-0.424295	0.185039	-0.157419	0.099602	0.982496
-0.431905	-0.901687	0.020460	0.888278	-0.421332	0.182870	-0.156271	0.097156	0.982924
-0.427709	-0.903733	0.018222	0.890556	-0.417849	0.179754	-0.154836	0.093110	0.983543
-0.421927	-0.906521	0.014022	0.893773	-0.413298	0.174224	-0.152142	0.086042	0.984606
-0.415858	-0.909388	0.008691	0.897103	-0.408634	0.168000	-0.149226	0.077661	0.985749
-0.410925	-0.911661	0.003992	0.899792	-0.404863	0.162669	-0.146683	0.070436	0.986673
-0.407316	-0.913287	0.000284	0.901684	-0.402092	0.159023	-0.145119	0.065028	0.987275
-0.404676	-0.914456	-0.002715	0.903030	-0.400084	0.156429	-0.144134	0.060851	0.987685
