0.977250	-0.210776	0.023593	0.206048	0.969875	0.129946	-0.050271	-0.122129	0.991240
0.976945	-0.212170	0.023713	0.207437	0.969633	0.129548	-0.050479	-0.121642	0.991290
0.976945	-0.212170	0.023713	0.207437	0.969633	0.129548	-0.050479	-0.121642	0.991290
0.976039	-0.216189	0.024688	0.211307	0.968796	0.129550	-0.051925	-0.121229	0.991266
0.974726	-0.221678	0.027724	0.216378	0.967650	0.129749	-0.055589	-0.120471	0.991159
0.973837	-0.225381	0.029080	0.219862	0.966795	0.130261	-0.057473	-0.120460	0.991053
0.973384	-0.227308	0.029230	0.221772	0.966394	0.130001	-0.057798	-0.120059	0.991083
0.973320	-0.227704	0.028263	0.222286	0.966288	0.129911	-0.056892	-0.120163	0.991123
0.973317	-0.227801	0.027587	0.222435	0.966186	0.130414	-0.056363	-0.120798	0.991076
0.973521	-0.226986	0.027109	0.221672	0.966330	0.130645	-0.055850	-0.121176	0.991059
0.973683	-0.226310	0.026928	0.221019	0.966471	0.130704	-0.055605	-0.121313	0.991056
0.973935	-0.225240	0.026787	0.219964	0.966688	0.130881	-0.055374	-0.121578	0.991036
0.974515	-0.222855	0.025619	0.217753	0.967222	0.130637	-0.053893	-0.121729	0.991099
0.974970	-0.220925	0.025002	0.215935	0.967685	0.130221	-0.052964	-0.121563	0.991170
0.975265	-0.219692	0.024380	0.214780	0.967924	0.130353	-0.052235	-0.121892	0.991168
0.975678	-0.217957	0.023406	0.213158	0.968235	0.130705	-0.051150	-0.122537	0.991145
0.975993	-0.216626	0.022616	0.211957	0.968559	0.130257	-0.050122	-0.122336	0.991222
0.976082	-0.216253	0.022335	0.211636	0.968668	0.129968	-0.049741	-0.122132	0.991267
0.976308	-0.215320	0.021441	0.210822	0.968852	0.129924	-0.048748	-0.122326	0.991292
0.976364	-0.215112	0.020971	0.210675	0.968889	0.129883	-0.048258	-0.122395	0.991308
0.976364	-0.215112	0.020971	0.210675	0.968889	0.129883	-0.048258	-0.122395	0.991308
0.975446	-0.219130	0.022078	0.214526	0.968041	0.129904	-0.049838	-0.121978	0.991281
0.974842	-0.221642	0.023606	0.216822	0.967500	0.130121	-0.051679	-0.121729	0.991217
0.974624	-0.222573	0.023878	0.217758	0.967407	0.129250	-0.051867	-0.120770	0.991325
0.974253	-0.224139	0.024339	0.219263	0.967084	0.129119	-0.052479	-0.120458	0.991330
