0.889540	-0.455993	0.028100	0.445862	0.879900	0.164267	-0.099630	-0.133593	0.986016
0.889540	-0.455993	0.028100	0.445862	0.879900	0.164267	-0.099630	-0.133593	0.986016
0.889235	-0.456591	0.028028	0.446482	0.879619	0.164087	-0.099574	-0.133398	0.986048
0.889235	-0.456591	0.028028	0.446482	0.879619	0.164087	-0.099574	-0.133398	0.986048
0.889573	-0.455955	0.027645	0.445912	0.879924	0.163999	-0.099102	-0.133562	0.986073
0.889573	-0.455955	0.027645	0.445912	0.879924	0.163999	-0.099102	-0.133562	0.986073
0.889848	-0.455400	0.027964	0.445379	0.880303	0.163414	-0.099036	-0.132959	0.986161
0.889848	-0.455400	0.027964	0.445379	0.880303	0.163414	-0.099036	-0.132959	0.986161
0.889927	-0.455297	0.027114	0.445399	0.880308	0.163334	-0.098234	-0.133278	0.986198
0.890044	-0.455121	0.026221	0.445372	0.880373	0.163057	-0.097295	-0.133449	0.986268
0.890044	-0.455121	0.026221	0.445372	0.880373	0.163057	-0.097295	-0.133449	0.986268
0.890044	-0.455121	0.026221	0.445372	0.880373	0.163057	-0.097295	-0.133449	0.986268
0.890044	-0.455121	0.026221	0.445372	0.880373	0.163057	-0.097295	-0.133449	0.986268
0.890044	-0.455121	0.026221	0.445372	0.880373	0.163057	-0.097295	-0.133449	0.986268
0.889699	-0.455808	0.025976	0.446100	0.880033	0.162903	-0.097112	-0.133347	0.986300
0.889154	-0.456839	0.026517	0.447055	0.879563	0.162819	-0.097705	-0.132916	0.986300
0.888059	-0.458892	0.027737	0.448937	0.878627	0.162698	-0.099031	-0.132033	0.986286
0.887022	-0.460818	0.028963	0.450692	0.877749	0.162585	-0.100344	-0.131163	0.986269
0.886721	-0.461354	0.029636	0.451110	0.877492	0.162815	-0.101121	-0.131002	0.986211
0.886721	-0.461354	0.029636	0.451110	0.877492	0.162815	-0.101121	-0.131002	0.986211
0.887620	-0.459637	0.029415	0.449394	0.878288	0.163263	-0.100877	-0.131697	0.986144
0.888391	-0.458168	0.029055	0.447951	0.878957	0.163631	-0.100508	-0.132353	0.986094
0.888797	-0.457421	0.028386	0.447297	0.879283	0.163669	-0.099825	-0.132771	0.986107
0.888797	-0.457421	0.028386	0.447297	0.879283	0.163669	-0.099825	-0.132771	0.986107
0.889071	-0.456888	0.028399	0.446760	0.879541	0.163746	-0.099792	-0.132894	0.986094
