0.963623	-0.265422	0.031328	0.258274	0.954936	0.146259	-0.068736	-0.132848	0.988750
0.963879	-0.264530	0.031003	0.257468	0.955231	0.145755	-0.068171	-0.132508	0.988835
0.964283	-0.263084	0.030754	0.256072	0.955614	0.145701	-0.067721	-0.132621	0.988851
0.964283	-0.263084	0.030754	0.256072	0.955614	0.145701	-0.067721	-0.132621	0.988851
0.964481	-0.262409	0.030292	0.255477	0.955801	0.145522	-0.067140	-0.132614	0.988891
0.964353	-0.262926	0.029878	0.256003	0.955568	0.146123	-0.066970	-0.133265	0.988815
0.964225	-0.263464	0.029264	0.256587	0.955340	0.146588	-0.066578	-0.133835	0.988765
0.963936	-0.264484	0.029589	0.257541	0.955053	0.146788	-0.067083	-0.133874	0.988725
0.963936	-0.264484	0.029589	0.257541	0.955053	0.146788	-0.067083	-0.133874	0.988725
0.963799	-0.264946	0.029903	0.257900	0.954828	0.147618	-0.067663	-0.134562	0.988592
0.963693	-0.265316	0.030064	0.258202	0.954650	0.148240	-0.068031	-0.135095	0.988494
0.963547	-0.265824	0.030251	0.258668	0.954498	0.148406	-0.068324	-0.135171	0.988464
0.963547	-0.265824	0.030251	0.258668	0.954498	0.148406	-0.068324	-0.135171	0.988464
0.963271	-0.266844	0.030055	0.259759	0.954322	0.147633	-0.068078	-0.134403	0.988585
0.963188	-0.267136	0.030118	0.260079	0.954325	0.147047	-0.068024	-0.133801	0.988671
0.963420	-0.266314	0.029992	0.259308	0.954592	0.146677	-0.067692	-0.133534	0.988730
0.963681	-0.265381	0.029868	0.258415	0.954868	0.146453	-0.067386	-0.133415	0.988767
0.963812	-0.264907	0.029847	0.257996	0.955090	0.145740	-0.067114	-0.132766	0.988873
0.963895	-0.264573	0.030116	0.257700	0.955327	0.144712	-0.067058	-0.131726	0.989015
0.963985	-0.264194	0.030565	0.257322	0.955556	0.143870	-0.067216	-0.130824	0.989124
0.963985	-0.264194	0.030565	0.257322	0.955556	0.143870	-0.067216	-0.130824	0.989124
0.963930	-0.264432	0.030235	0.257586	0.955452	0.144087	-0.066989	-0.131102	0.989103
0.963990	-0.264346	0.029057	0.257678	0.955477	0.143754	-0.065764	-0.131090	0.989187
0.964158	-0.263843	0.028048	0.257371	0.955695	0.142851	-0.064496	-0.130512	0.989347
