0.875210	-0.482915	0.028291	0.472675	0.866160	0.162312	-0.102887	-0.128685	0.986334
0.874822	-0.483607	0.028464	0.473349	0.865813	0.162199	-0.103086	-0.128422	0.986347
0.874822	-0.483607	0.028464	0.473349	0.865813	0.162199	-0.103086	-0.128422	0.986347
0.874474	-0.484189	0.029258	0.473860	0.865599	0.161851	-0.103692	-0.127670	0.986381
0.874474	-0.484189	0.029258	0.473860	0.865599	0.161851	-0.103692	-0.127670	0.986381
0.874429	-0.484204	0.030342	0.473759	0.865693	0.161641	-0.104534	-0.126969	0.986383
0.874429	-0.484204	0.030342	0.473759	0.865693	0.161641	-0.104534	-0.126969	0.986383
0.874110	-0.484722	0.031245	0.474165	0.865485	0.161564	-0.105355	-0.126409	0.986368
0.874110	-0.484722	0.031245	0.474165	0.865485	0.161564	-0.105355	-0.126409	0.986368
0.874113	-0.484691	0.031637	0.473994	0.865422	0.162401	-0.106093	-0.126961	0.986218
0.874113	-0.484691	0.031637	0.473994	0.865422	0.162401	-0.106093	-0.126961	0.986218
0.873946	-0.484967	0.032015	0.474153	0.865220	0.163011	-0.106755	-0.127283	0.986105
0.874263	-0.484434	0.031434	0.473706	0.865475	0.162961	-0.106150	-0.127580	0.986132
0.874370	-0.484277	0.030886	0.473649	0.865557	0.162688	-0.105520	-0.127620	0.986194
0.874370	-0.484277	0.030886	0.473649	0.865557	0.162688	-0.105520	-0.127620	0.986194
0.874600	-0.483893	0.030368	0.473282	0.865664	0.163188	-0.105254	-0.128352	0.986127
0.874600	-0.483893	0.030368	0.473282	0.865664	0.163188	-0.105254	-0.128352	0.986127
0.874741	-0.483629	0.030524	0.472944	0.865748	0.163723	-0.105607	-0.128779	0.986034
0.874741	-0.483629	0.030524	0.472944	0.865748	0.163723	-0.105607	-0.128779	0.986034
0.874741	-0.483629	0.030524	0.472944	0.865748	0.163723	-0.105607	-0.128779	0.986034
0.874613	-0.483828	0.031028	0.473006	0.865591	0.164367	-0.106383	-0.129081	0.985911
0.874613	-0.483828	0.031028	0.473006	0.865591	0.164367	-0.106383	-0.129081	0.985911
0.874688	-0.483654	0.031620	0.472709	0.865669	0.164812	-0.107085	-0.129212	0.985818
0.874688	-0.483654	0.031620	0.472709	0.865669	0.164812	-0.107085	-0.129212	0.985818
0.874688	-0.483654	0.031620	0.472709	0.865669	0.164812	-0.107085	-0.129212	0.985818
