0.991929	-0.123116	0.030315	0.118152	0.984274	0.131319	-0.046006	-0.126677	0.990877
0.991990	-0.122779	0.029698	0.117893	0.984295	0.131395	-0.045364	-0.126841	0.990885
0.991955	-0.123149	0.029312	0.118297	0.984211	0.131661	-0.045063	-0.127134	0.990861
0.991890	-0.123744	0.029014	0.118926	0.984136	0.131651	-0.044845	-0.127133	0.990871
0.991815	-0.124339	0.029028	0.119521	0.984084	0.131501	-0.044916	-0.126956	0.990891
0.991669	-0.125371	0.029575	0.120475	0.983966	0.131521	-0.045589	-0.126862	0.990872
0.991458	-0.126877	0.030234	0.121901	0.983834	0.131194	-0.046391	-0.126387	0.990896
0.991203	-0.128586	0.031325	0.123479	0.983693	0.130774	-0.047630	-0.125756	0.990917
0.990971	-0.130110	0.032369	0.124861	0.983520	0.130758	-0.048848	-0.125536	0.990886
0.990849	-0.130925	0.032806	0.125617	0.983430	0.130711	-0.049376	-0.125394	0.990878
0.990849	-0.130925	0.032806	0.125617	0.983430	0.130711	-0.049376	-0.125394	0.990878
0.990947	-0.130179	0.032834	0.124870	0.983518	0.130767	-0.049316	-0.125483	0.990869
0.991178	-0.128502	0.032447	0.123266	0.983751	0.130533	-0.048694	-0.125382	0.990913
0.991384	-0.126921	0.032392	0.121721	0.983991	0.130176	-0.048396	-0.125112	0.990962
0.991446	-0.126455	0.032312	0.121263	0.984030	0.130306	-0.048274	-0.125273	0.990947
0.991390	-0.126897	0.032309	0.121668	0.983888	0.131004	-0.048412	-0.125945	0.990855
0.991530	-0.125981	0.031579	0.120835	0.983946	0.131339	-0.047619	-0.126411	0.990834
0.991755	-0.124446	0.030564	0.119453	0.984151	0.131061	-0.046390	-0.126330	0.990903
0.991878	-0.123659	0.029776	0.118771	0.984232	0.131075	-0.045515	-0.126473	0.990925
0.991952	-0.123132	0.029492	0.118262	0.984229	0.131559	-0.045226	-0.127013	0.990870
0.991971	-0.122969	0.029535	0.118079	0.984204	0.131908	-0.045289	-0.127361	0.990822
0.991971	-0.122969	0.029535	0.118079	0.984204	0.131908	-0.045289	-0.127361	0.990822
0.991983	-0.122935	0.029271	0.118053	0.984132	0.132467	-0.045092	-0.127950	0.990755
0.991983	-0.122935	0.029271	0.118053	0.984132	0.132467	-0.045092	-0.127950	0.990755
