0.992753	-0.115996	0.031414	0.111116	0.985572	0.127678	-0.045771	-0.123262	0.991318
0.992753	-0.115996	0.031414	0.111116	0.985572	0.127678	-0.045771	-0.123262	0.991318
0.992753	-0.115996	0.031414	0.111116	0.985572	0.127678	-0.045771	-0.123262	0.991318
0.992753	-0.115996	0.031414	0.111116	0.985572	0.127678	-0.045771	-0.123262	0.991318
0.992753	-0.115996	0.031414	0.111116	0.985572	0.127678	-0.045771	-0.123262	0.991318
0.992836	-0.115439	0.030834	0.110648	0.985659	0.127413	-0.045101	-0.123089	0.991370
0.992836	-0.115439	0.030834	0.110648	0.985659	0.127413	-0.045101	-0.123089	0.991370
0.992821	-0.115712	0.030279	0.110988	0.985625	0.127379	-0.044583	-0.123104	0.991392
0.992817	-0.115751	0.030254	0.111050	0.985675	0.126935	-0.044513	-0.122664	0.991450
0.992817	-0.115751	0.030254	0.111050	0.985675	0.126935	-0.044513	-0.122664	0.991450
0.992890	-0.115103	0.030326	0.110374	0.985682	0.127469	-0.044564	-0.123216	0.991379
0.992890	-0.115103	0.030326	0.110374	0.985682	0.127469	-0.044564	-0.123216	0.991379
0.992854	-0.115269	0.030881	0.110503	0.985762	0.126739	-0.045050	-0.122421	0.991455
0.992464	-0.118161	0.032465	0.113204	0.985518	0.126248	-0.046912	-0.121622	0.991467
0.992081	-0.120952	0.033849	0.115818	0.985242	0.126033	-0.048594	-0.121114	0.991448
0.991792	-0.123049	0.034762	0.117809	0.985053	0.125665	-0.049705	-0.120539	0.991463
0.992019	-0.121853	0.032419	0.116983	0.985363	0.123994	-0.047054	-0.119212	0.991753
0.992712	-0.117291	0.027653	0.113144	0.986169	0.121118	-0.041476	-0.117107	0.992253
0.993198	-0.113891	0.024228	0.110264	0.986799	0.118617	-0.037417	-0.115139	0.992644
0.993527	-0.111490	0.021774	0.108214	0.987203	0.117130	-0.034555	-0.114015	0.992878
0.993845	-0.108944	0.020109	0.105904	0.987562	0.116217	-0.032520	-0.113372	0.993020
0.993968	-0.107859	0.019871	0.104844	0.987645	0.116471	-0.032188	-0.113685	0.992995
0.993917	-0.108161	0.020753	0.105006	0.987493	0.117609	-0.033214	-0.114714	0.992843
0.993902	-0.108114	0.021675	0.104808	0.987356	0.118925	-0.034259	-0.115928	0.992667
0.993908	-0.107943	0.022250	0.104545	0.987292	0.119687	-0.034887	-0.116632	0.992562
