0.721002	-0.692447	0.025962	0.680473	0.714613	0.162125	-0.130816	-0.099226	0.986429
0.721002	-0.692447	0.025962	0.680473	0.714613	0.162125	-0.130816	-0.099226	0.986429
0.721002	-0.692447	0.025962	0.680473	0.714613	0.162125	-0.130816	-0.099226	0.986429
0.721002	-0.692447	0.025962	0.680473	0.714613	0.162125	-0.130816	-0.099226	0.986429
0.721002	-0.692447	0.025962	0.680473	0.714613	0.162125	-0.130816	-0.099226	0.986429
0.720353	-0.693121	0.025972	0.681158	0.713990	0.161994	-0.130825	-0.099002	0.986450
0.720353	-0.693121	0.025972	0.681158	0.713990	0.161994	-0.130825	-0.099002	0.986450
0.719891	-0.693613	0.025656	0.681687	0.713503	0.161917	-0.130614	-0.099073	0.986471
0.719538	-0.693987	0.025445	0.682089	0.713136	0.161837	-0.130459	-0.099092	0.986489
0.719538	-0.693987	0.025445	0.682089	0.713136	0.161837	-0.130459	-0.099092	0.986489
0.719538	-0.693987	0.025445	0.682089	0.713136	0.161837	-0.130459	-0.099092	0.986489
0.719538	-0.693987	0.025445	0.682089	0.713136	0.161837	-0.130459	-0.099092	0.986489
0.719082	-0.694447	0.025781	0.682573	0.712778	0.161372	-0.130441	-0.098442	0.986557
0.718399	-0.695144	0.026049	0.683268	0.712164	0.161146	-0.130571	-0.097969	0.986587
0.717644	-0.695912	0.026337	0.684061	0.711505	0.160689	-0.130564	-0.097302	0.986654
0.717138	-0.696420	0.026690	0.684580	0.711090	0.160318	-0.130628	-0.096699	0.986704
0.716829	-0.696727	0.026961	0.684872	0.710832	0.160213	-0.130789	-0.096380	0.986714
0.716460	-0.697101	0.027112	0.685264	0.710514	0.159949	-0.130764	-0.096019	0.986753
0.716132	-0.697433	0.027252	0.685618	0.710239	0.159655	-0.130704	-0.095649	0.986797
0.716132	-0.697433	0.027252	0.685618	0.710239	0.159655	-0.130704	-0.095649	0.986797
0.716132	-0.697433	0.027252	0.685618	0.710239	0.159655	-0.130704	-0.095649	0.986797
0.716132	-0.697433	0.027252	0.685618	0.710239	0.159655	-0.130704	-0.095649	0.986797
0.716449	-0.697098	0.027481	0.685331	0.710629	0.159145	-0.130469	-0.095185	0.986873
0.716708	-0.696829	0.027555	0.685106	0.710929	0.158778	-0.130231	-0.094920	0.986930
