-0.005865	-0.000958	0.001945
-0.005979	-0.001647	0.001263
-0.005696	0.001900	0.000430
-0.006174	0.003515	0.000276
-0.003089	0.004666	0.002790
-0.005711	-0.003194	0.002780
-0.004003	0.004972	0.002635
-0.002820	0.003119	0.004308
-0.004062	0.006451	-0.000246
-0.005259	0.003210	0.000431
-0.006093	-0.002336	0.000580
-0.008017	-0.000968	0.002315
-0.004458	0.002215	-0.000096
-0.002611	0.003051	0.002944
-0.003188	0.009071	-0.000243
-0.005865	-0.000958	0.001945
-0.003544	0.001910	0.000060
-0.004326	0.004351	0.003315
-0.005031	0.004588	0.001796
-0.005259	0.003210	0.000431
-0.003886	-0.000157	-0.001988
-0.005410	-0.000372	-0.005708
