0.002280	-0.002138	-0.001830
0.001501	0.003258	-0.001648
0.002246	-0.000055	-0.000720
0.001405	0.001753	-0.002127
0.000248	0.001040	-0.001131
-0.000031	0.000786	-0.002760
0.000450	0.000109	-0.003692
-0.000356	0.000220	-0.001206
-0.000345	0.000663	0.000056
0.001654	0.000282	-0.003244
-0.000232	0.003309	-0.003058
0.002702	0.001950	-0.002278
0.002720	0.001695	-0.000141
0.001670	0.000658	-0.000242
0.002557	0.002048	-0.004215
0.001823	0.002929	-0.004728
0.001954	0.000337	-0.004033
0.000920	-0.000572	-0.001592
0.000672	0.001148	-0.001902
0.000982	0.000029	-0.002326
0.000220	-0.000068	-0.000653
0.001663	0.002877	-0.000527
0.001023	0.000779	-0.001070
0.002202	0.002255	-0.002641
0.000976	0.002289	-0.003384
