0.002193	0.001321	-0.002632
0.002644	0.000132	-0.003152
0.002928	0.000227	-0.002000
0.002123	-0.000110	-0.002288
0.003300	-0.001171	-0.001087
0.003003	0.001189	-0.001845
0.001822	0.000662	-0.001795
0.003424	0.000221	-0.000500
0.005184	0.002979	-0.005831
0.003670	0.004046	-0.004269
0.003109	0.001229	-0.005049
0.001923	0.000857	-0.004226
0.001065	0.000394	-0.002793
0.001468	-0.000156	-0.004004
0.001542	0.001475	-0.003704
0.002036	0.003081	-0.003433
0.004732	0.004975	-0.005811
0.004057	0.003022	0.000449
0.006482	0.000164	0.000192
0.003797	0.004068	-0.001895
0.004162	0.002494	-0.003128
0.001161	0.001843	-0.002030
0.001915	-0.001330	-0.001738
0.002244	-0.000753	-0.002408
0.002886	0.000479	-0.003759
0.002065	0.004203	-0.001917
