0.005708	0.001405	-0.002268
0.005064	0.001298	-0.000297
0.005153	0.003333	-0.002619
0.004534	0.004047	-0.003373
0.003749	0.002440	-0.002632
0.002152	0.002077	-0.002413
0.001767	0.001334	-0.001627
0.002118	0.002731	-0.004055
0.002506	0.002748	-0.003542
0.002246	0.002940	-0.004377
0.002175	0.004036	-0.002971
0.003698	0.004411	-0.004534
0.003682	0.004063	-0.002718
0.002629	0.003447	-0.002294
0.004056	0.002663	-0.002772
0.003319	0.002792	-0.003149
0.002393	0.002558	-0.000198
0.005411	0.000801	-0.003415
0.003198	0.003738	-0.003096
0.004531	0.002548	-0.002894
0.004877	0.000933	-0.001655
0.002447	0.001970	-0.001466
0.003887	0.000407	-0.005124
0.004610	0.002570	-0.004750
0.005069	0.003517	-0.004897
