0.005021	-0.001084	-0.001448
0.002434	-0.001441	-0.001305
0.002825	-0.003364	-0.002191
0.001694	0.003665	-0.005218
0.003712	0.000045	-0.004490
0.001958	0.001166	-0.002225
0.003508	0.001733	-0.003457
0.003883	-0.001420	-0.002891
0.003181	0.002780	-0.004002
0.000801	-0.002155	-0.001542
0.003351	-0.001454	-0.001378
0.003775	0.006362	-0.004679
0.004867	-0.000657	-0.002481
0.004171	0.005025	-0.003424
0.002465	0.000522	-0.001624
0.003289	0.001604	-0.004096
0.002886	0.004436	-0.003285
0.004696	-0.000199	-0.000714
0.004076	-0.001649	-0.001532
0.002889	0.001910	-0.002630
0.003124	0.003564	-0.003391
0.003927	0.000602	-0.004234
0.001590	0.000123	-0.001655
0.000937	0.000846	-0.001529
