0.003548	0.001953	-0.003360
0.002494	0.001414	-0.002217
0.004249	0.001956	-0.003600
0.003108	0.001709	-0.003415
0.003286	0.002125	-0.003245
0.003118	0.003174	-0.003246
0.003915	0.001837	-0.002282
0.003263	0.001498	-0.002701
0.003671	0.001535	-0.002467
0.003771	0.001901	-0.002710
0.003065	0.000769	-0.002124
0.001963	0.001344	-0.002081
0.001310	0.000719	-0.001176
0.003320	0.000210	-0.003808
0.001788	0.002320	-0.001891
0.002538	-0.000220	-0.000575
0.004420	-0.000413	-0.000498
0.003699	0.003842	-0.001658
0.004591	0.002801	-0.005888
0.004033	0.003335	-0.004421
0.004006	0.001283	-0.002146
0.001919	0.000614	-0.001028
0.002464	0.001280	-0.002479
0.002814	0.001898	-0.002775
0.003205	0.002434	-0.003211
