0.003285	-0.001301	-0.003255
0.000853	0.000404	-0.000435
0.001806	-0.000471	-0.002367
0.002805	0.001336	-0.002810
0.002314	0.001891	-0.001832
0.002320	0.001077	-0.001310
0.003003	0.001938	-0.002393
0.002158	0.000718	-0.001092
0.001633	0.001789	-0.002081
0.001388	0.001142	-0.003118
0.001135	0.001578	-0.002467
0.000449	0.000624	-0.000976
0.001164	0.002140	-0.002458
0.002030	0.001203	-0.001595
0.004146	0.000681	-0.001396
0.002119	0.001356	-0.000068
0.001878	0.002459	-0.002118
0.003010	0.002852	-0.003110
0.001676	0.000768	-0.000993
0.000864	0.000805	0.000672
0.000927	0.001437	-0.000948
0.002553	0.001430	-0.003306
0.001678	0.002099	-0.002147
0.002565	-0.000216	-0.000941
0.002872	0.002765	-0.001906
