0.003014	0.000595	0.002101
-0.006250	-0.007232	0.009171
-0.002044	0.001491	0.011471
-0.002646	0.002161	0.009816
0.000499	-0.000912	0.001767
-0.000402	-0.002224	0.008755
-0.001147	0.002976	0.015385
-0.004972	0.010918	0.015197
-0.002910	0.007685	0.013821
0.000746	0.002593	0.004881
0.005350	0.002179	0.000980
0.002629	-0.007302	-0.004297
-0.005398	0.005444	-0.013737
0.003717	0.001883	-0.015201
0.009409	0.006236	-0.015356
-0.002428	0.006533	-0.010249
-0.008774	-0.000839	-0.004905
-0.003378	0.002228	0.000435
0.006855	-0.004118	0.007660
0.002227	0.002986	0.008044
-0.009958	-0.005186	0.007992
-0.014288	0.000319	0.002361
-0.018402	0.004908	0.006299
-0.019501	0.002982	0.018687
-0.006499	-0.001967	0.006156
