0.001655	-0.019823	-0.040143
-0.011568	-0.009757	-0.003617
-0.009765	-0.002445	0.020856
-0.012832	0.006003	0.033551
-0.024187	0.032183	0.037121
-0.007667	0.020655	0.032646
0.002764	0.017780	0.013826
-0.001136	0.016031	0.000717
-0.007428	0.008754	-0.003191
-0.007924	-0.007482	0.005931
-0.000524	-0.019624	0.002698
0.023405	-0.033345	-0.021970
0.023354	-0.036979	-0.035670
0.026323	-0.038942	-0.040869
0.014070	-0.010655	-0.034458
0.001844	0.008415	-0.020383
-0.011477	0.016877	0.004145
-0.002929	0.007699	0.006094
-0.003288	-0.001314	0.009589
-0.004880	-0.004327	0.009324
-0.000786	-0.002434	0.005752
-0.004356	-0.005631	0.007280
-0.004457	-0.000469	0.005506
-0.003544	-0.002531	0.010398
-0.005139	0.000673	0.012287
