-0.001829	0.000611	-0.000311
-0.001939	-0.003726	0.004085
-0.000132	-0.002135	-0.003411
-0.005623	0.005514	0.000960
0.000000	0.000000	0.000000
0.000004	-0.003648	0.005079
0.000914	-0.000305	0.000156
0.000360	0.001343	-0.005608
-0.001906	0.002814	0.004463
0.000665	0.002688	0.001367
-0.000646	-0.001242	0.001362
-0.001260	0.001886	-0.007282
-0.000400	-0.000588	-0.004928
0.000228	0.001378	0.001365
-0.004514	0.002217	0.012486
-0.002556	0.005219	0.000746
-0.000151	-0.003581	-0.006140
0.001660	-0.005638	-0.008557
-0.003074	-0.014264	0.002338
-0.002288	0.003672	0.002263
-0.001179	-0.001795	0.003406
-0.001006	-0.004755	-0.003415
-0.001902	-0.003004	-0.000842
-0.002953	0.000984	0.000896
-0.001656	-0.000180	0.003252
