0.951125	0.144480	-0.272923	-0.030564	0.923504	0.382370	0.307290	-0.355340	0.882783
0.951174	0.144178	-0.272911	-0.030367	0.923619	0.382106	0.307157	-0.355162	0.882901
0.951128	0.144165	-0.273078	-0.030248	0.923575	0.382224	0.307311	-0.355283	0.882799
0.951128	0.144180	-0.273070	-0.030237	0.923541	0.382306	0.307312	-0.355365	0.882765
0.951117	0.144126	-0.273136	-0.030153	0.923536	0.382325	0.307354	-0.355400	0.882737
0.951058	0.144260	-0.273272	-0.030167	0.923461	0.382504	0.307536	-0.355539	0.882617
0.950998	0.144508	-0.273350	-0.030279	0.923341	0.382786	0.307711	-0.355752	0.882471
0.950960	0.144837	-0.273308	-0.030394	0.923073	0.383422	0.307817	-0.356313	0.882208
0.951064	0.144821	-0.272954	-0.030419	0.922955	0.383704	0.307493	-0.356625	0.882195
0.951147	0.144609	-0.272777	-0.030344	0.923030	0.383529	0.307243	-0.356515	0.882326
0.951182	0.144614	-0.272654	-0.030344	0.922968	0.383678	0.307136	-0.356674	0.882299
0.951159	0.144593	-0.272745	-0.030296	0.922980	0.383654	0.307211	-0.356653	0.882281
0.951073	0.144006	-0.273354	-0.029558	0.923088	0.383452	0.307549	-0.356611	0.882180
0.951019	0.143640	-0.273735	-0.029028	0.923074	0.383524	0.307767	-0.356793	0.882031
0.951007	0.143691	-0.273750	-0.028864	0.922832	0.384121	0.307820	-0.357400	0.881767
0.950980	0.144044	-0.273656	-0.029085	0.922636	0.384573	0.307880	-0.357762	0.881598
0.950966	0.144276	-0.273582	-0.029339	0.922628	0.384573	0.307899	-0.357689	0.881621
0.950853	0.145200	-0.273489	-0.029916	0.922183	0.385594	0.308195	-0.358461	0.881204
0.950654	0.145391	-0.274079	-0.029870	0.922187	0.385589	0.308813	-0.358375	0.881023
0.950532	0.144856	-0.274784	-0.029275	0.922447	0.385012	0.309245	-0.357921	0.881056
0.950515	0.144159	-0.275207	-0.028630	0.922703	0.384447	0.309356	-0.357544	0.881170
0.950433	0.144257	-0.275441	-0.028608	0.922674	0.384519	0.309611	-0.357579	0.881066
0.950336	0.144586	-0.275601	-0.028839	0.922637	0.384591	0.309885	-0.357542	0.880985
0.950368	0.144945	-0.275303	-0.029310	0.922627	0.384578	0.309745	-0.357421	0.881084
0.950445	0.145388	-0.274804	-0.030032	0.922718	0.384304	0.309440	-0.357007	0.881359
