0.905104	0.325388	-0.273696	-0.199101	0.893113	0.403370	0.375693	-0.310599	0.873146
0.905036	0.325626	-0.273637	-0.199059	0.892810	0.404062	0.375879	-0.311220	0.872844
0.905166	0.325901	-0.272879	-0.199270	0.892419	0.404821	0.375454	-0.312054	0.872729
0.905449	0.325745	-0.272126	-0.199456	0.892456	0.404648	0.374672	-0.312111	0.873045
0.905054	0.326344	-0.272722	-0.199687	0.892246	0.404997	0.375504	-0.312085	0.872697
0.905010	0.326470	-0.272716	-0.199825	0.892228	0.404969	0.375535	-0.312005	0.872712
0.904947	0.326588	-0.272784	-0.199901	0.892193	0.405007	0.375646	-0.311980	0.872673
0.904821	0.326846	-0.272895	-0.200165	0.892185	0.404894	0.375811	-0.311732	0.872691
0.904754	0.327082	-0.272833	-0.200391	0.892104	0.404961	0.375851	-0.311716	0.872679
0.904605	0.327400	-0.272946	-0.200661	0.892040	0.404969	0.376065	-0.311568	0.872640
0.904578	0.327629	-0.272761	-0.200899	0.891930	0.405093	0.376004	-0.311641	0.872640
0.904613	0.327769	-0.272476	-0.201031	0.891788	0.405341	0.375849	-0.311901	0.872614
0.904562	0.326874	-0.273717	-0.200175	0.892468	0.404266	0.376428	-0.310893	0.872724
0.904564	0.326808	-0.273789	-0.200107	0.892508	0.404211	0.376459	-0.310848	0.872727
0.904599	0.326949	-0.273504	-0.200239	0.892366	0.404460	0.376304	-0.311108	0.872701
0.904558	0.326993	-0.273587	-0.200325	0.892421	0.404295	0.376356	-0.310902	0.872752
0.904561	0.326911	-0.273676	-0.200272	0.892495	0.404158	0.376378	-0.310776	0.872787
0.904666	0.326734	-0.273541	-0.200125	0.892507	0.404203	0.376204	-0.310926	0.872809
0.904794	0.326453	-0.273452	-0.200017	0.892677	0.403882	0.375953	-0.310735	0.872985
0.904776	0.326415	-0.273558	-0.199985	0.892728	0.403785	0.376015	-0.310627	0.872997
0.904731	0.326542	-0.273555	-0.199855	0.892488	0.404381	0.376192	-0.311185	0.872722
0.904704	0.326743	-0.273404	-0.199853	0.892223	0.404966	0.376257	-0.311733	0.872498
0.904866	0.326632	-0.272999	-0.199848	0.892183	0.405056	0.375870	-0.311963	0.872583
