0.975273	0.028729	-0.219129	0.053239	0.931775	0.359112	0.214496	-0.361899	0.907205
0.975352	0.028886	-0.218755	0.052867	0.931926	0.358775	0.214227	-0.361496	0.907429
0.975345	0.028346	-0.218857	0.053289	0.932119	0.358210	0.214155	-0.361041	0.907627
0.975191	0.026767	-0.219742	0.054990	0.932256	0.357595	0.214428	-0.360807	0.907656
0.975070	0.026261	-0.220340	0.055565	0.932442	0.357021	0.214830	-0.360363	0.907737
0.974976	0.025877	-0.220797	0.055980	0.932619	0.356495	0.215144	-0.359934	0.907833
0.974904	0.025771	-0.221131	0.056214	0.932596	0.356518	0.215414	-0.360002	0.907742
0.974926	0.025890	-0.221018	0.055999	0.932703	0.356271	0.215368	-0.359715	0.907867
0.974990	0.025919	-0.220730	0.055891	0.932663	0.356393	0.215105	-0.359817	0.907889
0.975038	0.025818	-0.220530	0.055825	0.932806	0.356028	0.214904	-0.359452	0.908081
0.974958	0.025442	-0.220929	0.056352	0.932750	0.356094	0.215132	-0.359626	0.907958
0.974908	0.025480	-0.221145	0.056384	0.932769	0.356038	0.215349	-0.359573	0.907927
0.974853	0.025345	-0.221401	0.056542	0.932869	0.355751	0.215555	-0.359324	0.907977
0.974852	0.025527	-0.221386	0.056366	0.932872	0.355771	0.215606	-0.359303	0.907973
0.974842	0.026081	-0.221364	0.055791	0.932965	0.355617	0.215800	-0.359021	0.908039
0.974855	0.026306	-0.221282	0.055526	0.933012	0.355534	0.215812	-0.358881	0.908091
0.974869	0.026361	-0.221213	0.055443	0.933024	0.355517	0.215769	-0.358847	0.908115
0.974850	0.026133	-0.221324	0.055653	0.933093	0.355303	0.215801	-0.358684	0.908171
0.974812	0.025896	-0.221521	0.055917	0.933136	0.355147	0.215906	-0.358588	0.908184
