0.893512	0.383321	-0.233882	-0.267358	0.872606	0.408753	0.360770	-0.302696	0.882168
0.893525	0.383368	-0.233757	-0.267375	0.872519	0.408926	0.360727	-0.302885	0.882121
0.893546	0.383448	-0.233546	-0.267562	0.872505	0.408834	0.360537	-0.302824	0.882219
0.893621	0.383379	-0.233372	-0.267643	0.872584	0.408612	0.360290	-0.302684	0.882368
0.893667	0.383293	-0.233337	-0.267604	0.872634	0.408533	0.360205	-0.302650	0.882414
0.893758	0.383134	-0.233250	-0.267510	0.872699	0.408454	0.360049	-0.302662	0.882474
0.893880	0.382868	-0.233216	-0.267330	0.872833	0.408285	0.359878	-0.302613	0.882561
0.893916	0.382944	-0.232954	-0.267591	0.872867	0.408041	0.359594	-0.302418	0.882743
0.893754	0.383439	-0.232761	-0.268201	0.872750	0.407892	0.359544	-0.302128	0.882863
0.893622	0.383854	-0.232585	-0.268695	0.872634	0.407814	0.359503	-0.301937	0.882945
0.893766	0.383655	-0.232359	-0.268716	0.872788	0.407472	0.359129	-0.301746	0.883162
0.894057	0.382874	-0.232528	-0.268289	0.873369	0.406506	0.358723	-0.301055	0.883563
0.894031	0.382720	-0.232879	-0.267976	0.873412	0.406620	0.359021	-0.301125	0.883418
0.893909	0.382818	-0.233189	-0.267659	0.873155	0.407381	0.359563	-0.301746	0.882986
0.893745	0.382922	-0.233645	-0.267465	0.873050	0.407733	0.360114	-0.301918	0.882703
0.893560	0.382866	-0.234443	-0.267307	0.873285	0.407333	0.360690	-0.301308	0.882676
0.893628	0.382670	-0.234505	-0.267455	0.873651	0.406450	0.360412	-0.300495	0.883066
0.893755	0.382671	-0.234017	-0.267871	0.873812	0.405831	0.359787	-0.300027	0.883480
0.893776	0.383334	-0.232852	-0.268858	0.873454	0.405947	0.358999	-0.300221	0.883735
0.893779	0.383681	-0.232266	-0.269233	0.873156	0.406341	0.358710	-0.300645	0.883708
0.893806	0.383737	-0.232071	-0.269311	0.873084	0.406443	0.358585	-0.300782	0.883712
0.893776	0.383805	-0.232073	-0.269439	0.873116	0.406288	0.358562	-0.300602	0.883783
0.893720	0.383981	-0.231999	-0.269517	0.872956	0.406581	0.358645	-0.300842	0.883667
