0.893977	0.352628	-0.276510	-0.246054	0.901991	0.354781	0.374515	-0.249130	0.893125
0.894149	0.351650	-0.277200	-0.244977	0.902382	0.354533	0.374812	-0.249098	0.893010
0.894163	0.351759	-0.277018	-0.245074	0.902295	0.354686	0.374716	-0.249257	0.893006
0.894104	0.352003	-0.276897	-0.245357	0.902220	0.354681	0.374671	-0.249183	0.893045
0.894167	0.351863	-0.276872	-0.245428	0.902394	0.354191	0.374474	-0.248753	0.893247
0.894279	0.351693	-0.276724	-0.245279	0.902416	0.354236	0.374303	-0.248911	0.893275
0.894329	0.351585	-0.276701	-0.245129	0.902412	0.354351	0.374283	-0.249079	0.893237
0.894311	0.351514	-0.276851	-0.245126	0.902517	0.354085	0.374328	-0.248798	0.893296
0.894311	0.351498	-0.276871	-0.245139	0.902547	0.354000	0.374319	-0.248714	0.893323
0.894333	0.351470	-0.276833	-0.245104	0.902539	0.354043	0.374289	-0.248780	0.893318
0.894234	0.351529	-0.277078	-0.244971	0.902460	0.354338	0.374611	-0.248985	0.893125
0.894118	0.351626	-0.277332	-0.244738	0.902280	0.354956	0.375042	-0.249499	0.892801
0.894244	0.351596	-0.276962	-0.244658	0.902158	0.355322	0.374793	-0.249984	0.892770
0.894383	0.351518	-0.276610	-0.244815	0.902242	0.355000	0.374358	-0.249788	0.893007
0.894325	0.351621	-0.276667	-0.244649	0.902049	0.355603	0.374605	-0.250339	0.892749
0.894380	0.351539	-0.276597	-0.244349	0.901908	0.356168	0.374672	-0.250963	0.892546
0.894452	0.351465	-0.276457	-0.244107	0.901778	0.356661	0.374657	-0.251531	0.892392
0.894546	0.351270	-0.276399	-0.243914	0.901818	0.356693	0.374558	-0.251661	0.892398
0.894609	0.350958	-0.276593	-0.243565	0.901932	0.356643	0.374635	-0.251687	0.892358
0.894703	0.350794	-0.276496	-0.243344	0.901913	0.356843	0.374554	-0.251985	0.892308
0.894757	0.350633	-0.276526	-0.243113	0.901919	0.356986	0.374575	-0.252189	0.892241
0.894865	0.350578	-0.276247	-0.242988	0.901812	0.357339	0.374398	-0.252645	0.892186
0.894891	0.350185	-0.276661	-0.242577	0.902020	0.357093	0.374602	-0.252448	0.892157
