0.962902	0.033419	-0.267773	0.068494	0.929537	0.362310	0.261013	-0.367210	0.892765
0.963150	0.033269	-0.266898	0.068361	0.929453	0.362551	0.260131	-0.367437	0.892929
0.963234	0.032459	-0.266695	0.068879	0.929661	0.361920	0.259683	-0.366983	0.893246
0.963269	0.031606	-0.266673	0.069493	0.929884	0.361230	0.259392	-0.366494	0.893531
0.963269	0.031381	-0.266698	0.069641	0.929979	0.360956	0.259350	-0.366271	0.893635
0.963314	0.031108	-0.266567	0.069867	0.929942	0.361007	0.259122	-0.366388	0.893653
0.963407	0.031045	-0.266240	0.069813	0.929927	0.361056	0.258793	-0.366431	0.893731
0.963407	0.030834	-0.266262	0.069970	0.929989	0.360866	0.258748	-0.366291	0.893801
0.963400	0.030219	-0.266360	0.070623	0.929913	0.360935	0.258599	-0.366536	0.893744
0.963313	0.029405	-0.266764	0.071568	0.929841	0.360935	0.258661	-0.366785	0.893623
0.963194	0.028769	-0.267265	0.072342	0.929832	0.360803	0.258892	-0.366857	0.893527
0.962972	0.028983	-0.268040	0.072453	0.929810	0.360839	0.259685	-0.366898	0.893280
0.962485	0.030014	-0.269669	0.072137	0.929791	0.360951	0.261569	-0.366863	0.892745
0.962171	0.030607	-0.270721	0.071980	0.929805	0.360945	0.262765	-0.366777	0.892429
0.962108	0.030614	-0.270946	0.071995	0.929892	0.360717	0.262994	-0.366556	0.892452
0.962136	0.030543	-0.270855	0.072176	0.929682	0.361223	0.262842	-0.367095	0.892276
0.962380	0.030697	-0.269966	0.071888	0.929422	0.361948	0.262023	-0.367739	0.892251
0.962405	0.030959	-0.269847	0.071701	0.929286	0.362334	0.261983	-0.368061	0.892130
0.962476	0.030948	-0.269598	0.071740	0.929113	0.362771	0.261714	-0.368499	0.892028
0.962603	0.030525	-0.269192	0.072032	0.929029	0.362928	0.261165	-0.368746	0.892087
0.962679	0.030016	-0.268975	0.072393	0.929060	0.362777	0.260783	-0.368710	0.892214
0.962761	0.029670	-0.268719	0.072624	0.929042	0.362776	0.260415	-0.368783	0.892291
0.962652	0.028685	-0.269217	0.073582	0.929222	0.362121	0.260550	-0.368406	0.892407
0.962579	0.027823	-0.269571	0.074381	0.929393	0.361521	0.260596	-0.368043	0.892544
0.962585	0.027202	-0.269610	0.074914	0.929458	0.361241	0.260418	-0.367923	0.892645
