0.977801	-0.057729	-0.201427	0.126699	0.928549	0.348918	0.166892	-0.366693	0.915250
0.977863	-0.057900	-0.201078	0.126707	0.928592	0.348802	0.166524	-0.366559	0.915371
0.977908	-0.058566	-0.200663	0.127012	0.928899	0.347871	0.166022	-0.365673	0.915817
0.977950	-0.058826	-0.200384	0.127090	0.929021	0.347517	0.165718	-0.365321	0.916012
0.978029	-0.059056	-0.199928	0.127067	0.929167	0.347136	0.165266	-0.364913	0.916256
0.978109	-0.058916	-0.199578	0.126898	0.928989	0.347672	0.164922	-0.365388	0.916129
0.978141	-0.058841	-0.199446	0.126672	0.929237	0.347092	0.164909	-0.364769	0.916378
0.978045	-0.058920	-0.199889	0.126920	0.929194	0.347117	0.165283	-0.364866	0.916272
0.978030	-0.059033	-0.199930	0.127076	0.929102	0.347304	0.165253	-0.365080	0.916192
0.977957	-0.059440	-0.200166	0.127480	0.929196	0.346906	0.165373	-0.364776	0.916292
0.977941	-0.059692	-0.200170	0.127679	0.929255	0.346674	0.165315	-0.364584	0.916378
0.977960	-0.059741	-0.200064	0.127653	0.929326	0.346494	0.165224	-0.364396	0.916470
0.977910	-0.060045	-0.200216	0.128040	0.929191	0.346714	0.165220	-0.364691	0.916353
0.977763	-0.060337	-0.200846	0.128614	0.928989	0.347041	0.165645	-0.365155	0.916092
0.977663	-0.060266	-0.201354	0.128727	0.928999	0.346974	0.166147	-0.365143	0.916005
0.977778	-0.060003	-0.200874	0.128349	0.928941	0.347269	0.165763	-0.365334	0.915999
0.977582	-0.059942	-0.201845	0.128689	0.928831	0.347436	0.166654	-0.365622	0.915722
0.977416	-0.058767	-0.202991	0.127992	0.928960	0.347350	0.168158	-0.365486	0.915501
0.977197	-0.057333	-0.204446	0.127120	0.929201	0.347024	0.170076	-0.365100	0.915301
0.977249	-0.056291	-0.204488	0.126144	0.929337	0.347016	0.170504	-0.364916	0.915295
0.977391	-0.055874	-0.203923	0.125424	0.929653	0.346431	0.170221	-0.364175	0.915642
0.977383	-0.055713	-0.204004	0.125245	0.929790	0.346127	0.170397	-0.363849	0.915739
