0.858051	0.416939	-0.299851	-0.307238	0.884601	0.350837	0.411526	-0.208910	0.887132
0.858003	0.416758	-0.300241	-0.307075	0.884759	0.350581	0.411748	-0.208603	0.887101
0.857995	0.416843	-0.300144	-0.307123	0.884688	0.350719	0.411729	-0.208734	0.887079
0.858027	0.416570	-0.300433	-0.306870	0.884860	0.350505	0.411851	-0.208549	0.887066
0.858127	0.416042	-0.300877	-0.306484	0.885220	0.349932	0.411929	-0.208072	0.887142
0.858079	0.415894	-0.301219	-0.306290	0.885322	0.349844	0.412174	-0.207934	0.887060
0.858157	0.415742	-0.301206	-0.305936	0.885275	0.350273	0.412273	-0.208439	0.886896
0.858184	0.415700	-0.301188	-0.305917	0.885298	0.350231	0.412232	-0.208424	0.886918
0.858192	0.415648	-0.301236	-0.305838	0.885313	0.350262	0.412274	-0.208462	0.886890
0.858246	0.415633	-0.301104	-0.305736	0.885249	0.350514	0.412237	-0.208769	0.886835
0.858256	0.415642	-0.301062	-0.305922	0.885325	0.350158	0.412079	-0.208424	0.886990
0.858179	0.415914	-0.300906	-0.306165	0.885178	0.350319	0.412058	-0.208509	0.886979
0.858292	0.416106	-0.300319	-0.306396	0.885004	0.350555	0.411651	-0.208862	0.887085
0.858428	0.416110	-0.299923	-0.306422	0.884932	0.350716	0.411348	-0.209161	0.887155
0.858580	0.415977	-0.299671	-0.306321	0.884945	0.350769	0.411105	-0.209368	0.887219
0.858626	0.415978	-0.299540	-0.306329	0.884921	0.350823	0.411003	-0.209468	0.887243
0.858626	0.415978	-0.299540	-0.306329	0.884921	0.350823	0.411003	-0.209468	0.887243
0.858679	0.415860	-0.299552	-0.306322	0.885024	0.350570	0.410899	-0.209268	0.887338
0.858607	0.415901	-0.299702	-0.306333	0.885025	0.350559	0.411041	-0.209184	0.887292
0.858543	0.415890	-0.299899	-0.306265	0.885040	0.350578	0.411225	-0.209138	0.887218
0.858345	0.416039	-0.300259	-0.306341	0.885023	0.350555	0.411581	-0.208916	0.887105
0.858302	0.416201	-0.300157	-0.306503	0.884942	0.350620	0.411549	-0.208939	0.887114
0.858257	0.416199	-0.300289	-0.306494	0.884966	0.350567	0.411651	-0.208839	0.887091
