0.988047	0.020967	-0.152718	0.042087	0.916375	0.398104	0.148294	-0.399773	0.904539
0.988076	0.021140	-0.152506	0.041843	0.916377	0.398125	0.148169	-0.399759	0.904566
0.988073	0.021177	-0.152522	0.041809	0.916397	0.398081	0.148201	-0.399710	0.904582
0.988064	0.020940	-0.152614	0.042067	0.916382	0.398088	0.148189	-0.399756	0.904563
0.988048	0.020630	-0.152761	0.042453	0.916263	0.398321	0.148187	-0.400045	0.904436
0.988065	0.020996	-0.152599	0.042150	0.916004	0.398949	0.148158	-0.400620	0.904186
0.988009	0.022447	-0.152758	0.041029	0.915634	0.399914	0.148847	-0.401386	0.903733
0.987972	0.023605	-0.152818	0.040075	0.915427	0.400483	0.149347	-0.401790	0.903471
0.987984	0.023978	-0.152688	0.039670	0.915459	0.400452	0.149381	-0.401697	0.903507
0.987998	0.023258	-0.152703	0.040264	0.915645	0.399967	0.149124	-0.401315	0.903719
0.988087	0.021270	-0.152420	0.041852	0.915939	0.399129	0.148097	-0.400753	0.904137
0.988245	0.019812	-0.151590	0.042772	0.916137	0.398576	0.146774	-0.400375	0.904521
0.988313	0.019676	-0.151162	0.042732	0.916113	0.398637	0.146325	-0.400438	0.904565
0.988285	0.019630	-0.151350	0.042772	0.916327	0.398139	0.146502	-0.399949	0.904753
0.988228	0.019410	-0.151751	0.043056	0.916539	0.397621	0.146804	-0.399474	0.904914
0.988177	0.019481	-0.152076	0.043057	0.916714	0.397216	0.147149	-0.399068	0.905037
0.988199	0.019928	-0.151875	0.042579	0.916688	0.397329	0.147140	-0.399107	0.905021
0.988210	0.020685	-0.151702	0.041832	0.916652	0.397490	0.147280	-0.399150	0.904980
0.988261	0.020923	-0.151333	0.041451	0.916695	0.397431	0.147042	-0.399039	0.905067
0.988294	0.020887	-0.151127	0.041422	0.916640	0.397563	0.146833	-0.399169	0.905044
0.988287	0.020950	-0.151159	0.041349	0.916716	0.397395	0.146896	-0.398990	0.905112
0.988304	0.020896	-0.151056	0.041315	0.916831	0.397133	0.146791	-0.398729	0.905245
0.988270	0.020776	-0.151300	0.041481	0.916941	0.396862	0.146978	-0.398483	0.905323
0.988205	0.020502	-0.151756	0.041901	0.916977	0.396734	0.147290	-0.398414	0.905302
0.988183	0.020091	-0.151956	0.042399	0.916861	0.396950	0.147298	-0.398702	0.905174
