-0.001943	0.000078	0.000994
-0.001204	-0.006224	-0.000903
-0.000114	0.000689	0.000683
-0.000665	0.002688	0.001367
-0.001811	-0.002057	-0.002417
0.000437	-0.001310	-0.000002
-0.001521	0.003862	-0.001358
-0.000573	-0.002372	-0.001892
-0.001028	0.000384	0.000838
-0.001069	-0.002542	0.000990
-0.000209	-0.000068	-0.001363
-0.000646	0.001242	-0.001362
-0.004458	-0.002215	0.000096
-0.002534	-0.000848	0.001830
-0.001487	-0.002678	-0.001736
0.000801	0.000994	0.000527
-0.001179	0.001795	-0.003406
-0.001939	0.003726	-0.004085
-0.001274	0.001038	-0.005452
-0.002402	-0.002983	-0.001581
0.000191	0.001514	0.004092
-0.002119	-0.006530	-0.000748
