0.001293	-0.002484	0.002723
0.001065	-0.001106	0.004089
0.001535	-0.008956	0.003709
0.003922	-0.000879	0.002939
0.007074	-0.012940	0.010052
0.005248	-0.009903	0.005284
0.003137	-0.006967	0.004762
0.001293	-0.002484	0.002723
0.002262	-0.004347	0.004766
0.000378	-0.002789	0.002879
0.002053	-0.004415	0.003402
0.001763	-0.010334	0.002343
0.004033	-0.005216	0.007335
0.001616	-0.003105	0.003404
0.002968	-0.004110	0.003247
0.002604	-0.006414	0.002718
0.002718	-0.007103	0.002036
0.002053	-0.004415	0.003402
0.002854	-0.003421	0.003929
0.003897	-0.008898	0.005442
0.002053	-0.004415	0.003402
0.002262	-0.004347	0.004766
0.001197	-0.003241	0.000677
