-0.003055	0.011206	0.003168
-0.012920	0.007233	-0.007940
-0.007610	-0.016356	-0.024134
-0.021638	0.050903	-0.005863
-0.024209	0.022664	-0.021636
-0.017217	-0.004424	-0.017811
0.018179	-0.010442	0.007509
0.026457	-0.023411	0.019220
0.017224	-0.007212	0.007201
0.011730	0.001915	-0.003890
0.000000	0.000000	0.000000
-0.007764	-0.007609	0.006182
-0.006618	-0.012354	0.002398
-0.003306	-0.011995	-0.004106
-0.027912	-0.011081	0.007459
0.021823	0.002927	-0.012184
0.000992	-0.000338	0.005765
0.018223	-0.019186	0.002356
0.013075	0.036410	-0.005405
0.007801	0.006161	-0.021493
-0.004760	-0.002777	-0.001991
0.006941	-0.006709	0.019587
0.010672	-0.006486	0.010356
0.006662	-0.000729	-0.028319
0.000257	0.007225	-0.024103
