0.017261	0.004361	0.054194
0.033722	-0.001134	0.056995
0.037908	0.001846	0.050495
0.046789	-0.005478	0.045229
0.044534	0.002564	0.037487
0.036579	-0.007871	0.026993
0.029748	0.003175	0.003010
0.045166	0.009716	-0.025726
0.044857	0.014189	-0.027396
0.036564	0.002379	-0.014090
0.028117	-0.005024	0.008765
0.000860	0.021551	0.000455
-0.015741	0.008182	-0.014017
-0.042822	0.008464	-0.001401
-0.000669	-0.018725	0.016220
0.016769	-0.005628	0.025239
0.006669	-0.003684	0.002607
-0.015278	0.003643	-0.001129
-0.026421	-0.017406	0.010802
-0.019869	-0.018132	0.007647
-0.030879	-0.013020	0.021090
0.006589	-0.002174	-0.018465
0.005245	0.015721	0.000021
-0.027294	0.028023	0.007001
-0.019604	0.029848	-0.010095
