0.009835	-0.010554	-0.004958
0.009174	0.007135	-0.003144
0.009145	-0.003053	0.001556
-0.001286	-0.009779	0.012881
-0.010350	-0.012577	0.011629
-0.026729	-0.012933	0.009132
-0.028602	-0.003579	0.013973
-0.029145	0.011151	0.021549
-0.017709	-0.005732	-0.005231
0.004077	-0.001357	-0.002104
0.000030	0.010188	-0.004701
-0.018340	0.022144	-0.008118
-0.020045	0.008161	-0.013278
0.017261	-0.008660	-0.008109
0.016035	0.010617	0.036906
0.005568	-0.003342	0.022006
0.012340	0.000265	-0.010709
0.022660	0.002655	-0.017638
0.034353	0.001678	-0.026985
0.018245	-0.001703	-0.012502
0.004907	0.005666	-0.017716
0.001638	-0.003437	-0.016364
-0.010974	0.003663	-0.001868
-0.009255	-0.001284	0.002840
0.002975	-0.005356	-0.003473
