0.010746	-0.005042	0.000503
0.000874	0.002620	0.000003
-0.000536	0.003095	-0.003035
0.012266	-0.001179	-0.000856
0.035065	-0.027709	-0.003026
-0.004752	0.037977	0.004370
-0.018862	0.006308	-0.011605
-0.028220	-0.006608	0.005790
0.002908	-0.014095	0.016538
0.022035	-0.020473	0.014198
0.017533	-0.011684	0.008871
0.003327	-0.014231	0.013812
-0.004525	-0.008694	0.009532
-0.007992	-0.008987	0.004817
0.005795	-0.006304	0.002603
0.003092	-0.012654	-0.018479
-0.048713	-0.008499	-0.000060
0.004788	-0.043765	-0.040448
-0.005480	-0.009804	-0.011544
0.000455	0.002756	0.002730
-0.009614	0.019227	-0.003835
-0.003548	0.005558	-0.005019
-0.019803	-0.005052	0.008403
-0.000015	-0.024778	0.025016
0.020229	0.001961	0.019795
0.032994	-0.009546	-0.004250
