-0.014242	-0.005439	-0.000516
0.007015	-0.005265	0.009733
0.014558	-0.006329	0.012344
0.011885	0.001849	0.007328
0.012817	-0.023205	0.001727
-0.001997	0.023948	0.009690
-0.015498	-0.005031	0.007664
-0.006802	-0.018135	0.016648
0.005788	0.005331	0.013213
0.008425	-0.010080	-0.007996
0.006310	0.016827	-0.004068
0.004562	0.011587	-0.004075
-0.009145	0.003053	-0.001556
-0.009563	0.003189	0.001170
-0.006897	0.002306	-0.003972
-0.002255	0.008042	-0.007742
0.001601	-0.001989	-0.001054
-0.002123	-0.013847	-0.002433
-0.011003	-0.010864	-0.017935
-0.020089	0.012564	-0.028893
0.001962	0.016869	-0.039711
-0.015697	0.003779	0.001598
0.012626	-0.021691	0.005819
-0.007889	0.006985	0.011031
-0.010386	-0.019810	-0.014596
