0.000628	0.000204	0.004090
0.000000	0.000000	-0.000000
-0.000018	0.001446	0.002729
0.000077	0.002203	0.004775
-0.001352	0.001005	0.000157
-0.000018	0.001446	0.002729
0.000191	0.001514	0.004092
0.001924	0.001368	0.001735
-0.001943	0.000078	0.000994
0.000000	0.000000	-0.000000
0.000228	-0.001378	-0.001365
0.001832	0.006428	0.004994
0.000742	-0.000485	0.003408
-0.001028	0.000384	0.000838
0.000573	0.002372	0.001892
-0.001564	-0.002711	0.003873
0.001161	-0.000349	0.006134
-0.001197	0.003241	-0.000677
-0.001256	0.001762	0.002203
0.000650	0.004576	0.006667
0.001965	0.004293	0.001583
0.001829	0.000611	-0.000311
-0.000268	-0.001547	0.001517
0.000169	-0.002857	0.001516
-0.000228	0.001378	0.001365
