0.000059	0.001479	-0.002881
0.003313	-0.000359	0.006504
0.000015	-0.005094	0.002350
0.003217	-0.001116	0.004458
0.000687	0.001683	0.001209
0.000305	0.000825	0.003409
-0.000683	0.004134	0.004095
0.000801	0.000994	0.000527
0.000378	-0.002789	0.002879
-0.002328	-0.006598	-0.002111
0.000856	-0.001174	0.002725
-0.003878	0.009622	0.002214
-0.001087	-0.001096	0.003719
-0.003254	0.004009	0.000999
0.002376	-0.005036	0.004083
0.000000	0.000000	-0.000000
0.002571	0.000126	0.003096
0.002516	0.002294	0.000898
0.002630	0.001605	0.000216
0.001730	-0.003794	0.002722
0.000283	-0.003546	0.000833
0.000573	0.002372	0.001892
-0.002185	0.006550	0.000009
-0.001616	0.005275	0.006980
-0.001638	0.000904	0.004403
