-0.001087	-0.001096	0.003719
-0.000745	-0.003163	0.001671
0.000114	-0.000689	-0.000683
0.000970	-0.001863	0.002043
0.002953	0.000984	0.000896
0.000687	0.001683	0.001209
0.004341	-0.000743	0.005666
-0.003162	-0.001052	-0.002260
-0.000022	0.019653	-0.004475
0.001418	-0.011915	0.009470
-0.002270	-0.005118	-0.004992
-0.002340	0.004314	0.000843
0.000231	0.004440	0.003940
-0.000305	0.001345	0.006974
-0.000624	0.005614	0.001215
0.000591	0.000926	-0.000836
0.002226	-0.003625	-0.000161
0.001844	-0.004483	0.002039
0.001238	-0.000316	0.000525
0.000419	0.000136	0.002727
0.001010	0.001062	0.001890
-0.001521	0.003862	-0.001358
-0.001047	0.001830	0.003567
-0.001370	0.002451	0.002886
-0.001407	0.003173	-0.002041
