-0.000342	0.002067	0.002048
0.000742	-0.000485	0.003408
0.000323	-0.000621	0.000681
0.000760	-0.001931	0.000679
0.001065	-0.001106	0.004089
-0.000914	-0.000305	0.000156
-0.000893	0.004066	0.002732
-0.000320	0.006439	0.004624
0.002270	0.005118	0.004992
-0.001539	0.005308	0.001370
0.001921	-0.002280	0.006814
0.001730	-0.003794	0.002722
0.000342	-0.002067	-0.002048
0.000760	-0.001931	0.000679
0.000228	-0.001378	-0.001365
0.003313	-0.000359	0.006504
-0.001594	0.007477	-0.000828
0.000595	0.006744	0.004468
-0.000852	0.006992	0.002580
-0.000551	0.001999	0.000684
-0.000059	-0.001479	0.002881
-0.000059	-0.001479	0.002881
0.001407	-0.003173	0.002041
0.001730	-0.003794	0.002722
