0.010217	-0.009242	0.007626
0.003415	-0.031718	0.003506
0.003231	-0.037499	0.017756
-0.004392	0.013125	-0.009723
-0.002042	-0.024039	-0.022896
-0.016674	-0.010473	0.016149
-0.076293	0.041480	-0.009587
-0.090784	0.100258	-0.066507
-0.063989	0.078222	-0.071086
-0.036401	0.068997	-0.055198
-0.013236	0.019001	-0.019768
-0.004642	-0.005736	0.003770
0.011781	-0.014123	0.001115
0.020772	-0.017110	-0.008547
0.019692	0.000715	-0.004007
0.010746	-0.005042	0.000503
0.011121	0.003566	0.002928
0.007654	0.007613	0.018982
0.014037	0.025884	0.005060
0.000529	0.008541	0.013644
0.001748	0.009581	0.020775
-0.008241	0.024541	0.035282
-0.006126	-0.002365	0.031353
0.007771	0.004654	0.024743
0.013236	-0.019001	0.019768
