0.010364	-0.006353	-0.012081
0.003246	-0.017061	-0.028028
-0.008183	-0.011813	-0.011858
-0.005362	-0.012762	-0.005782
-0.002167	-0.005104	0.002720
0.001866	0.002282	0.005768
-0.003004	-0.004832	0.008174
0.003863	-0.021666	-0.003921
0.005112	-0.010439	-0.001492
0.005905	-0.001968	-0.001793
0.000352	-0.013216	-0.003483
-0.002526	0.011067	-0.024722
-0.002857	0.002397	0.009234
0.000969	-0.017821	0.020624
-0.008367	-0.017595	0.002391
-0.068639	0.088462	-0.035938
-0.031617	0.202717	0.007412
0.027026	0.162858	-0.059936
-0.044324	0.173528	-0.036450
-0.017128	0.026139	-0.031913
0.002900	-0.063530	-0.031358
-0.010754	-0.031372	0.013904
-0.006383	-0.009591	0.055457
0.001835	-0.051615	0.035034
-0.002587	-0.053017	0.009244
