-0.005581	0.074663	-0.004583
-0.067852	0.112909	-0.004861
-0.035609	0.033759	-0.030934
-0.032171	0.028205	-0.000751
-0.001792	-0.005178	-0.036390
0.003011	-0.011144	-0.039551
0.007808	-0.001134	-0.011335
0.001373	-0.003367	-0.002419
0.013419	-0.013220	0.005518
-0.001543	-0.021345	0.016217
0.010423	0.018362	-0.000715
-0.000455	-0.002756	-0.002730
0.002681	-0.015473	0.015173
-0.006912	-0.022472	0.021044
-0.003754	-0.022046	0.003322
0.010180	-0.012135	0.002169
0.008572	0.001490	0.013832
-0.001638	0.003437	0.016364
-0.001249	-0.006887	0.018338
0.003731	0.004564	0.011537
0.004062	0.017574	-0.001652
0.009615	0.028822	0.000038
0.011261	0.018090	-0.006169
0.029292	-0.008262	-0.041256
