0.010283	0.003838	0.008382
0.011443	-0.015498	0.024914
0.011180	0.023941	-0.006473
0.004870	0.007114	-0.002405
0.008425	-0.005739	0.012772
0.004620	-0.011747	0.011088
0.008425	-0.010080	-0.007996
0.015432	-0.008049	-0.008420
0.009791	-0.001811	0.000195
0.001557	0.006755	0.004099
-0.001939	-0.003726	0.004085
-0.001748	-0.005240	-0.000007
0.011664	-0.011165	-0.004647
0.012039	-0.002557	-0.002221
0.002556	-0.005219	-0.000746
-0.003306	-0.011995	-0.004106
-0.003570	-0.016265	-0.010928
0.001461	-0.020853	-0.012724
0.006676	-0.015320	-0.008003
-0.001205	-0.015630	0.013186
0.002491	0.029750	-0.005299
0.002887	0.012131	0.006833
-0.003724	-0.007518	0.019389
-0.006501	-0.015313	0.008160
0.009115	-0.017581	-0.014511
