0.995256	-0.091250	0.033755	0.051233	0.786477	0.615491	-0.082711	-0.610842	0.787421
0.995256	-0.091250	0.033755	0.051233	0.786477	0.615491	-0.082711	-0.610842	0.787421
0.995256	-0.091250	0.033755	0.051233	0.786477	0.615491	-0.082711	-0.610842	0.787421
0.995303	-0.090597	0.034129	0.050507	0.786663	0.615313	-0.082594	-0.610699	0.787544
0.995303	-0.090597	0.034129	0.050507	0.786663	0.615313	-0.082594	-0.610699	0.787544
0.995303	-0.090597	0.034129	0.050507	0.786663	0.615313	-0.082594	-0.610699	0.787544
0.995303	-0.090597	0.034129	0.050507	0.786663	0.615313	-0.082594	-0.610699	0.787544
0.995303	-0.090597	0.034129	0.050507	0.786663	0.615313	-0.082594	-0.610699	0.787544
0.995303	-0.090597	0.034129	0.050507	0.786663	0.615313	-0.082594	-0.610699	0.787544
0.995265	-0.090704	0.034944	0.050091	0.786682	0.615323	-0.083302	-0.610659	0.787500
0.995236	-0.090800	0.035512	0.049826	0.786757	0.615249	-0.083804	-0.610548	0.787533
0.995186	-0.091227	0.035825	0.049990	0.786877	0.615082	-0.084301	-0.610330	0.787649
0.995186	-0.091227	0.035825	0.049990	0.786877	0.615082	-0.084301	-0.610330	0.787649
0.995123	-0.091836	0.036019	0.050333	0.786716	0.615259	-0.084839	-0.610445	0.787502
0.995123	-0.091836	0.036019	0.050333	0.786716	0.615259	-0.084839	-0.610445	0.787502
0.995043	-0.092537	0.036410	0.050666	0.786823	0.615096	-0.085567	-0.610202	0.787611
0.994985	-0.093012	0.036783	0.050837	0.786985	0.614874	-0.086139	-0.609921	0.787767
0.994985	-0.093012	0.036783	0.050837	0.786985	0.614874	-0.086139	-0.609921	0.787767
0.994985	-0.093012	0.036783	0.050837	0.786985	0.614874	-0.086139	-0.609921	0.787767
0.994985	-0.093012	0.036783	0.050837	0.786985	0.614874	-0.086139	-0.609921	0.787767
0.994936	-0.093419	0.037072	0.050962	0.786830	0.615063	-0.086628	-0.610059	0.787606
0.994817	-0.094779	0.036815	0.052128	0.786283	0.615664	-0.087300	-0.610554	0.787149
0.994726	-0.096053	0.035971	0.053616	0.785934	0.615982	-0.087438	-0.610804	0.786939
0.994637	-0.097423	0.034733	0.055458	0.785803	0.615986	-0.087304	-0.610756	0.786991
0.994553	-0.098438	0.034271	0.056597	0.786105	0.615496	-0.087528	-0.610204	0.787395
