0.946127	-0.312239	0.085737	0.195163	0.761193	0.618463	-0.258371	-0.568412	0.781123
0.946127	-0.312239	0.085737	0.195163	0.761193	0.618463	-0.258371	-0.568412	0.781123
0.946127	-0.312239	0.085737	0.195163	0.761193	0.618463	-0.258371	-0.568412	0.781123
0.946497	-0.310902	0.086501	0.193805	0.761946	0.617962	-0.258035	-0.568135	0.781435
0.946497	-0.310902	0.086501	0.193805	0.761946	0.617962	-0.258035	-0.568135	0.781435
0.947048	-0.309418	0.085792	0.193145	0.762407	0.617601	-0.256506	-0.568328	0.781798
0.947240	-0.309149	0.084639	0.193974	0.763118	0.616462	-0.255168	-0.567519	0.782822
0.947405	-0.308931	0.083575	0.194716	0.763664	0.615551	-0.253986	-0.566903	0.783653
0.947581	-0.308529	0.083070	0.194779	0.763880	0.615263	-0.253282	-0.566831	0.783933
0.947738	-0.308171	0.082601	0.194820	0.764008	0.615091	-0.252660	-0.566853	0.784118
0.947738	-0.308171	0.082601	0.194820	0.764008	0.615091	-0.252660	-0.566853	0.784118
0.947738	-0.308171	0.082601	0.194820	0.764008	0.615091	-0.252660	-0.566853	0.784118
0.947738	-0.308171	0.082601	0.194820	0.764008	0.615091	-0.252660	-0.566853	0.784118
0.947738	-0.308171	0.082601	0.194820	0.764008	0.615091	-0.252660	-0.566853	0.784118
0.947738	-0.308171	0.082601	0.194820	0.764008	0.615091	-0.252660	-0.566853	0.784118
0.947623	-0.308332	0.083321	0.194429	0.763856	0.615404	-0.253394	-0.566970	0.783796
0.947498	-0.308656	0.083539	0.194526	0.763739	0.615518	-0.253786	-0.566952	0.783683
0.947387	-0.308986	0.083578	0.194653	0.763418	0.615876	-0.254102	-0.567204	0.783397
0.947387	-0.308986	0.083578	0.194653	0.763418	0.615876	-0.254102	-0.567204	0.783397
0.947387	-0.308986	0.083578	0.194653	0.763418	0.615876	-0.254102	-0.567204	0.783397
0.947122	-0.309855	0.083364	0.195359	0.762942	0.616242	-0.254548	-0.567370	0.783132
0.947017	-0.310132	0.083527	0.195332	0.762563	0.616720	-0.254959	-0.567729	0.782738
0.947017	-0.310132	0.083527	0.195332	0.762563	0.616720	-0.254959	-0.567729	0.782738
0.947017	-0.310132	0.083527	0.195332	0.762563	0.616720	-0.254959	-0.567729	0.782738
