0.998223	-0.035857	0.047597	-0.001181	0.786657	0.617389	-0.059580	-0.616348	0.785217
0.998223	-0.035857	0.047597	-0.001181	0.786657	0.617389	-0.059580	-0.616348	0.785217
0.998192	-0.035758	0.048306	-0.001694	0.786697	0.617337	-0.060077	-0.616303	0.785214
0.998169	-0.035715	0.048810	-0.002049	0.786600	0.617459	-0.060447	-0.616429	0.785087
0.998156	-0.035661	0.049115	-0.002279	0.786612	0.617444	-0.060653	-0.616417	0.785080
0.998156	-0.035661	0.049115	-0.002279	0.786612	0.617444	-0.060653	-0.616417	0.785080
0.998147	-0.035507	0.049419	-0.002585	0.786630	0.617419	-0.060797	-0.616403	0.785081
0.998147	-0.035507	0.049419	-0.002585	0.786630	0.617419	-0.060797	-0.616403	0.785081
0.998138	-0.034967	0.049986	-0.003359	0.786667	0.617369	-0.060910	-0.616387	0.785084
0.998149	-0.034467	0.050113	-0.003828	0.786699	0.617326	-0.060701	-0.616374	0.785110
0.998149	-0.034467	0.050113	-0.003828	0.786699	0.617326	-0.060701	-0.616374	0.785110
0.998131	-0.035728	0.049582	-0.002581	0.785936	0.618302	-0.061059	-0.617274	0.784375
0.998082	-0.037871	0.048972	-0.000579	0.785311	0.619101	-0.061905	-0.617942	0.783783
0.998066	-0.038701	0.048647	0.000296	0.785521	0.618835	-0.062163	-0.617624	0.784013
0.998059	-0.038542	0.048912	0.000049	0.785939	0.618304	-0.062272	-0.617102	0.784415
0.998058	-0.037536	0.049718	-0.001192	0.786440	0.617665	-0.062285	-0.616525	0.784868
0.998058	-0.035396	0.051265	-0.003767	0.787116	0.616794	-0.062184	-0.615789	0.785453
0.998007	-0.035091	0.052452	-0.004763	0.786899	0.617063	-0.062927	-0.616083	0.785164
0.997947	-0.035590	0.053255	-0.004909	0.786487	0.617587	-0.063864	-0.616580	0.784698
0.997931	-0.036340	0.053030	-0.004233	0.785971	0.618249	-0.064147	-0.617195	0.784191
0.997933	-0.037120	0.052460	-0.003298	0.785661	0.618648	-0.064180	-0.617543	0.783915
0.997943	-0.037431	0.052046	-0.002813	0.785502	0.618853	-0.064047	-0.617727	0.783780
0.997943	-0.037431	0.052046	-0.002813	0.785502	0.618853	-0.064047	-0.617727	0.783780
0.997943	-0.037431	0.052046	-0.002813	0.785502	0.618853	-0.064047	-0.617727	0.783780
