-0.002284	-0.002146	-0.003042
-0.004609	0.000804	0.004149
-0.001072	0.008359	0.004315
-0.001542	0.000509	0.003935
-0.002953	0.000984	0.000896
-0.004359	-0.002189	0.002937
-0.004782	0.001594	0.000585
-0.002347	0.005151	-0.000617
-0.002060	0.005050	0.003628
-0.002765	0.005287	0.002109
-0.003390	-0.000326	0.000895
-0.003753	0.001978	0.001423
-0.003680	0.005593	0.001954
-0.003162	0.001052	0.002260
-0.002402	0.002983	0.001581
-0.002743	0.000916	-0.000467
-0.001715	0.001300	0.000371
-0.002424	0.007355	0.004157
-0.002174	0.004361	0.002946
-0.004132	-0.000811	0.004302
-0.002556	0.005219	0.000746
