-0.003015	0.008281	0.003321
-0.001238	-0.000316	0.000525
-0.002361	0.000058	0.001733
-0.002630	0.001605	0.000216
-0.000514	0.000893	0.004773
0.000110	0.006507	0.005987
0.000301	0.004993	0.001896
-0.002571	0.000126	0.003096
-0.002644	-0.003489	0.002566
-0.002288	0.003672	0.002263
-0.000613	0.005298	0.001740
-0.001069	0.002542	-0.000990
-0.002839	0.001673	0.001579
-0.003581	0.001188	0.004987
0.000092	0.005061	0.003259
-0.001825	-0.003037	0.004768
-0.002079	0.003604	0.000900
-0.004231	0.003594	0.001269
-0.002571	0.000126	0.003096
-0.002420	0.001537	-0.001148
-0.002060	0.005050	0.003628
0.000852	0.006992	0.002580
