-0.002787	0.009659	0.004686
-0.002501	0.007388	-0.001452
-0.004723	0.000115	0.003466
-0.004433	-0.005804	0.002407
-0.002887	-0.009961	0.003551
0.000323	0.000621	-0.000681
0.000823	0.020829	0.005382
0.002241	0.010889	0.008194
-0.001179	-0.001795	0.003406
-0.005825	-0.003883	0.002097
-0.007136	-0.007813	0.002092
-0.005388	-0.002573	0.002099
-0.001645	0.010732	0.006207
-0.001377	0.007014	-0.002660
-0.002743	0.000916	-0.000467
-0.002608	-0.002767	-0.002361
-0.000117	0.005129	0.004622
0.000683	0.004134	0.004095
-0.001414	0.006292	0.002267
-0.002207	-0.002179	0.002568
-0.001829	0.000611	-0.000311
-0.000499	0.005987	0.002422
-0.002876	0.000951	0.006506
-0.002497	0.003740	0.003627
