-0.002200	0.012380	0.000443
-0.000940	0.008325	-0.002658
-0.004514	0.000047	0.002103
-0.005502	-0.003262	0.001417
-0.001697	0.002746	0.003100
0.000316	0.010086	-0.000455
-0.001076	0.012007	-0.000764
-0.006019	0.001279	0.001110
-0.008300	-0.004515	0.003148
-0.004268	0.000701	-0.004188
-0.004917	0.005277	0.002479
-0.001098	0.016379	0.001812
-0.001704	0.012211	0.003326
-0.005560	-0.001783	-0.001464
-0.005751	-0.000269	0.002628
-0.005127	0.005345	0.003842
-0.003948	0.007140	0.000436
-0.004102	0.009376	-0.000398
-0.004385	0.005830	0.000435
-0.004077	0.001357	0.002104
-0.003430	0.002599	0.000743
-0.001146	0.004745	0.003784
