-0.005138	-0.005567	0.000888
-0.004359	-0.002189	0.002937
0.000052	0.007986	0.003107
0.001572	0.011848	0.001748
-0.003202	0.003977	0.002108
-0.006585	-0.005814	0.002776
-0.004642	-0.005736	0.003770
-0.000441	0.004508	0.005303
-0.000595	0.006744	0.004468
0.001837	0.013949	-0.001813
-0.001601	0.001989	0.001054
0.000055	0.002168	-0.002198
-0.003405	-0.005420	0.003245
-0.003680	0.005593	0.001954
-0.003122	-0.001874	0.002412
-0.001983	0.002847	-0.001146
-0.002666	0.000883	0.005142
-0.001965	0.004293	0.001583
-0.001946	0.005739	0.004311
-0.010037	-0.001013	-0.004288
-0.001528	0.005603	0.001584
-0.000514	0.000893	0.004773
