0.014999	-0.011018	0.005242
0.013508	-0.017343	0.008584
0.004451	-0.007250	-0.000322
-0.023512	-0.012208	-0.002776
-0.043850	-0.010251	-0.008144
-0.031503	-0.003221	-0.007593
-0.023886	-0.003601	-0.000350
-0.025635	0.001640	-0.000343
-0.027280	-0.009092	-0.006549
-0.030680	-0.021879	-0.002591
-0.038650	-0.030375	0.007450
-0.061883	-0.023582	0.019072
-0.075934	-0.016629	0.023680
-0.028888	-0.014036	0.023322
-0.042337	-0.021408	0.003372
-0.028359	-0.022577	0.009678
-0.019083	0.002365	0.002812
-0.032495	-0.003559	-0.001828
-0.025032	-0.008346	-0.004134
-0.004686	-0.003008	-0.008923
0.015542	-0.000628	-0.007951
0.042551	0.001099	-0.005189
0.066856	0.004836	-0.002113
0.061001	0.018907	-0.008911
0.031407	0.022148	-0.017119
