-0.002137	-0.005083	0.001981
0.009034	0.007390	-0.005953
0.016240	0.014169	-0.011594
0.001917	0.013757	-0.010774
0.000235	0.005917	-0.011523
0.003658	0.001221	-0.000623
0.006633	0.006577	0.002850
0.013030	0.002896	-0.003544
0.008080	0.004159	-0.005645
0.009145	0.003053	-0.001556
0.007558	0.019995	-0.002158
-0.017665	0.010135	-0.010384
-0.017944	-0.004525	-0.004014
0.003467	-0.000293	-0.004715
0.016145	-0.006273	0.009026
0.019575	-0.003674	0.009768
0.018818	0.001905	0.004010
0.007396	0.008293	-0.001550
-0.010129	0.003904	-0.002836
-0.009145	-0.003053	0.001556
-0.006133	-0.000590	-0.000428
-0.009483	0.002662	-0.001475
-0.028227	-0.005028	-0.016399
-0.004760	-0.001563	-0.018777
-0.026259	-0.018942	-0.007614
-0.038033	-0.021429	0.004111
