-0.064344	-0.008360	-0.002294
-0.057417	-0.016241	-0.001565
-0.053384	-0.023627	-0.004614
-0.031826	-0.022284	0.014392
0.004789	-0.008624	0.023477
-0.004415	0.004358	-0.005135
-0.013324	0.007222	-0.015102
-0.019722	0.010903	-0.008708
-0.020449	0.006294	-0.009765
0.000154	0.000066	-0.011219
0.009225	0.008904	-0.001861
0.014705	0.003440	0.007363
0.027008	0.001727	0.002762
0.037064	-0.000732	-0.004255
0.033677	0.005412	0.000155
0.028080	0.007917	-0.003308
0.032921	0.010990	-0.005603
0.035661	0.006088	-0.011375
0.050285	0.003678	-0.003707
0.023512	0.012208	0.002776
-0.019729	0.003607	0.001450
-0.041067	-0.006410	-0.008763
-0.016534	-0.004051	-0.007052
-0.007169	-0.009671	0.000184
-0.001307	-0.012106	0.017592
