0.023637	-0.016601	-0.200053
0.017107	-0.013108	-0.084511
-0.007102	-0.018411	0.020196
-0.017165	-0.018906	0.058138
-0.017254	0.002976	0.002501
-0.036659	-0.026743	-0.035005
-0.029696	-0.037517	-0.039734
-0.009276	-0.029283	-0.013902
0.003027	-0.022315	0.023032
-0.002166	-0.034264	0.042612
-0.010011	-0.028166	0.057502
-0.032237	-0.045813	0.088375
-0.052701	-0.041088	0.161229
-0.049013	-0.032694	0.248378
-0.031157	-0.032634	0.304389
-0.027873	-0.062174	0.351524
-0.004750	-0.112680	0.339303
0.001502	-0.170202	0.275463
0.036811	-0.194691	0.177534
0.031647	-0.186140	0.114948
0.042716	-0.157694	0.113228
0.071831	-0.136356	0.130075
0.082409	-0.150311	0.140339
0.068571	-0.163667	0.143131
0.102050	-0.171405	0.128584
