0.001594	-0.009647	-0.009556
-0.011355	-0.006692	-0.006316
-0.023813	-0.009385	-0.011264
-0.004730	-0.011751	-0.014076
0.009138	-0.008583	-0.012166
0.013133	-0.013076	-0.009758
0.014228	-0.024370	-0.000968
0.012671	-0.017615	0.003131
0.014125	-0.008398	0.005245
0.020765	0.005474	-0.002062
0.010056	-0.002460	-0.007017
0.007580	-0.001828	-0.008067
-0.002857	-0.002397	-0.009234
0.008498	0.004295	-0.002918
-0.006303	0.024122	-0.014226
-0.033215	-0.000873	-0.013043
-0.029601	-0.004054	0.001949
-0.003651	0.010414	0.011232
-0.001939	0.003726	-0.004085
-0.003048	-0.003911	-0.013326
-0.018392	0.005526	-0.011441
-0.033590	0.007735	-0.010617
-0.037945	-0.008283	-0.006351
-0.024951	-0.002495	-0.004438
-0.008609	0.000042	-0.001478
