-0.022630	-0.003192	0.007831
-0.031437	-0.011960	0.012418
-0.040471	-0.019350	0.018371
-0.045532	-0.013750	0.011874
-0.040736	-0.019420	0.004426
-0.022109	-0.019029	0.004344
-0.033839	-0.017113	0.000454
-0.050072	-0.023987	0.001890
-0.022042	-0.032109	0.003588
0.010989	-0.025455	0.002381
0.044651	0.009075	-0.001713
0.074708	0.010373	-0.006392
0.091550	0.014556	-0.021778
0.105146	0.010359	-0.023656
0.121533	0.021639	-0.015543
0.100217	0.042189	-0.014695
0.081766	0.024381	-0.010973
0.078754	0.021918	-0.008989
0.094679	0.024318	-0.008756
0.074979	0.017738	-0.002605
0.053649	0.019357	-0.002208
0.028550	0.024091	-0.005586
-0.008638	0.010229	-0.006179
-0.031209	-0.013338	0.011053
-0.020537	-0.002512	0.021465
