0.038316	-0.147733	0.278482
0.204017	-0.230861	0.353717
0.217430	-0.250979	0.233751
0.218930	-0.311449	0.099441
0.297177	-0.267785	0.032088
0.286965	-0.177974	0.001195
0.184175	-0.095825	0.024069
-0.003061	-0.105920	0.056118
-0.175135	-0.172060	0.055062
-0.156373	-0.250219	0.036497
-0.000421	-0.238997	0.067950
0.085686	-0.204508	0.114562
0.091260	-0.185190	0.123934
0.010139	-0.132076	0.045604
-0.074436	-0.020369	-0.072891
-0.145076	0.090106	-0.148697
-0.160495	0.149037	-0.160462
-0.050295	0.120154	-0.059828
0.003048	0.008251	0.034094
0.028859	-0.006464	0.058844
-0.012282	0.023599	-0.025872
-0.039401	0.052556	-0.140665
-0.068958	0.044224	-0.195866
-0.069266	0.044091	-0.173429
-0.038791	0.062887	-0.092311
