0.023776	0.007937	-0.004047
0.015395	0.006601	-0.006890
-0.001675	-0.000544	-0.010907
-0.001146	-0.004745	-0.003784
0.008344	0.004229	0.008300
-0.010386	0.015470	-0.006172
-0.018128	0.001256	-0.018264
-0.002057	-0.003573	-0.019091
0.014360	-0.002481	-0.006278
0.015733	0.000886	-0.003859
0.017863	-0.001326	0.004318
0.001939	-0.003726	0.004085
-0.022403	-0.004571	0.006466
-0.031055	-0.013272	-0.000165
-0.015469	-0.005157	-0.002963
0.000000	0.000000	-0.000000
-0.005487	-0.001832	0.000934
-0.000191	-0.001514	-0.004092
0.009145	0.003053	-0.001556
0.010974	0.003663	-0.001868
0.008080	0.004159	-0.005645
0.009181	0.000161	-0.007014
0.008080	0.004159	-0.005645
0.002402	0.000813	-0.008803
0.006140	0.007885	-0.009730
