-0.028954	-0.053346	0.007108
-0.012985	-0.050883	-0.029042
-0.000484	-0.039446	-0.018941
-0.035910	-0.035277	0.001678
-0.035903	-0.027981	-0.008480
-0.026302	-0.032025	-0.033534
-0.000675	-0.040960	-0.023033
0.019928	-0.042847	-0.003719
0.039848	-0.040600	0.019690
0.035316	-0.034861	0.041084
0.010563	-0.024206	0.051347
-0.003599	-0.017256	0.030792
-0.005142	0.004089	0.014575
-0.008719	0.013059	0.035661
-0.035764	0.031586	0.121427
-0.038219	0.080145	0.214509
-0.045997	0.073163	0.228642
-0.041971	0.045461	0.173448
-0.033178	0.004916	0.023035
-0.039546	-0.036314	-0.132011
-0.046641	-0.064791	-0.205044
-0.033148	-0.048675	-0.179941
-0.015491	-0.005035	-0.100893
-0.031416	0.009926	-0.018055
