0.004194	0.004316	-0.003657
0.008763	0.004365	0.011027
0.009835	0.010554	0.004958
-0.007815	-0.008429	-0.001177
-0.031430	-0.004665	0.002261
-0.016490	0.004692	-0.001899
-0.022366	-0.007463	0.001009
0.001594	-0.009647	-0.009556
-0.000463	-0.008879	-0.007880
0.025766	0.024590	0.015801
0.047442	0.024552	0.008278
-0.022138	-0.013181	-0.021124
-0.023123	-0.001884	-0.004749
-0.008123	-0.012902	0.000492
-0.001836	-0.012246	-0.010299
0.015814	0.006737	-0.004163
0.028264	-0.002205	-0.009825
0.024871	-0.007696	-0.016025
0.034735	-0.007330	-0.006366
0.009005	0.017577	-0.010654
0.001850	0.031177	0.010751
0.006184	0.020969	0.016190
0.020302	0.000935	0.010826
-0.003011	-0.002463	0.001984
0.012685	0.001315	0.003583
