0.030901	0.008866	-0.009384
0.035198	0.001549	0.001513
0.031554	0.019259	0.002588
0.010753	0.012337	-0.010660
0.016152	0.001022	-0.001132
0.025686	0.014399	-0.004662
0.027662	0.007780	-0.006034
0.022630	0.003192	-0.007831
0.002475	-0.000631	0.001050
-0.009681	-0.006148	0.004591
-0.024379	0.002048	0.007838
-0.031011	-0.004529	0.004987
-0.002931	0.003388	0.001680
0.043483	0.030494	0.021180
0.063873	0.040235	0.000776
-0.088164	-0.025041	-0.003400
-0.041191	-0.016663	0.007156
-0.029256	0.001866	0.015590
-0.029226	-0.008321	0.020291
-0.018333	-0.010509	0.018728
-0.053957	-0.023830	0.003878
-0.017261	-0.004319	0.012658
-0.009476	0.014298	0.009135
0.015513	0.009560	-0.012652
0.023666	0.012274	-0.008443
