0.071402	0.009347	-0.064590
0.073047	0.024419	-0.037615
0.028616	0.054720	-0.030907
-0.010358	0.053331	-0.005268
0.008703	0.033421	0.043161
0.014330	0.020728	0.051324
0.029857	0.044878	0.018357
0.020353	0.016974	0.005821
0.013940	0.041092	-0.033569
-0.018437	0.044832	-0.020391
-0.031056	0.043458	0.037573
-0.023050	0.049061	0.022075
-0.070801	0.020036	0.015466
-0.072621	-0.021328	0.009417
0.029931	0.034753	-0.013325
0.021162	-0.020616	0.010370
0.015102	-0.026990	-0.000972
0.035176	-0.020336	0.031987
0.006934	0.016775	0.073642
0.011545	0.064936	0.048147
0.017625	0.136905	0.004451
-0.048846	0.038999	0.022341
-0.006897	-0.010987	-0.037563
0.043073	-0.023418	-0.050211
0.065754	-0.008527	-0.083815
