0.560213	-0.814283	-0.152002	0.828259	0.547943	0.117243	-0.012180	-0.191578	0.981402
0.560430	-0.814126	-0.152046	0.828108	0.548072	0.117704	-0.012494	-0.191875	0.981340
0.560217	-0.814274	-0.152033	0.828245	0.547762	0.118186	-0.012958	-0.192130	0.981284
0.560128	-0.814408	-0.151644	0.828304	0.547725	0.117941	-0.012993	-0.191670	0.981373
0.560202	-0.814276	-0.152081	0.828263	0.547869	0.117561	-0.012406	-0.191821	0.981351
0.560275	-0.814223	-0.152095	0.828214	0.547940	0.117573	-0.012392	-0.191840	0.981348
0.560370	-0.814142	-0.152182	0.828147	0.547979	0.117862	-0.012564	-0.192075	0.981300
0.560428	-0.814047	-0.152475	0.828107	0.547975	0.118161	-0.012636	-0.192487	0.981218
0.560191	-0.814189	-0.152587	0.828270	0.547782	0.117911	-0.012417	-0.192436	0.981231
0.560009	-0.814342	-0.152437	0.828398	0.547694	0.117425	-0.012135	-0.192038	0.981313
0.560151	-0.814281	-0.152239	0.828301	0.547849	0.117386	-0.012181	-0.191854	0.981348
0.560238	-0.814210	-0.152301	0.828240	0.547898	0.117583	-0.012291	-0.192017	0.981315
0.560144	-0.814309	-0.152117	0.828300	0.547775	0.117734	-0.012546	-0.191946	0.981325
0.560081	-0.814369	-0.152027	0.828341	0.547693	0.117829	-0.012692	-0.191924	0.981328
0.559747	-0.814575	-0.152153	0.828573	0.547461	0.117274	-0.012231	-0.191714	0.981375
0.559249	-0.814968	-0.151882	0.828905	0.546950	0.117314	-0.012535	-0.191503	0.981412
0.559225	-0.814997	-0.151812	0.828918	0.546898	0.117461	-0.012705	-0.191527	0.981405
0.559663	-0.814761	-0.151466	0.828621	0.547339	0.117500	-0.012832	-0.191268	0.981454
0.559683	-0.814776	-0.151311	0.828609	0.547403	0.117290	-0.012737	-0.191023	0.981503
0.559468	-0.814969	-0.151069	0.828751	0.547189	0.117284	-0.012920	-0.190816	0.981541
0.559508	-0.814937	-0.151088	0.828724	0.547219	0.117336	-0.012943	-0.190861	0.981532
0.559313	-0.815066	-0.151119	0.828857	0.547056	0.117153	-0.012817	-0.190781	0.981549
0.559075	-0.815208	-0.151233	0.829016	0.546778	0.117328	-0.012955	-0.190970	0.981510
