0.925375	-0.337396	-0.172758	0.366836	0.911909	0.183994	0.095461	-0.233638	0.967626
0.925400	-0.337172	-0.173059	0.366684	0.911976	0.183962	0.095799	-0.233696	0.967579
0.925306	-0.337191	-0.173527	0.366815	0.911920	0.183981	0.096206	-0.233891	0.967491
0.925190	-0.337348	-0.173837	0.367041	0.911836	0.183946	0.096457	-0.233991	0.967442
0.925189	-0.337476	-0.173595	0.367098	0.911836	0.183833	0.096251	-0.233807	0.967507
0.925239	-0.337429	-0.173420	0.367017	0.911855	0.183899	0.096081	-0.233798	0.967526
0.925268	-0.337394	-0.173330	0.366974	0.911847	0.184025	0.095962	-0.233880	0.967518
0.925182	-0.337654	-0.173284	0.367240	0.911697	0.184239	0.095773	-0.234091	0.967486
0.925082	-0.337948	-0.173245	0.367514	0.911600	0.184173	0.095690	-0.234045	0.967505
0.925123	-0.337997	-0.172930	0.367493	0.911597	0.184230	0.095373	-0.233986	0.967551
0.925052	-0.338183	-0.172947	0.367668	0.911550	0.184112	0.095387	-0.233900	0.967570
0.924848	-0.338718	-0.172994	0.368190	0.911373	0.183942	0.095357	-0.233813	0.967594
0.924847	-0.338855	-0.172727	0.368274	0.911315	0.184064	0.095038	-0.233842	0.967619
0.925012	-0.338578	-0.172388	0.367912	0.911477	0.183986	0.094834	-0.233613	0.967694
0.925037	-0.338641	-0.172129	0.367845	0.911644	0.183293	0.094850	-0.232869	0.967872
0.925473	-0.337380	-0.172263	0.366621	0.912162	0.183164	0.095336	-0.232668	0.967872
0.925631	-0.337081	-0.172001	0.366289	0.912243	0.183425	0.095077	-0.232786	0.967869
0.925642	-0.337091	-0.171921	0.366256	0.912306	0.183178	0.095097	-0.232524	0.967930
0.925641	-0.337081	-0.171946	0.366230	0.912364	0.182942	0.095211	-0.232311	0.967970
0.925509	-0.337367	-0.172096	0.366547	0.912235	0.182949	0.095271	-0.232402	0.967942
0.925434	-0.337574	-0.172091	0.366753	0.912148	0.182972	0.095206	-0.232444	0.967939
0.925442	-0.337542	-0.172111	0.366721	0.912170	0.182924	0.095250	-0.232402	0.967945
0.925398	-0.337651	-0.172137	0.366854	0.912075	0.183130	0.095168	-0.232618	0.967901
