0.958966	-0.282408	0.025110	0.236947	0.749647	-0.617969	0.155696	0.598561	0.785801
0.958879	-0.282705	0.025080	0.237088	0.749301	-0.618334	0.156014	0.598854	0.785515
0.958918	-0.282634	0.024384	0.236595	0.749361	-0.618450	0.156522	0.598812	0.785446
0.958904	-0.282722	0.023913	0.236388	0.749446	-0.618427	0.156922	0.598664	0.785479
0.958960	-0.282598	0.023113	0.235745	0.749362	-0.618774	0.157544	0.598828	0.785229
0.959189	-0.282027	0.020436	0.233543	0.749398	-0.619565	0.159420	0.599052	0.784679
0.959477	-0.281131	0.019196	0.231873	0.748979	-0.620698	0.160120	0.599997	0.783815
0.959666	-0.280454	0.019682	0.231594	0.748901	-0.620896	0.159393	0.600411	0.783646
0.959505	-0.280968	0.020198	0.232459	0.749267	-0.620130	0.159103	0.599713	0.784239
0.959307	-0.281637	0.020285	0.233216	0.749776	-0.619230	0.159189	0.598762	0.784948
0.959278	-0.281722	0.020480	0.233246	0.749146	-0.619981	0.159320	0.599511	0.784349
0.959292	-0.281658	0.020675	0.233178	0.748619	-0.620642	0.159331	0.600198	0.783821
0.959179	-0.282010	0.021105	0.233721	0.748495	-0.620588	0.159215	0.600188	0.783853
0.959047	-0.282438	0.021391	0.234192	0.748210	-0.620754	0.159320	0.600342	0.783713
0.959007	-0.282573	0.021421	0.234285	0.748055	-0.620906	0.159427	0.600472	0.783592
0.959062	-0.282391	0.021356	0.234054	0.747926	-0.621148	0.159434	0.600718	0.783402
0.959174	-0.282013	0.021285	0.233644	0.747754	-0.621510	0.159358	0.601109	0.783117
0.959280	-0.281654	0.021282	0.233306	0.747629	-0.621787	0.159218	0.601433	0.782897
0.959275	-0.281632	0.021769	0.233560	0.747466	-0.621887	0.158872	0.601645	0.782804
0.959156	-0.282013	0.022107	0.234058	0.747306	-0.621893	0.158861	0.601666	0.782790
0.959061	-0.282329	0.022203	0.234380	0.747280	-0.621803	0.158961	0.601551	0.782859
0.958992	-0.282550	0.022345	0.234646	0.747230	-0.621762	0.158982	0.601508	0.782887
0.958927	-0.282748	0.022648	0.234969	0.747077	-0.621824	0.158900	0.601605	0.782829
0.958912	-0.282778	0.022883	0.235121	0.746982	-0.621881	0.158761	0.601710	0.782777
0.958937	-0.282664	0.023247	0.235299	0.747126	-0.621641	0.158347	0.601585	0.782957
