0.999867	0.000368	-0.016303	-0.007781	0.889364	-0.457133	0.014331	0.457199	0.889249
0.999877	-0.000104	-0.015710	-0.007091	0.889350	-0.457171	0.014019	0.457226	0.889240
0.999878	-0.000163	-0.015594	-0.006981	0.889476	-0.456929	0.013945	0.456982	0.889367
0.999877	-0.000028	-0.015665	-0.007125	0.889745	-0.456403	0.013951	0.456458	0.889635
0.999881	0.000022	-0.015418	-0.007049	0.890008	-0.455891	0.013712	0.455945	0.889902
0.999886	0.000009	-0.015088	-0.006879	0.890292	-0.455338	0.013429	0.455390	0.890191
0.999884	0.000091	-0.015242	-0.007019	0.890369	-0.455186	0.013530	0.455240	0.890266
0.999874	0.000138	-0.015875	-0.007350	0.890352	-0.455214	0.014071	0.455273	0.890241
0.999857	0.000258	-0.016888	-0.007921	0.890275	-0.455355	0.014917	0.455423	0.890150
0.999840	0.000595	-0.017867	-0.008670	0.890194	-0.455499	0.015634	0.455581	0.890057
0.999831	0.000684	-0.018349	-0.008970	0.890129	-0.455621	0.016022	0.455709	0.889985
0.999855	0.000261	-0.017052	-0.008001	0.890204	-0.455492	0.015061	0.455562	0.890076
0.999889	-0.000384	-0.014877	-0.006439	0.890076	-0.455767	0.013417	0.455812	0.889975
0.999898	-0.000234	-0.014269	-0.006294	0.890166	-0.455594	0.012808	0.455637	0.890073
0.999900	0.000175	-0.014126	-0.006592	0.890202	-0.455518	0.012495	0.455566	0.890114
0.999904	0.000286	-0.013865	-0.006572	0.890165	-0.455590	0.012212	0.455638	0.890082
0.999914	0.000138	-0.013139	-0.006109	0.890181	-0.455565	0.011633	0.455606	0.890105
0.999914	0.000475	-0.013138	-0.006410	0.890103	-0.455715	0.011478	0.455760	0.890029
0.999903	0.000487	-0.013924	-0.006783	0.889992	-0.455925	0.012170	0.455975	0.889909
0.999896	0.000085	-0.014394	-0.006644	0.889813	-0.456276	0.012769	0.456325	0.889722
0.999893	0.000000	-0.014598	-0.006667	0.889632	-0.456630	0.012987	0.456678	0.889537
0.999877	0.000268	-0.015686	-0.007404	0.889540	-0.456798	0.013831	0.456858	0.889432
0.999868	0.000456	-0.016263	-0.007838	0.889475	-0.456917	0.014257	0.456984	0.889360
0.999868	0.000375	-0.016239	-0.007751	0.889572	-0.456728	0.014274	0.456794	0.889458
0.999874	0.000377	-0.015880	-0.007587	0.889677	-0.456528	0.013956	0.456590	0.889567
