0.999840	-0.006318	-0.016740	-0.001143	0.911137	-0.412102	0.017856	0.412055	0.910984
0.999826	-0.005690	-0.017769	-0.002125	0.911431	-0.411448	0.018537	0.411414	0.911260
0.999823	-0.004922	-0.018183	-0.002985	0.911676	-0.410898	0.018599	0.410880	0.911500
0.999833	-0.004839	-0.017631	-0.002828	0.911806	-0.410613	0.018063	0.410594	0.911639
0.999844	-0.005278	-0.016838	-0.002102	0.911806	-0.410617	0.017520	0.410588	0.911652
0.999855	-0.005294	-0.016200	-0.001834	0.911584	-0.411109	0.016944	0.411079	0.911442
0.999852	-0.005820	-0.016172	-0.001354	0.911331	-0.411672	0.017134	0.411633	0.911189
0.999853	-0.005995	-0.016048	-0.001151	0.911161	-0.412048	0.017093	0.412006	0.911021
0.999844	-0.005660	-0.016750	-0.001745	0.911161	-0.412048	0.017594	0.412013	0.911008
0.999825	-0.004957	-0.018023	-0.002916	0.911021	-0.412351	0.018463	0.412331	0.910847
0.999805	-0.004336	-0.019283	-0.004004	0.910968	-0.412458	0.019354	0.412455	0.910772
0.999787	-0.003465	-0.020341	-0.005222	0.911218	-0.411892	0.019962	0.411910	0.911006
0.999775	-0.002956	-0.021002	-0.005953	0.911321	-0.411654	0.020356	0.411686	0.911098
0.999762	-0.002728	-0.021638	-0.006428	0.911224	-0.411862	0.020841	0.411903	0.910989
0.999781	-0.002361	-0.020771	-0.006418	0.910946	-0.412475	0.019895	0.412518	0.910732
0.999803	-0.002277	-0.019697	-0.006066	0.910627	-0.413185	0.018877	0.413223	0.910434
0.999825	-0.003110	-0.018467	-0.004803	0.910556	-0.413358	0.018101	0.413374	0.910381
0.999832	-0.003859	-0.017903	-0.003858	0.911225	-0.411890	0.017903	0.411890	0.911058
0.999839	-0.003987	-0.017522	-0.003562	0.911737	-0.410760	0.017613	0.410756	0.911575
0.999849	-0.003817	-0.016923	-0.003453	0.912186	-0.409762	0.017001	0.409759	0.912035
0.999860	-0.004115	-0.016219	-0.002883	0.912428	-0.409226	0.016483	0.409216	0.912289
0.999873	-0.004526	-0.015303	-0.002133	0.912419	-0.409251	0.015815	0.409232	0.912293
0.999832	-0.004698	-0.017707	-0.002967	0.912269	-0.409582	0.018078	0.409565	0.912102
0.999776	-0.004617	-0.020637	-0.004247	0.912140	-0.409856	0.020716	0.409852	0.911917
0.999775	-0.004626	-0.020684	-0.004268	0.911954	-0.410271	0.020760	0.410267	0.911729
