0.999032	0.043537	0.006247	-0.035725	0.886086	-0.462143	-0.025655	0.461473	0.886783
0.999040	0.043403	0.005977	-0.035743	0.886307	-0.461718	-0.025338	0.461061	0.887007
0.999052	0.043127	0.005943	-0.035523	0.886479	-0.461404	-0.025168	0.460756	0.887170
0.999049	0.043131	0.006411	-0.035334	0.886903	-0.460602	-0.025553	0.459937	0.887584
0.999065	0.042766	0.006288	-0.035090	0.887351	-0.459757	-0.025241	0.459107	0.888022
0.999063	0.042820	0.006285	-0.035158	0.887679	-0.459118	-0.025239	0.458467	0.888353
0.999058	0.042949	0.006224	-0.035315	0.887944	-0.458593	-0.025223	0.457941	0.888625
0.999052	0.043026	0.006597	-0.035227	0.888199	-0.458106	-0.025569	0.457440	0.888873
0.999055	0.042952	0.006690	-0.035128	0.888366	-0.457789	-0.025607	0.457122	0.889036
0.999052	0.043012	0.006771	-0.035147	0.888415	-0.457693	-0.025701	0.457021	0.889084
0.999041	0.043256	0.006761	-0.035372	0.888464	-0.457581	-0.025800	0.456904	0.889142
0.999042	0.043235	0.006706	-0.035382	0.888540	-0.457432	-0.025736	0.456757	0.889219
0.999060	0.042837	0.006675	-0.035050	0.888686	-0.457174	-0.025516	0.456510	0.889352
0.999076	0.042465	0.006605	-0.034762	0.888891	-0.456797	-0.025269	0.456146	0.889546
0.999073	0.042515	0.006694	-0.034776	0.889082	-0.456424	-0.025356	0.455769	0.889737
0.999061	0.042839	0.006534	-0.035145	0.889204	-0.456160	-0.025351	0.455502	0.889874
0.999048	0.043100	0.006744	-0.035285	0.889249	-0.456061	-0.025653	0.455389	0.889923
0.999041	0.043197	0.007134	-0.035197	0.889322	-0.455925	-0.026039	0.455237	0.889990
0.999030	0.043426	0.007226	-0.035363	0.889377	-0.455804	-0.026220	0.455107	0.890051
0.999029	0.043479	0.007078	-0.035472	0.889287	-0.455972	-0.026119	0.455278	0.889966
0.999056	0.042959	0.006385	-0.035298	0.888811	-0.456912	-0.025304	0.456256	0.889489
0.999056	0.042978	0.006295	-0.035329	0.888317	-0.457869	-0.025270	0.457215	0.888997
0.999062	0.042899	0.005850	-0.035438	0.887853	-0.458760	-0.024875	0.458122	0.888541
0.999059	0.043039	0.005433	-0.035728	0.887378	-0.459656	-0.024604	0.459029	0.888080
