0.001197	-0.003241	0.000677
-0.000114	0.000689	0.000683
-0.000511	0.004925	0.000532
-0.001348	0.004652	-0.004922
0.000914	0.000305	-0.000156
-0.002152	0.000010	-0.000370
0.004415	-0.004358	0.005135
0.001561	-0.000937	0.001206
0.000507	-0.010742	-0.005837
0.002530	-0.002800	0.003249
-0.003236	0.002563	-0.001730
0.002060	0.005050	0.003628
-0.000525	0.010018	-0.001818
-0.002270	-0.002948	0.005392
-0.000863	-0.008291	-0.002951
0.002380	-0.001389	-0.000996
0.001521	-0.003862	0.001358
0.000364	0.002304	0.000529
0.001983	0.002847	-0.001146
-0.000914	-0.000305	0.000156
0.000646	-0.001242	0.001362
-0.002226	0.003625	0.000161
0.002439	0.002261	0.006508
-0.000419	-0.000136	-0.002727
0.000933	-0.001141	-0.002884
-0.000136	-0.003683	-0.001894
