0.000551	-0.001999	-0.000684
0.000000	0.000000	-0.000000
0.000437	-0.001310	-0.000002
0.004837	-0.000574	0.002783
-0.000342	0.002067	0.002048
0.000209	0.000068	0.001363
0.001737	0.005671	0.002948
-0.000055	0.002168	-0.002198
0.001311	-0.003930	-0.000005
0.002417	-0.002111	0.003931
0.000000	0.000000	-0.000000
-0.000323	0.000621	-0.000681
-0.001844	0.004483	-0.002039
0.000767	0.007534	0.000905
0.000797	-0.002653	0.005606
0.002530	-0.002800	0.003249
0.004429	-0.011622	-0.002898
0.000382	0.000858	-0.002200
0.001377	0.009185	0.007724
0.001605	0.007806	0.006359
-0.003155	0.008413	-0.002034
0.002262	-0.004347	0.004766
-0.000477	-0.001615	0.000154
0.001238	-0.000316	0.000525
0.001487	0.002678	0.001736
