-0.000665	0.002688	0.001367
-0.000551	0.001999	0.000684
-0.000727	-0.004609	-0.001057
0.001561	-0.000937	0.001206
0.002020	0.002125	0.003781
0.002402	0.002983	0.001581
0.000268	0.001547	-0.001517
-0.000591	-0.000926	0.000836
-0.000536	-0.003095	0.003035
0.000819	0.001718	0.008182
-0.000437	0.001310	0.000002
-0.001025	0.006202	0.006143
-0.000455	0.002756	0.002730
0.001102	-0.003998	-0.001369
0.002185	-0.006550	-0.000009
0.000437	-0.001310	-0.000002
-0.000455	0.002756	0.002730
0.000117	0.005129	0.004622
-0.000874	0.002620	0.000003
0.000132	-0.002135	-0.003411
0.002718	-0.007103	0.002036
0.001238	-0.000316	0.000525
-0.000518	-0.004541	0.000306
0.000613	0.005298	0.001740
-0.000110	0.006507	0.005987
