0.001102	-0.003998	-0.001369
0.000896	0.001751	0.002573
0.000268	0.001547	-0.001517
0.000154	0.002236	-0.000835
-0.000114	0.000689	0.000683
-0.001733	0.000147	0.002357
-0.000724	0.001209	0.004248
-0.002207	0.002179	-0.002568
0.002497	0.003740	0.003627
0.000955	0.003231	-0.000308
0.003408	-0.001772	-0.001834
0.001370	-0.002451	-0.002886
-0.001373	-0.003367	-0.002419
-0.000246	0.002824	0.004094
-0.001443	0.006065	0.003416
-0.000738	0.006303	0.001897
0.000000	0.000000	-0.000000
0.001102	-0.003998	-0.001369
0.002281	-0.005793	0.002037
0.002038	0.000679	0.001052
0.000518	0.004541	-0.000306
-0.000342	0.002067	0.002048
-0.001296	-0.001164	0.002356
0.001561	-0.000937	0.001206
-0.000154	-0.002236	0.000835
0.000573	0.002372	0.001892
