0.000646	-0.001242	0.001362
0.001102	-0.003998	-0.001369
0.001616	-0.003105	0.003404
-0.000437	0.001310	0.000002
-0.000342	0.002067	0.002048
-0.000301	0.004993	0.001896
0.000823	0.005366	0.003103
0.001197	-0.003241	0.000677
0.001789	-0.002315	-0.000159
0.000646	-0.001242	0.001362
0.001447	-0.000248	0.001889
-0.000720	0.004857	-0.000831
-0.000988	0.003309	0.000686
-0.001028	0.000384	0.000838
0.000646	-0.001242	0.001362
-0.001980	0.000801	-0.003933
0.002740	-0.002732	0.004612
0.001373	0.003367	0.002419
0.000000	0.000000	-0.000000
0.000342	-0.002067	-0.002048
-0.001561	0.000937	-0.001206
0.000173	0.002960	0.006821
-0.000132	0.002135	0.003411
0.000477	0.001615	-0.000154
-0.000323	0.000621	-0.000681
