0.003008	-0.001184	0.003095
0.001142	-0.001073	-0.001521
0.001278	0.002610	0.000373
-0.001087	-0.001096	0.003719
0.000286	0.002271	0.006138
-0.003577	0.004630	0.000318
0.000856	-0.001174	0.002725
0.001311	-0.003930	-0.000005
0.002703	-0.002010	-0.000315
0.003658	0.001221	-0.000623
0.000000	0.000000	-0.000000
-0.000228	0.001378	0.001365
-0.000342	0.002067	0.002048
0.000687	0.001683	0.001209
-0.000342	0.002067	0.002048
0.000323	-0.000621	0.000681
0.001179	-0.001795	0.003406
0.000529	-0.006371	-0.003261
0.000209	0.000068	0.001363
-0.000779	0.003377	0.002049
0.002424	0.007355	0.004157
-0.002530	0.002800	-0.003249
0.002854	-0.003421	0.003929
0.000000	0.000000	-0.000000
0.000569	-0.003445	-0.003413
