0.976066	-0.198087	-0.089758	0.195533	0.980018	-0.036498	0.095194	0.018074	0.995295
0.975844	-0.199352	-0.089373	0.196792	0.979759	-0.036681	0.094876	0.018207	0.995323
0.975456	-0.201401	-0.089015	0.198927	0.979355	-0.035940	0.094415	0.017351	0.995382
0.975225	-0.202203	-0.089720	0.199708	0.979192	-0.036051	0.095143	0.017239	0.995314
0.975317	-0.201771	-0.089699	0.199190	0.979264	-0.036945	0.095293	0.018166	0.995283
0.975509	-0.200789	-0.089810	0.198179	0.979460	-0.037185	0.095432	0.018476	0.995264
0.975745	-0.199225	-0.090722	0.196596	0.979781	-0.037141	0.096287	0.018405	0.995183
0.975878	-0.198401	-0.091100	0.195806	0.979956	-0.036688	0.096553	0.017965	0.995166
0.976022	-0.197895	-0.090656	0.195342	0.980063	-0.036304	0.096034	0.017725	0.995220
0.976177	-0.197151	-0.090604	0.194594	0.980211	-0.036325	0.095973	0.017828	0.995224
0.976232	-0.196826	-0.090726	0.194230	0.980269	-0.036702	0.096160	0.018208	0.995199
0.976086	-0.197523	-0.090777	0.194911	0.980128	-0.036876	0.096257	0.018301	0.995188
0.976087	-0.197497	-0.090825	0.194908	0.980137	-0.036629	0.096255	0.018050	0.995193
0.976200	-0.197012	-0.090661	0.194486	0.980245	-0.035989	0.095960	0.017500	0.995231
0.976201	-0.197108	-0.090443	0.194559	0.980220	-0.036270	0.095803	0.017811	0.995241
0.976234	-0.197130	-0.090040	0.194585	0.980213	-0.036314	0.095417	0.017931	0.995276
0.976222	-0.197012	-0.090431	0.194507	0.980247	-0.035804	0.095698	0.017363	0.995259
0.976177	-0.197289	-0.090308	0.194805	0.980195	-0.035621	0.095547	0.017180	0.995277
0.976183	-0.197274	-0.090275	0.194763	0.980193	-0.035916	0.095572	0.017478	0.995269
0.976187	-0.197363	-0.090040	0.194815	0.980166	-0.036344	0.095427	0.017938	0.995275
0.976171	-0.197548	-0.089807	0.195001	0.980128	-0.036384	0.095210	0.018005	0.995294
0.976191	-0.197512	-0.089662	0.194988	0.980138	-0.036183	0.095027	0.017838	0.995315
0.976271	-0.197241	-0.089394	0.194744	0.980196	-0.035932	0.094710	0.017670	0.995348
0.976346	-0.197003	-0.089094	0.194524	0.980245	-0.035781	0.094383	0.017604	0.995380
0.976178	-0.197532	-0.089765	0.195040	0.980141	-0.035824	0.095058	0.017463	0.995319
