0.983358	-0.154182	-0.096096	0.152629	0.988008	-0.023354	0.098545	0.008298	0.995098
0.983363	-0.154072	-0.096223	0.152525	0.988025	-0.023280	0.098657	0.008217	0.995088
0.983343	-0.154150	-0.096303	0.152595	0.988013	-0.023351	0.098748	0.008267	0.995078
0.983297	-0.154122	-0.096813	0.152552	0.988017	-0.023462	0.099269	0.008301	0.995026
0.983170	-0.154606	-0.097335	0.153036	0.987943	-0.023442	0.099785	0.008152	0.994976
0.983002	-0.155287	-0.097947	0.153716	0.987837	-0.023435	0.100394	0.007980	0.994916
0.982938	-0.155388	-0.098423	0.153831	0.987823	-0.023259	0.100838	0.007721	0.994873
0.982968	-0.155203	-0.098413	0.153669	0.987854	-0.023033	0.100793	0.007517	0.994879
0.982991	-0.155161	-0.098249	0.153633	0.987861	-0.022981	0.100623	0.007496	0.994896
0.982984	-0.155251	-0.098177	0.153756	0.987849	-0.022659	0.100501	0.007178	0.994911
0.983074	-0.155107	-0.097504	0.153690	0.987876	-0.021928	0.099723	0.006572	0.994994
0.983028	-0.154574	-0.098807	0.153166	0.987962	-0.021722	0.100975	0.006220	0.994870
0.982882	-0.155607	-0.098643	0.154178	0.987798	-0.021990	0.100861	0.006405	0.994880
0.982859	-0.155802	-0.098555	0.154384	0.987768	-0.021904	0.100762	0.006314	0.994891
0.982917	-0.155466	-0.098507	0.154082	0.987823	-0.021553	0.100658	0.006007	0.994903
0.982928	-0.155428	-0.098467	0.154047	0.987829	-0.021518	0.100613	0.005982	0.994908
0.982989	-0.155308	-0.098043	0.153951	0.987849	-0.021298	0.100160	0.005842	0.994954
0.983031	-0.155078	-0.097980	0.153732	0.987885	-0.021184	0.100079	0.005762	0.994963
0.983050	-0.155352	-0.097358	0.153973	0.987840	-0.021567	0.099524	0.006211	0.995016
0.983065	-0.155453	-0.097040	0.154064	0.987823	-0.021690	0.099230	0.006372	0.995044
0.982986	-0.156181	-0.096677	0.154798	0.987708	-0.021690	0.098876	0.006356	0.995080
0.982812	-0.157151	-0.096869	0.155754	0.987554	-0.021868	0.099100	0.006405	0.995057
0.982764	-0.157422	-0.096917	0.156019	0.987511	-0.021935	0.099160	0.006436	0.995051
0.982855	-0.157144	-0.096443	0.155762	0.987555	-0.021738	0.098659	0.006343	0.995101
0.982948	-0.157065	-0.095623	0.155658	0.987565	-0.022048	0.097897	0.006787	0.995173
