0.992437	-0.073130	-0.098591	0.068494	0.996417	-0.049621	0.101866	0.042493	0.993890
0.992563	-0.072338	-0.097903	0.067757	0.996481	-0.049335	0.101127	0.042334	0.993972
0.992726	-0.071597	-0.096794	0.067073	0.996533	-0.049222	0.099982	0.042371	0.994087
0.992877	-0.070842	-0.095793	0.066415	0.996606	-0.048643	0.098914	0.041934	0.994212
0.993001	-0.069871	-0.095219	0.065605	0.996728	-0.047225	0.098207	0.040647	0.994336
0.993058	-0.069311	-0.095040	0.065209	0.996828	-0.045619	0.097901	0.039104	0.994428
0.993050	-0.068924	-0.095403	0.064947	0.996910	-0.044178	0.098153	0.037674	0.994458
0.993058	-0.068153	-0.095871	0.064290	0.997012	-0.042819	0.098503	0.036358	0.994472
0.993003	-0.068098	-0.096475	0.064298	0.997048	-0.041964	0.099048	0.035467	0.994450
0.992987	-0.068082	-0.096651	0.064406	0.997095	-0.040657	0.099138	0.034147	0.994488
0.992989	-0.067635	-0.096947	0.064142	0.997190	-0.038705	0.099293	0.032215	0.994537
0.992952	-0.067636	-0.097319	0.064282	0.997238	-0.037191	0.099566	0.030673	0.994558
0.992916	-0.068096	-0.097365	0.064829	0.997235	-0.036335	0.099570	0.029766	0.994585
0.992897	-0.068006	-0.097625	0.064768	0.997252	-0.035971	0.099803	0.029392	0.994573
0.992913	-0.068475	-0.097135	0.065226	0.997212	-0.036243	0.099346	0.029650	0.994611
0.992947	-0.069001	-0.096407	0.065723	0.997160	-0.036777	0.098670	0.030181	0.994662
0.992979	-0.069020	-0.096068	0.065737	0.997153	-0.036926	0.098343	0.030351	0.994690
0.992983	-0.069254	-0.095856	0.066007	0.997146	-0.036641	0.098120	0.030057	0.994721
0.993004	-0.069038	-0.095796	0.065832	0.997173	-0.036234	0.098027	0.029674	0.994741
0.993049	-0.068519	-0.095697	0.065371	0.997224	-0.035660	0.097875	0.029156	0.994772
0.993096	-0.068354	-0.095334	0.065223	0.997236	-0.035584	0.097502	0.029120	0.994809
0.993115	-0.068278	-0.095189	0.065165	0.997245	-0.035438	0.097347	0.028991	0.994828
0.993217	-0.067890	-0.094400	0.064863	0.997288	-0.034776	0.096505	0.028417	0.994927
0.993179	-0.067583	-0.095014	0.064573	0.997320	-0.034411	0.097085	0.028041	0.994881
