0.981096	-0.165627	-0.100088	0.163908	0.986153	-0.025221	0.102879	0.008339	0.994659
0.981136	-0.165352	-0.100152	0.163621	0.986198	-0.025318	0.102956	0.008453	0.994650
0.981216	-0.164416	-0.100911	0.162702	0.986357	-0.025041	0.103651	0.008152	0.994580
0.981267	-0.163390	-0.102068	0.161726	0.986533	-0.024429	0.104685	0.007464	0.994477
0.981277	-0.162991	-0.102614	0.161348	0.986602	-0.024171	0.105179	0.007162	0.994428
0.981308	-0.162749	-0.102705	0.161074	0.986639	-0.024451	0.105312	0.007450	0.994411
0.981335	-0.162472	-0.102878	0.160766	0.986683	-0.024711	0.105523	0.007710	0.994387
0.981281	-0.162894	-0.102728	0.161191	0.986614	-0.024723	0.105380	0.007702	0.994402
0.981266	-0.163015	-0.102682	0.161328	0.986595	-0.024584	0.105313	0.007558	0.994410
0.981342	-0.162668	-0.102502	0.161004	0.986653	-0.024363	0.105097	0.007405	0.994434
0.981424	-0.162350	-0.102225	0.160692	0.986705	-0.024309	0.104813	0.007431	0.994464
0.981456	-0.162372	-0.101883	0.160703	0.986700	-0.024442	0.104497	0.007616	0.994496
0.981440	-0.162313	-0.102131	0.160668	0.986712	-0.024191	0.104700	0.007333	0.994477
0.981499	-0.162248	-0.101667	0.160673	0.986727	-0.023546	0.104138	0.006776	0.994540
0.981386	-0.162134	-0.102929	0.160553	0.986747	-0.023521	0.105378	0.006557	0.994411
0.981237	-0.163085	-0.102843	0.161463	0.986588	-0.023964	0.105372	0.006909	0.994409
0.981205	-0.163201	-0.102963	0.161567	0.986568	-0.024070	0.105508	0.006983	0.994394
0.981227	-0.163304	-0.102590	0.161669	0.986550	-0.024111	0.105148	0.007072	0.994431
0.981217	-0.163412	-0.102518	0.161762	0.986531	-0.024266	0.105103	0.007227	0.994435
0.981215	-0.163461	-0.102462	0.161840	0.986525	-0.023990	0.105002	0.006957	0.994448
0.981142	-0.163900	-0.102460	0.162310	0.986455	-0.023724	0.104961	0.006646	0.994454
0.981113	-0.164232	-0.102203	0.162620	0.986398	-0.023960	0.104748	0.006887	0.994475
0.981118	-0.164149	-0.102288	0.162519	0.986410	-0.024135	0.104860	0.007056	0.994462
0.981121	-0.164227	-0.102135	0.162609	0.986398	-0.024026	0.104691	0.006964	0.994480
0.981160	-0.163856	-0.102352	0.162264	0.986462	-0.023754	0.104859	0.006698	0.994465
