0.980936	-0.166084	-0.100904	0.165558	0.986106	-0.013625	0.101765	-0.003341	0.994803
0.980954	-0.166084	-0.100725	0.165567	0.986106	-0.013526	0.101572	-0.003409	0.994822
0.980939	-0.165895	-0.101184	0.165365	0.986138	-0.013662	0.102048	-0.003331	0.994774
0.980891	-0.165977	-0.101510	0.165438	0.986124	-0.013767	0.102387	-0.003290	0.994739
0.980820	-0.166186	-0.101859	0.165660	0.986088	-0.013666	0.102713	-0.003470	0.994705
0.980764	-0.166177	-0.102404	0.165686	0.986088	-0.013337	0.103196	-0.003886	0.994653
0.980751	-0.166334	-0.102276	0.165857	0.986061	-0.013216	0.103049	-0.004001	0.994668
0.980778	-0.166286	-0.102100	0.165798	0.986070	-0.013311	0.102891	-0.003873	0.994685
0.980844	-0.166135	-0.101706	0.165677	0.986095	-0.012988	0.102449	-0.004111	0.994730
0.980818	-0.165733	-0.102607	0.165284	0.986161	-0.012929	0.103329	-0.004278	0.994638
0.980682	-0.166466	-0.102723	0.165999	0.986038	-0.013144	0.103476	-0.004162	0.994623
0.980610	-0.166717	-0.103001	0.166276	0.985995	-0.012914	0.103711	-0.004463	0.994597
0.980623	-0.166715	-0.102878	0.166275	0.985995	-0.012898	0.103587	-0.004458	0.994610
0.980629	-0.166632	-0.102963	0.166173	0.986010	-0.013073	0.103701	-0.004290	0.994599
0.980738	-0.166283	-0.102480	0.165856	0.986068	-0.012736	0.103170	-0.004506	0.994654
0.980808	-0.166055	-0.102184	0.165656	0.986105	-0.012440	0.102829	-0.004726	0.994688
0.980930	-0.165801	-0.101425	0.165395	0.986149	-0.012455	0.102085	-0.004558	0.994765
0.980991	-0.165561	-0.101227	0.165152	0.986189	-0.012471	0.101894	-0.004484	0.994785
0.980969	-0.165681	-0.101237	0.165278	0.986169	-0.012413	0.101893	-0.004555	0.994785
0.980980	-0.165616	-0.101237	0.165242	0.986179	-0.012129	0.101846	-0.004830	0.994788
0.981095	-0.165046	-0.101059	0.164709	0.986273	-0.011728	0.101607	-0.005139	0.994811
0.981234	-0.164610	-0.100413	0.164287	0.986345	-0.011534	0.100940	-0.005179	0.994879
0.981318	-0.164373	-0.099980	0.164063	0.986384	-0.011369	0.100488	-0.005246	0.994924
0.981315	-0.164621	-0.099599	0.164366	0.986340	-0.010826	0.100020	-0.005747	0.994969
0.981092	-0.165208	-0.100819	0.164900	0.986244	-0.011443	0.101323	-0.005399	0.994839
