0.021029	-0.001204	0.008885
0.015168	-0.007979	0.005525
0.004848	-0.010369	0.012453
-0.000837	0.000272	0.005454
-0.005413	0.003276	-0.010787
-0.002299	0.012445	-0.023357
0.010658	-0.000576	-0.051495
0.012259	-0.002565	-0.052549
0.005303	-0.020634	-0.047119
-0.007529	-0.022207	-0.023830
-0.016490	-0.004692	0.001899
-0.017489	0.007282	0.006744
-0.005031	0.004588	0.001796
-0.011664	0.011165	0.004647
-0.015322	0.012386	0.004024
-0.007125	0.000928	-0.005337
-0.007353	-0.000450	-0.006702
-0.007088	0.003820	0.000120
0.005678	-0.003346	-0.003158
0.010313	0.014025	0.003681
0.000265	0.004270	0.006822
0.007882	0.008991	0.020347
0.010996	0.022500	0.028544
0.017026	0.005938	0.021903
-0.005134	-0.002704	0.037118
