0.001939	0.008066	0.016683
0.012604	0.008876	0.016881
0.013992	-0.013422	0.014010
0.015315	0.003590	0.027353
0.021683	-0.007257	0.017681
0.018069	-0.014779	0.011906
-0.008756	-0.007271	0.000417
-0.025341	0.008478	-0.018303
0.004525	0.004354	-0.030299
0.028220	0.006608	-0.005790
0.027478	-0.009221	0.041052
0.005699	-0.025232	0.027315
-0.001469	-0.019901	0.006363
-0.020376	-0.004849	-0.000089
-0.033721	0.014155	0.005308
-0.018685	0.036746	0.047058
-0.001491	0.019346	0.058960
0.018635	-0.007686	0.010239
0.004217	0.021848	0.030334
-0.002446	0.013896	0.017117
-0.006331	0.009399	-0.005638
0.004562	0.011587	-0.004075
0.020060	0.007937	-0.053274
0.031628	-0.030836	-0.074744
0.023100	-0.032388	-0.052194
