-0.015762	0.051769	0.059348
0.000074	0.005785	0.010914
0.027199	0.001099	0.013914
0.035000	0.002920	-0.028347
0.011187	-0.000716	-0.079386
0.011164	-0.009518	-0.022992
0.002967	0.001940	-0.013631
-0.015998	0.000956	0.010087
0.009365	0.009961	0.013531
0.000000	0.000000	0.000000
-0.009138	-0.008583	-0.012166
-0.012031	-0.004738	0.012379
-0.019920	-0.002093	0.002642
0.003041	0.007724	-0.002716
-0.008036	-0.000244	0.009970
-0.010937	0.006556	0.003589
-0.030549	-0.000010	0.007901
-0.001058	-0.008401	0.014246
0.002248	-0.000747	-0.002416
-0.012803	0.004274	-0.002179
-0.016476	-0.019283	0.022215
0.002094	0.008000	0.027901
-0.017959	-0.020253	0.029030
0.007691	0.010505	0.024439
