0.009255	-0.003056	-0.023608
0.003188	0.023634	0.039880
0.007346	0.016426	0.038080
0.014029	-0.010530	0.019467
0.007587	-0.005467	0.018225
-0.006625	-0.000719	0.013008
-0.005876	0.012155	-0.002908
0.002659	0.006413	-0.015300
0.006971	-0.000862	-0.005881
0.008374	0.005959	-0.013001
-0.013177	-0.004333	-0.004605
-0.022447	0.013314	-0.001313
-0.009262	0.006011	-0.007318
0.004804	-0.005966	-0.003162
0.003202	-0.003977	-0.002108
0.001939	0.003726	-0.004085
0.011914	0.007696	-0.018140
0.003269	0.004762	-0.022119
-0.027662	0.007780	-0.006034
-0.011436	0.012543	0.006012
0.005832	-0.003412	0.008060
-0.001902	0.003507	0.030310
-0.016387	0.019960	0.049648
-0.006780	-0.000652	0.001790
0.000198	-0.013150	-0.014702
