0.014587	-0.009162	-0.054660
0.011627	-0.018397	-0.030871
0.014631	-0.004885	0.002490
0.012274	-0.008475	0.009302
0.014602	-0.015072	0.007191
0.004730	-0.007410	0.006692
-0.003614	-0.007522	-0.005775
-0.016226	-0.004762	-0.012046
-0.010672	0.002146	-0.031124
-0.017107	-0.000087	-0.022208
-0.009299	0.003119	-0.012775
-0.003393	0.005492	0.006200
-0.007088	0.003820	0.000120
-0.015087	0.002128	-0.005221
-0.014631	0.004885	-0.002490
-0.004084	0.008652	-0.008054
-0.004429	0.010233	-0.015180
-0.010518	0.002079	-0.019905
-0.035088	-0.002795	-0.044418
-0.000853	-0.037527	-0.031833
-0.003931	-0.048144	-0.034574
0.006147	-0.019521	-0.000880
0.023233	0.011133	0.032390
0.015947	0.028103	0.047211
0.003041	0.016405	0.038819
