-0.000272	0.007365	0.003788
-0.001241	0.033867	0.024699
-0.013117	0.077112	0.044500
-0.034419	0.037632	0.043200
0.006147	-0.023861	-0.021647
0.010525	-0.018055	-0.011472
-0.006324	-0.002236	-0.016248
0.002049	0.003722	-0.029249
-0.008682	-0.010167	-0.030204
-0.002542	-0.018052	-0.020474
0.007668	-0.015658	-0.002238
0.008763	-0.000024	0.009740
0.017871	-0.005970	0.005840
0.021411	-0.004232	0.000701
0.019619	-0.000729	0.005847
0.009446	0.004110	0.013836
0.005935	0.012560	0.014274
-0.004576	0.007344	0.004527
-0.001116	0.014933	-0.000917
-0.000117	0.002959	-0.005761
0.003731	0.000223	-0.009231
0.006743	-0.002240	-0.007247
0.007323	-0.014078	-0.009365
0.006640	-0.018212	-0.013460
-0.000206	-0.031945	-0.012427
