0.055790	0.172097	0.009770
0.056578	0.235913	-0.004486
0.080910	0.146265	-0.004669
0.167834	0.185779	-0.070238
0.196707	0.142625	-0.042667
0.238045	0.120170	-0.096753
0.210992	0.073910	-0.126577
0.164216	0.021088	-0.126926
0.093995	-0.041474	-0.057643
0.088325	-0.041083	-0.023559
0.094127	-0.054683	-0.010798
0.061265	-0.067026	-0.001238
-0.001192	-0.073930	0.058066
0.002863	-0.092770	0.070820
0.080327	0.022636	0.050374
0.094723	0.006307	-0.041729
0.067369	-0.051456	-0.104600
0.030731	-0.050939	-0.059889
-0.017144	-0.038008	0.038435
0.006251	0.009473	0.067637
0.032648	-0.047334	0.033955
0.056968	-0.034974	-0.035673
0.067075	-0.057233	-0.065186
0.051542	0.056984	0.054033
-0.048395	0.097534	0.108012
