-0.001829	0.000611	-0.000311
0.001748	0.005240	0.000007
0.005957	-0.018006	0.003212
0.005914	0.038786	0.004568
-0.006295	0.012291	-0.000181
-0.001477	-0.012605	-0.003794
0.006368	-0.006507	0.011095
0.018671	-0.004794	0.015697
0.025826	0.004466	0.016333
0.040443	0.014172	-0.001492
0.031459	0.005523	-0.002440
0.014866	-0.015142	-0.006754
0.009952	-0.017853	-0.019964
0.029704	0.007578	-0.012605
-0.005398	0.041075	0.026499
0.028589	0.066219	-0.038086
-0.037174	-0.005069	0.000141
0.002372	-0.019681	-0.028032
-0.009931	-0.012713	0.008902
0.013654	-0.019137	0.017041
0.004143	0.011723	-0.001348
-0.012920	0.007233	-0.007940
-0.012597	-0.016171	-0.006723
-0.005436	-0.014207	0.004071
-0.008065	-0.010432	0.014671
