-0.004782	-0.020260	0.012867
0.010056	0.002460	0.007017
-0.000440	0.030703	0.013789
0.008624	0.029160	-0.005727
0.018180	0.041947	0.024480
0.005678	0.005335	0.038377
0.020832	0.055655	-0.000978
0.023255	0.019935	-0.024004
0.002181	-0.018167	-0.023940
0.003591	-0.018641	-0.020901
0.006934	-0.003754	-0.011339
0.005068	-0.001696	0.003661
0.010276	0.011133	-0.001776
0.013633	0.007089	0.007335
-0.001946	0.007909	0.014695
-0.012831	0.046476	0.019493
-0.006566	0.019657	0.003607
0.001859	0.009577	-0.004389
0.012303	-0.002627	-0.016166
0.008660	-0.020337	-0.017241
0.004884	-0.011817	-0.002857
-0.010460	-0.021254	-0.004742
-0.010540	0.032646	-0.008843
-0.028800	0.000890	-0.012860
-0.026472	-0.005708	-0.014971
