0.001167	-0.026631	0.026689
-0.005737	-0.021370	-0.008208
0.014087	-0.055565	-0.069208
0.038216	-0.024329	-0.051674
-0.000382	-0.001312	-0.012584
-0.023562	0.041267	0.060073
-0.041712	0.066238	0.068631
-0.005273	0.017800	-0.019884
0.008014	0.022130	-0.040444
-0.000132	0.013209	-0.046845
-0.023813	0.005045	-0.009504
-0.036726	0.009323	0.013481
-0.030328	0.013004	0.019876
-0.003048	0.003911	0.013326
0.015770	0.002006	0.009316
0.033641	-0.003964	0.015156
0.031217	0.018735	-0.024121
0.007610	0.003335	-0.038169
-0.024739	-0.029586	-0.010716
-0.034266	-0.019164	0.016680
-0.021838	-0.032045	0.016433
0.017709	0.005732	0.005231
0.034075	0.025019	0.008180
0.015763	0.013642	0.019926
0.011965	-0.004002	0.007633
