0.055763	-0.050604	-0.022488
0.025031	-0.056395	-0.000337
-0.043360	-0.075859	0.044693
-0.069509	-0.096290	0.072474
-0.084288	-0.098634	0.068923
-0.074518	-0.074219	0.059412
-0.085124	-0.050313	0.070580
-0.082781	-0.032132	0.043453
-0.052886	-0.026069	0.026756
-0.023872	-0.010990	0.020665
0.015623	-0.009563	-0.012512
0.051629	-0.017232	0.005989
0.098573	0.025273	0.058640
0.091742	0.049340	0.096960
0.111633	0.041246	0.099019
0.095820	0.096032	0.091059
0.078000	0.085963	0.090224
0.049831	0.058977	0.080251
0.012422	0.064165	0.089637
-0.048617	0.036471	0.099833
-0.032304	0.015066	0.060039
-0.072349	0.022644	0.028331
-0.128908	0.008047	0.013381
-0.127417	-0.002619	-0.004044
-0.109509	-0.005696	0.007253
