0.007962	-0.001200	-0.000117
0.007176	-0.016967	0.010342
-0.001205	-0.015630	0.013186
-0.000551	-0.026024	0.001214
0.016489	-0.047697	-0.018870
0.008469	-0.014483	0.007619
0.001608	-0.009284	0.009104
-0.004224	-0.005872	0.001044
0.002365	-0.003705	0.003346
0.003151	0.016401	0.013655
0.010371	-0.009308	0.018844
-0.003077	0.037433	-0.006537
0.006993	0.025302	0.020795
-0.009225	0.013244	0.018907
-0.010290	0.007798	0.002228
0.002065	0.037181	-0.012730
0.004180	0.014615	0.004109
0.001021	0.009849	0.001064
-0.007161	0.002376	0.009973
-0.002395	-0.006482	0.001355
-0.000455	-0.002756	-0.002730
0.002710	-0.009626	-0.010295
0.004804	-0.005966	-0.003162
-0.003041	-0.007724	0.002716
