-0.027669	0.023756	0.025343
-0.018722	0.033853	0.041601
-0.029887	0.039031	0.043826
-0.070211	0.069950	0.047283
-0.120657	0.116018	-0.043901
-0.205689	0.227395	-0.061116
-0.220755	0.198957	-0.077398
-0.192159	0.262221	-0.084559
-0.172593	0.177091	-0.096892
-0.132565	0.044296	-0.053341
-0.050557	0.006702	-0.020687
0.066642	-0.029485	-0.020472
0.085034	-0.063328	0.013419
0.127547	-0.067320	0.013150
0.096381	-0.106433	0.021509
0.027514	-0.063059	0.008770
-0.057930	0.041159	0.004440
-0.017378	0.011618	0.002348
-0.001293	-0.002484	0.002723
0.015182	-0.022570	0.025841
0.037665	-0.037332	0.011843
0.065187	-0.063977	0.006207
0.037797	-0.059221	0.017153
0.066260	-0.022117	0.008479
0.069388	-0.075588	0.020022
