-0.000419	0.001434	-0.001085
-0.000765	0.003951	-0.003723
-0.000019	0.002518	-0.002474
0.000232	0.002644	0.000275
0.000734	0.000271	0.001013
0.004161	0.001925	0.000975
0.002229	0.003887	0.004774
-0.006467	0.007420	-0.000644
-0.002707	0.005692	0.001848
0.004538	0.003055	-0.000451
0.001493	0.005495	-0.001252
-0.005623	0.002438	-0.002293
-0.005409	-0.001739	-0.003565
0.000576	-0.003408	0.000379
0.004336	0.002355	-0.003053
0.001394	-0.000174	-0.000034
-0.001478	-0.004694	0.003537
-0.000427	-0.003860	0.003275
0.001346	-0.004639	-0.000242
0.006084	-0.010839	-0.017064
0.004833	-0.023997	-0.024423
0.011774	-0.027512	-0.034931
0.002450	-0.010629	-0.024676
0.001632	-0.003754	-0.011869
-0.001011	0.000291	0.002608
-0.009349	0.004592	0.011270
