-0.010557	-0.025125	0.003912
-0.007324	0.007084	0.008998
0.004688	-0.004720	0.005714
0.009958	-0.006288	-0.005261
-0.009503	0.012132	0.005461
-0.002915	0.018401	0.006804
-0.000892	0.030641	0.017002
0.016622	0.015284	0.019070
0.010118	0.020332	0.012303
0.003939	0.001734	0.006715
0.003479	0.000724	-0.002997
0.000980	0.001253	-0.008028
-0.004146	-0.004582	-0.012828
-0.001945	-0.006271	-0.008435
-0.001968	-0.006525	-0.003273
-0.005812	-0.004250	-0.001571
-0.004820	-0.006437	-0.000660
-0.003691	-0.008377	0.000804
-0.005573	-0.007114	-0.000241
-0.003596	-0.008657	-0.001065
-0.001814	-0.007376	-0.005242
-0.006601	0.002122	-0.010695
-0.003479	-0.000965	-0.005160
0.005421	-0.007646	-0.009178
