0.005096	-0.001229	0.000807
0.002039	-0.008953	-0.001958
0.002935	-0.004863	-0.001175
0.003400	-0.002521	-0.000019
0.004155	-0.005619	-0.002915
0.005891	-0.005349	-0.001997
0.001950	-0.009334	0.001421
-0.002563	-0.008795	0.001177
-0.001699	-0.008501	0.002361
0.000776	-0.004469	0.005605
-0.001890	0.006547	-0.000500
-0.002572	0.021578	-0.013910
0.006065	0.013876	-0.026546
0.005903	0.014040	-0.037124
0.000814	0.012065	-0.030978
-0.004532	-0.003216	-0.013456
-0.003038	-0.024745	0.019095
0.003471	-0.036466	0.042738
-0.000825	-0.031169	0.055205
0.015389	-0.036058	0.042521
0.010733	-0.018698	0.044985
-0.007388	-0.011428	0.051269
-0.009226	-0.014926	0.036135
-0.011417	-0.015707	0.025001
-0.000288	-0.006246	0.016068
