0.000323	0.000408	0.000004
0.002596	-0.000703	0.000426
0.002594	-0.001809	0.003343
0.008083	-0.000028	0.001205
0.003835	-0.000424	0.000598
-0.002799	-0.000764	-0.002294
0.000721	0.004147	-0.001657
0.008666	-0.000484	-0.003885
-0.000984	0.003083	-0.005785
-0.007057	-0.004613	-0.006412
-0.003525	-0.008939	-0.009454
0.003716	-0.020242	0.000415
0.006733	-0.014328	-0.006166
-0.001060	-0.022207	-0.000707
-0.000018	-0.003507	0.005264
-0.001271	0.017811	0.005284
-0.002442	0.015325	0.007522
-0.001167	0.007142	0.000459
-0.003749	0.005435	0.001353
-0.003536	0.003542	0.000945
-0.005395	0.002583	0.003329
-0.002511	0.000126	0.003835
0.000831	0.002387	0.004215
0.001948	0.003142	0.004342
-0.000915	0.003516	-0.000761
