-0.000971	-0.004080	-0.004801
0.002470	-0.005205	0.000143
0.003829	-0.006648	-0.010918
-0.000768	0.005701	-0.010820
0.004039	0.008404	-0.006873
0.006207	-0.004117	-0.001984
-0.000110	-0.008660	0.005254
-0.003455	-0.003548	0.003075
0.000795	0.000288	0.001170
0.002030	0.003515	-0.003392
-0.008341	0.003089	-0.003497
-0.002316	0.000871	-0.002967
0.004301	-0.001405	-0.000073
0.006551	0.000813	0.005512
0.000365	-0.000177	0.002454
-0.022104	0.004360	0.005761
-0.035115	-0.003182	0.007297
-0.013366	-0.007225	0.003236
0.005426	-0.012485	0.007794
0.015246	0.001434	0.000476
0.008700	0.009096	-0.005403
-0.000219	0.004910	-0.005144
0.002597	-0.004253	-0.003800
0.003476	-0.009153	-0.007070
0.001659	0.002785	-0.002485
