0.000667	0.002453	-0.003278
-0.002842	-0.003219	0.001916
-0.004422	-0.007445	0.007406
-0.007742	-0.017069	0.016642
-0.000023	-0.010011	0.015150
-0.006812	0.006777	0.030694
0.003163	0.023397	0.016648
0.000156	0.021467	0.016735
-0.003445	0.010515	0.022853
-0.003333	0.003980	0.025345
-0.000368	-0.000832	0.018943
-0.002878	-0.004104	0.017578
-0.001924	-0.002526	0.010480
-0.001253	-0.001851	0.005687
0.001010	-0.006764	0.001036
0.004160	-0.005978	0.005600
0.006053	-0.002680	0.004748
0.000402	0.008698	0.004313
0.000192	0.004147	0.002057
-0.001337	-0.004397	0.003274
-0.000754	-0.006630	0.006156
-0.000698	-0.003819	0.003655
0.000282	-0.002794	0.002622
0.002258	-0.002046	0.000160
-0.000300	-0.006576	-0.002768
