0.002100	0.004127	0.001768
-0.001111	0.002452	0.012482
0.005863	-0.005119	0.025092
0.004421	0.001422	0.019902
0.002852	0.004284	0.019753
-0.002755	0.003094	0.017871
-0.004916	-0.001460	0.015307
-0.006925	-0.007664	0.013703
-0.007480	-0.001826	0.008526
-0.001311	0.000738	0.002795
0.000124	0.010493	-0.001013
-0.002595	0.009962	0.001234
0.000017	0.005318	0.003514
0.003306	0.004609	0.007728
-0.003225	0.002242	0.007593
-0.005958	0.006830	0.015978
-0.005707	0.006361	0.010144
0.002214	0.001345	0.001534
0.006662	0.001672	-0.004322
0.006784	0.003149	0.001981
0.005253	-0.001753	0.002229
-0.008951	0.002988	-0.001239
-0.006847	-0.010306	0.007217
-0.000180	-0.016362	0.004655
-0.000091	-0.013791	0.000417
