0.848529	-0.496909	0.181881	0.429251	0.847389	0.312530	-0.309423	-0.187118	0.932333
0.848400	-0.497191	0.181710	0.429546	0.847216	0.312594	-0.309367	-0.187152	0.932345
0.848347	-0.497154	0.182060	0.429526	0.847323	0.312331	-0.309540	-0.186765	0.932364
0.848536	-0.496764	0.182243	0.429020	0.847491	0.312573	-0.309724	-0.187043	0.932248
0.848426	-0.496959	0.182223	0.429230	0.847397	0.312538	-0.309734	-0.186949	0.932263
0.848344	-0.497165	0.182042	0.429483	0.847281	0.312504	-0.309607	-0.186927	0.932310
0.848343	-0.497170	0.182033	0.429461	0.847260	0.312591	-0.309640	-0.187008	0.932283
0.848637	-0.496719	0.181892	0.429019	0.847462	0.312652	-0.309447	-0.187293	0.932290
0.849026	-0.496223	0.181432	0.428875	0.847823	0.311870	-0.308579	-0.186974	0.932641
0.849003	-0.496336	0.181230	0.429278	0.847896	0.311115	-0.308082	-0.186339	0.932933
0.849362	-0.495933	0.180651	0.428643	0.847830	0.312171	-0.307977	-0.187711	0.932692
0.848549	-0.497036	0.181436	0.429930	0.847559	0.311133	-0.308422	-0.186007	0.932886
0.848575	-0.497016	0.181371	0.429547	0.847336	0.312268	-0.308884	-0.187075	0.932520
0.848562	-0.497076	0.181270	0.429312	0.847104	0.313220	-0.309248	-0.187965	0.932220
0.848386	-0.497251	0.181609	0.429310	0.846984	0.313546	-0.309731	-0.188042	0.932044
0.848310	-0.497285	0.181872	0.429310	0.847006	0.313487	-0.309939	-0.187855	0.932013
0.848450	-0.497094	0.181740	0.429163	0.847099	0.313437	-0.309760	-0.187940	0.932056
0.848494	-0.496997	0.181803	0.429079	0.847170	0.313358	-0.309756	-0.187874	0.932070
0.848399	-0.497084	0.182008	0.429164	0.847170	0.313243	-0.309899	-0.187643	0.932069
0.848425	-0.497105	0.181828	0.429163	0.847106	0.313417	-0.309829	-0.187877	0.932045
