0.560605	-0.806732	0.186833	0.744749	0.589829	0.312171	-0.362038	-0.035861	0.931473
0.560900	-0.806537	0.186788	0.744517	0.590082	0.312245	-0.362058	-0.036071	0.931458
0.560937	-0.806502	0.186826	0.744530	0.590135	0.312115	-0.361974	-0.035980	0.931494
0.561122	-0.806380	0.186800	0.744388	0.590295	0.312151	-0.361979	-0.036102	0.931487
0.561120	-0.806393	0.186748	0.744338	0.590268	0.312322	-0.362085	-0.036247	0.931440
0.560925	-0.806574	0.186554	0.744478	0.590013	0.312471	-0.362100	-0.036387	0.931429
0.561105	-0.806458	0.186512	0.744424	0.590171	0.312299	-0.361930	-0.036388	0.931495
0.561143	-0.806429	0.186523	0.744411	0.590211	0.312255	-0.361899	-0.036369	0.931507
0.560886	-0.806622	0.186464	0.744415	0.589932	0.312771	-0.362289	-0.036623	0.931346
0.560652	-0.806844	0.186206	0.744518	0.589610	0.313135	-0.362440	-0.036926	0.931275
0.560627	-0.806801	0.186467	0.744583	0.589693	0.312824	-0.362345	-0.036538	0.931328
0.560813	-0.806659	0.186521	0.744517	0.589893	0.312603	-0.362192	-0.036444	0.931391
0.560707	-0.806718	0.186585	0.744545	0.589814	0.312686	-0.362300	-0.036405	0.931350
0.560448	-0.806904	0.186561	0.744687	0.589561	0.312825	-0.362409	-0.036392	0.931309
0.560115	-0.807126	0.186595	0.744931	0.589268	0.312796	-0.362420	-0.036201	0.931312
0.558998	-0.807905	0.186579	0.745828	0.588238	0.312596	-0.362301	-0.035585	0.931382
0.558850	-0.808005	0.186588	0.745931	0.588104	0.312602	-0.362317	-0.035516	0.931378
0.558828	-0.807968	0.186812	0.745858	0.588162	0.312669	-0.362503	-0.035393	0.931311
0.557907	-0.808578	0.186926	0.746450	0.587349	0.312784	-0.362701	-0.034974	0.931249
0.558426	-0.808221	0.186920	0.746116	0.587830	0.312679	-0.362591	-0.035144	0.931286
