0.963926	-0.192409	0.183915	0.127818	0.940702	0.314234	-0.233471	-0.279391	0.931361
0.963840	-0.192779	0.183980	0.128180	0.940679	0.314153	-0.233628	-0.279211	0.931375
0.963752	-0.193260	0.183936	0.128566	0.940498	0.314538	-0.233779	-0.279489	0.931254
0.963701	-0.193666	0.183775	0.128981	0.940404	0.314651	-0.233759	-0.279526	0.931247
0.963616	-0.193755	0.184130	0.129049	0.940507	0.314315	-0.234075	-0.279117	0.931291
0.963599	-0.193640	0.184338	0.128767	0.940402	0.314744	-0.234299	-0.279550	0.931104
0.963529	-0.193947	0.184383	0.129012	0.940313	0.314908	-0.234453	-0.279635	0.931040
0.963536	-0.193983	0.184307	0.129166	0.940420	0.314525	-0.234339	-0.279250	0.931185
0.963535	-0.193992	0.184301	0.129293	0.940558	0.314061	-0.234271	-0.278780	0.931342
0.963582	-0.193770	0.184292	0.129096	0.940607	0.313994	-0.234189	-0.278768	0.931367
0.963640	-0.193497	0.184272	0.128748	0.940539	0.314343	-0.234139	-0.279189	0.931253
0.963649	-0.193456	0.184269	0.128562	0.940368	0.314928	-0.234205	-0.279791	0.931056
0.963635	-0.193504	0.184291	0.128568	0.940322	0.315062	-0.234258	-0.279911	0.931006
0.963645	-0.193360	0.184389	0.128486	0.940449	0.314719	-0.234263	-0.279586	0.931103
0.963667	-0.193233	0.184410	0.128464	0.940596	0.314285	-0.234186	-0.279176	0.931245
0.963602	-0.193687	0.184271	0.128886	0.940456	0.314532	-0.234219	-0.279334	0.931190
0.963580	-0.194153	0.183900	0.129287	0.940185	0.315179	-0.234092	-0.279924	0.931044
0.963498	-0.194337	0.184134	0.129430	0.940207	0.315052	-0.234351	-0.279720	0.931041
0.963574	-0.193841	0.184256	0.128984	0.940367	0.314758	-0.234281	-0.279526	0.931116
0.963627	-0.193371	0.184472	0.128501	0.940486	0.314601	-0.234328	-0.279454	0.931126
0.963636	-0.193339	0.184463	0.128443	0.940453	0.314724	-0.234327	-0.279586	0.931087
0.963582	-0.193477	0.184600	0.128529	0.940432	0.314751	-0.234501	-0.279562	0.931050
0.963613	-0.193592	0.184316	0.128761	0.940447	0.314610	-0.234246	-0.279430	0.931154
