0.982444	-0.031289	0.183917	-0.031375	0.944084	0.328209	-0.183902	-0.328217	0.926528
0.982607	-0.030401	0.183193	-0.031811	0.944369	0.327347	-0.182953	-0.327481	0.926976
0.982515	-0.030322	0.183699	-0.031812	0.944799	0.326103	-0.183447	-0.326244	0.927314
0.982489	-0.029174	0.184020	-0.032900	0.944981	0.325468	-0.183391	-0.325823	0.927474
0.982471	-0.029198	0.184117	-0.032919	0.944964	0.325513	-0.183488	-0.325868	0.927438
0.982530	-0.029672	0.183724	-0.032430	0.944806	0.326023	-0.183258	-0.326285	0.927337
0.982532	-0.029029	0.183815	-0.033023	0.944883	0.325737	-0.183140	-0.326117	0.927420
0.982547	-0.028904	0.183753	-0.033111	0.944900	0.325680	-0.183042	-0.326080	0.927452
0.982557	-0.028962	0.183695	-0.033029	0.944915	0.325645	-0.183007	-0.326032	0.927476
0.982548	-0.028931	0.183747	-0.033043	0.944973	0.325476	-0.183052	-0.325867	0.927525
0.982569	-0.028623	0.183682	-0.033301	0.944991	0.325396	-0.182891	-0.325841	0.927566
0.982557	-0.028491	0.183768	-0.033422	0.945049	0.325215	-0.182936	-0.325684	0.927612
0.982503	-0.028637	0.184030	-0.033440	0.944927	0.325567	-0.183219	-0.326025	0.927437
