0.788818	-0.586934	0.182416	0.519102	0.795112	0.313577	-0.329090	-0.152662	0.931877
0.788897	-0.586810	0.182473	0.518980	0.795205	0.313542	-0.329093	-0.152653	0.931877
0.789108	-0.586523	0.182483	0.518694	0.795397	0.313527	-0.329038	-0.152754	0.931880
0.789264	-0.586335	0.182409	0.518465	0.795489	0.313672	-0.329022	-0.152998	0.931846
0.789344	-0.586259	0.182306	0.518404	0.795527	0.313679	-0.328927	-0.153093	0.931864
0.789506	-0.586102	0.182114	0.518303	0.795621	0.313606	-0.328698	-0.153204	0.931926
0.789719	-0.585830	0.182065	0.518081	0.795815	0.313482	-0.328537	-0.153238	0.931977
0.789852	-0.585655	0.182046	0.517962	0.795952	0.313329	-0.328403	-0.153191	0.932032
0.789904	-0.585568	0.182103	0.517860	0.796014	0.313342	-0.328440	-0.153206	0.932017
0.789767	-0.585760	0.182081	0.517911	0.795818	0.313755	-0.328688	-0.153491	0.931882
0.789635	-0.586036	0.181767	0.518128	0.795550	0.314077	-0.328665	-0.153827	0.931835
0.789693	-0.585861	0.182079	0.518123	0.795803	0.313443	-0.328533	-0.153184	0.931987
0.789768	-0.585754	0.182095	0.517933	0.795837	0.313668	-0.328650	-0.153412	0.931909
0.789643	-0.585964	0.181963	0.518290	0.795742	0.313321	-0.328390	-0.153102	0.932051
0.789781	-0.585900	0.181566	0.518355	0.795771	0.313141	-0.327954	-0.153197	0.932189
0.789972	-0.585744	0.181240	0.518340	0.795880	0.312888	-0.327517	-0.153229	0.932338
0.789891	-0.585799	0.181416	0.518360	0.795861	0.312904	-0.327680	-0.153121	0.932298
0.789804	-0.585807	0.181770	0.518189	0.795837	0.313247	-0.328162	-0.153213	0.932114
0.789399	-0.586187	0.182304	0.518365	0.795590	0.313583	-0.328858	-0.153042	0.931896
0.788999	-0.586667	0.182487	0.518771	0.795272	0.313719	-0.329175	-0.152855	0.931815
0.788866	-0.586836	0.182519	0.518913	0.795153	0.313786	-0.329271	-0.152823	0.931786
0.788709	-0.587051	0.182507	0.519160	0.795024	0.313704	-0.329257	-0.152671	0.931816
0.788631	-0.587142	0.182550	0.519286	0.794987	0.313589	-0.329246	-0.152510	0.931846
