0.978938	-0.094519	0.180963	0.035135	0.951149	0.306727	-0.201114	-0.293909	0.934436
0.978953	-0.094342	0.180971	0.034947	0.951135	0.306791	-0.201071	-0.294010	0.934413
0.978960	-0.094208	0.181002	0.034784	0.951105	0.306903	-0.201065	-0.294150	0.934371
0.978930	-0.094135	0.181204	0.034686	0.951162	0.306736	-0.201229	-0.293988	0.934386
0.978919	-0.094061	0.181299	0.034695	0.951326	0.306229	-0.201279	-0.293483	0.934534
0.978889	-0.094030	0.181477	0.034773	0.951564	0.305478	-0.201412	-0.292719	0.934745
0.978837	-0.094288	0.181627	0.035115	0.951755	0.304843	-0.201608	-0.292014	0.934924
0.978782	-0.094818	0.181648	0.035529	0.951599	0.305283	-0.201802	-0.292352	0.934776
0.978714	-0.096293	0.181236	0.037073	0.951518	0.305350	-0.201853	-0.292132	0.934834
0.978754	-0.095918	0.181220	0.036760	0.951598	0.305138	-0.201717	-0.291994	0.934906
0.978809	-0.095676	0.181049	0.036521	0.951525	0.305396	-0.201492	-0.292312	0.934855
0.978847	-0.095451	0.180966	0.036279	0.951463	0.305618	-0.201354	-0.292588	0.934799
0.978865	-0.095173	0.181011	0.035983	0.951457	0.305672	-0.201316	-0.292698	0.934773
0.978932	-0.094643	0.180930	0.035525	0.951522	0.305523	-0.201074	-0.292658	0.934837
0.978987	-0.094422	0.180747	0.035374	0.951539	0.305488	-0.200833	-0.292675	0.934884
0.978987	-0.094422	0.180747	0.035374	0.951539	0.305488	-0.200833	-0.292675	0.934884
0.978999	-0.094347	0.180719	0.035293	0.951518	0.305562	-0.200787	-0.292767	0.934865
0.979003	-0.094150	0.180801	0.035062	0.951505	0.305627	-0.200808	-0.292871	0.934828
0.979010	-0.094016	0.180832	0.034899	0.951475	0.305739	-0.200802	-0.293011	0.934785
0.978970	-0.094156	0.180978	0.034985	0.951465	0.305763	-0.200984	-0.293001	0.934749
0.978906	-0.094254	0.181270	0.034986	0.951457	0.305788	-0.201292	-0.292996	0.934684
