0.972847	-0.135336	0.187756	0.072465	0.948543	0.308246	-0.219811	-0.286270	0.932594
0.972898	-0.135171	0.187613	0.072304	0.948496	0.308427	-0.219641	-0.286503	0.932563
0.972915	-0.135161	0.187533	0.072289	0.948458	0.308547	-0.219571	-0.286633	0.932540
0.972912	-0.135250	0.187481	0.072430	0.948500	0.308386	-0.219535	-0.286453	0.932603
0.972919	-0.135164	0.187507	0.072430	0.948626	0.307999	-0.219504	-0.286077	0.932726
0.972934	-0.135041	0.187518	0.072388	0.948742	0.307650	-0.219451	-0.285749	0.932839
0.972975	-0.135067	0.187285	0.072476	0.948726	0.307679	-0.219240	-0.285791	0.932876
0.972967	-0.135440	0.187058	0.072803	0.948555	0.308127	-0.219168	-0.286180	0.932774
0.972962	-0.135753	0.186856	0.073203	0.948572	0.307982	-0.219056	-0.285976	0.932862
0.973083	-0.135220	0.186615	0.072822	0.948694	0.307695	-0.218647	-0.285823	0.933005
0.973180	-0.134565	0.186584	0.072181	0.948727	0.307744	-0.218429	-0.286022	0.932995
0.973092	-0.134593	0.187018	0.072022	0.948661	0.307986	-0.218869	-0.286229	0.932828
0.972890	-0.135994	0.187060	0.073288	0.948443	0.308359	-0.219351	-0.286290	0.932697
0.972796	-0.136490	0.187187	0.073737	0.948414	0.308340	-0.219616	-0.286149	0.932678
0.972754	-0.136681	0.187263	0.073925	0.948432	0.308241	-0.219737	-0.285999	0.932695
0.972772	-0.136601	0.187229	0.073860	0.948440	0.308230	-0.219680	-0.286009	0.932706
0.972790	-0.136506	0.187207	0.073688	0.948335	0.308596	-0.219660	-0.286404	0.932589
0.972785	-0.136518	0.187220	0.073654	0.948282	0.308766	-0.219690	-0.286573	0.932530
0.972769	-0.136459	0.187346	0.073618	0.948366	0.308515	-0.219773	-0.286322	0.932588
0.972771	-0.136320	0.187438	0.073517	0.948459	0.308253	-0.219798	-0.286080	0.932656
0.972755	-0.136464	0.187420	0.073649	0.948430	0.308311	-0.219828	-0.286107	0.932640
0.972734	-0.136885	0.187219	0.073983	0.948215	0.308892	-0.219807	-0.286619	0.932489
0.972709	-0.137417	0.186960	0.074549	0.948129	0.309019	-0.219727	-0.286648	0.932498
