0.979724	-0.171123	-0.104201	0.170650	0.985239	-0.013499	0.104973	-0.004557	0.994465
0.979808	-0.170919	-0.103744	0.170450	0.985275	-0.013434	0.104512	-0.004521	0.994513
0.979791	-0.171153	-0.103517	0.170700	0.985234	-0.013284	0.104262	-0.004655	0.994539
0.979753	-0.171351	-0.103551	0.170907	0.985199	-0.013215	0.104282	-0.004750	0.994536
0.979704	-0.171716	-0.103414	0.171317	0.985133	-0.012795	0.104074	-0.005181	0.994556
0.979597	-0.172211	-0.103600	0.171869	0.985043	-0.012287	0.104167	-0.005769	0.994543
0.979568	-0.172495	-0.103401	0.172099	0.984996	-0.012799	0.104058	-0.005258	0.994557
0.979588	-0.172382	-0.103405	0.171995	0.985016	-0.012709	0.104046	-0.005336	0.994558
0.979662	-0.171479	-0.104199	0.171117	0.985172	-0.012470	0.104792	-0.005614	0.994478
0.979531	-0.171716	-0.105039	0.171312	0.985132	-0.012918	0.105696	-0.005341	0.994384
0.979470	-0.171906	-0.105293	0.171477	0.985100	-0.013179	0.105990	-0.005147	0.994354
0.979594	-0.171139	-0.105386	0.170730	0.985233	-0.012962	0.106048	-0.005295	0.994347
0.979714	-0.170728	-0.104937	0.170289	0.985306	-0.013195	0.105648	-0.004942	0.994391
0.979818	-0.170438	-0.104442	0.169985	0.985357	-0.013288	0.105177	-0.004734	0.994442
0.979881	-0.169989	-0.104578	0.169571	0.985433	-0.012945	0.105255	-0.005049	0.994432
0.979872	-0.170288	-0.104172	0.169866	0.985382	-0.012981	0.104860	-0.004976	0.994475
0.979866	-0.170580	-0.103754	0.170138	0.985332	-0.013164	0.104477	-0.004754	0.994516
0.979781	-0.171606	-0.102859	0.171164	0.985154	-0.013180	0.103594	-0.004692	0.994609
0.979578	-0.173358	-0.101853	0.172979	0.984845	-0.012602	0.102494	-0.005274	0.994720
0.979453	-0.174332	-0.101395	0.173985	0.984671	-0.012319	0.101988	-0.005575	0.994770
0.979377	-0.175000	-0.100973	0.174692	0.984551	-0.011950	0.101505	-0.005936	0.994817
0.979256	-0.175891	-0.100599	0.175596	0.984391	-0.011842	0.101112	-0.006069	0.994857
0.979086	-0.177055	-0.100215	0.176777	0.984181	-0.011719	0.100705	-0.006242	0.994897
0.979009	-0.177654	-0.099904	0.177426	0.984070	-0.011229	0.100308	-0.006732	0.994934
0.978917	-0.177862	-0.100431	0.177639	0.984032	-0.011230	0.100825	-0.006847	0.994881
