0.993679	-0.048817	-0.101092	0.046361	0.998573	-0.026504	0.102241	0.021650	0.994524
0.993586	-0.048679	-0.102066	0.046247	0.998590	-0.026057	0.103190	0.021170	0.994436
0.993523	-0.048023	-0.102989	0.045571	0.998622	-0.026034	0.104097	0.021172	0.994342
0.993492	-0.047015	-0.103749	0.044543	0.998668	-0.026026	0.104834	0.021236	0.994263
0.993479	-0.046343	-0.104174	0.043864	0.998700	-0.025965	0.105242	0.021226	0.994220
0.993486	-0.045735	-0.104375	0.043242	0.998726	-0.026020	0.105432	0.021338	0.994198
0.993527	-0.045032	-0.104285	0.042614	0.998771	-0.025297	0.105296	0.020689	0.994226
0.993561	-0.044526	-0.104180	0.042200	0.998811	-0.024426	0.105143	0.019872	0.994259
0.993564	-0.044360	-0.104224	0.042095	0.998829	-0.023834	0.105159	0.019294	0.994268
0.993654	-0.044384	-0.103354	0.042178	0.998835	-0.023429	0.104273	0.018921	0.994369
0.993549	-0.044416	-0.104345	0.042184	0.998833	-0.023502	0.105267	0.018949	0.994263
0.993546	-0.045265	-0.104006	0.042990	0.998787	-0.024017	0.104967	0.019391	0.994287
0.993539	-0.045761	-0.103856	0.043498	0.998766	-0.023949	0.104824	0.019277	0.994304
0.993523	-0.046314	-0.103768	0.044106	0.998751	-0.023471	0.104726	0.018742	0.994325
0.993475	-0.047346	-0.103753	0.045138	0.998703	-0.023535	0.104733	0.018699	0.994325
0.993446	-0.047824	-0.103818	0.045657	0.998689	-0.023157	0.104790	0.018265	0.994327
0.993418	-0.048250	-0.103886	0.046088	0.998670	-0.023120	0.104864	0.018180	0.994320
0.993431	-0.048319	-0.103727	0.046155	0.998666	-0.023168	0.104708	0.018228	0.994336
0.993406	-0.048288	-0.103989	0.046111	0.998666	-0.023232	0.104972	0.018284	0.994307
0.993394	-0.048618	-0.103950	0.046408	0.998644	-0.023572	0.104955	0.018593	0.994303
0.993394	-0.048983	-0.103772	0.046749	0.998622	-0.023858	0.104797	0.018849	0.994315
0.993407	-0.048979	-0.103648	0.046748	0.998622	-0.023849	0.104673	0.018846	0.994328
0.993414	-0.048901	-0.103618	0.046669	0.998625	-0.023861	0.104643	0.018868	0.994331
0.993452	-0.048975	-0.103224	0.046778	0.998627	-0.023594	0.104237	0.018611	0.994378
0.993363	-0.048837	-0.104136	0.046678	0.998644	-0.023068	0.105122	0.018055	0.994295
