0.982957	-0.157397	-0.094985	0.155916	0.987506	-0.022861	0.097396	0.007662	0.995216
0.982888	-0.157643	-0.095283	0.156086	0.987461	-0.023633	0.097814	0.008356	0.995170
0.982831	-0.157354	-0.096351	0.155759	0.987506	-0.023906	0.098909	0.008488	0.995060
0.982646	-0.157849	-0.097421	0.156235	0.987427	-0.024034	0.099990	0.008396	0.994953
0.982584	-0.157901	-0.097955	0.156272	0.987419	-0.024134	0.100534	0.008406	0.994898
0.982666	-0.156960	-0.098641	0.155342	0.987571	-0.023921	0.101169	0.008184	0.994836
0.982681	-0.156717	-0.098879	0.155144	0.987614	-0.023444	0.101328	0.007697	0.994823
0.982679	-0.156601	-0.099084	0.155105	0.987638	-0.022679	0.101411	0.006918	0.994821
0.982692	-0.156269	-0.099486	0.154869	0.987697	-0.021685	0.101651	0.005903	0.994803
0.982685	-0.156358	-0.099413	0.154993	0.987685	-0.021363	0.101529	0.005584	0.994817
0.982723	-0.156376	-0.099003	0.154992	0.987680	-0.021563	0.101155	0.005846	0.994853
0.982738	-0.156254	-0.099048	0.154856	0.987699	-0.021702	0.101221	0.005990	0.994846
0.982688	-0.156532	-0.099108	0.155143	0.987655	-0.021622	0.101269	0.005872	0.994842
0.982691	-0.156610	-0.098955	0.155233	0.987644	-0.021513	0.101101	0.005779	0.994859
0.982795	-0.156148	-0.098650	0.154804	0.987718	-0.021187	0.100747	0.005551	0.994897
0.982906	-0.155639	-0.098348	0.154307	0.987799	-0.021056	0.100425	0.005520	0.994929
0.982984	-0.155460	-0.097847	0.154111	0.987825	-0.021243	0.099958	0.005802	0.994975
0.982999	-0.155381	-0.097822	0.154030	0.987837	-0.021254	0.099934	0.005826	0.994977
0.983033	-0.155592	-0.097143	0.154245	0.987804	-0.021271	0.099268	0.005926	0.995043
0.982919	-0.155827	-0.097922	0.154426	0.987764	-0.021777	0.100117	0.006283	0.994956
0.982791	-0.156767	-0.097707	0.155314	0.987612	-0.022350	0.100000	0.006790	0.994964
0.982803	-0.156567	-0.097906	0.155087	0.987642	-0.022599	0.100234	0.007027	0.994939
0.982801	-0.156797	-0.097555	0.155337	0.987607	-0.022435	0.099864	0.006895	0.994977
0.982767	-0.157346	-0.097015	0.155939	0.987522	-0.021963	0.099261	0.006456	0.995041
0.982798	-0.157220	-0.096905	0.155886	0.987547	-0.021231	0.099036	0.005760	0.995067
