0.968407	-0.235369	-0.082399	0.234338	0.971904	-0.022107	0.085287	0.002100	0.996354
0.968286	-0.235776	-0.082650	0.234762	0.971806	-0.021924	0.085489	0.001826	0.996337
0.968294	-0.235771	-0.082579	0.234751	0.971807	-0.021987	0.085435	0.001904	0.996342
0.968348	-0.235673	-0.082221	0.234639	0.971830	-0.022166	0.085128	0.002172	0.996368
0.968359	-0.235671	-0.082097	0.234638	0.971831	-0.022145	0.085003	0.002181	0.996378
0.968336	-0.235723	-0.082223	0.234705	0.971818	-0.021971	0.085085	0.001977	0.996372
0.968374	-0.235804	-0.081537	0.234824	0.971799	-0.021537	0.084316	0.001709	0.996438
0.968415	-0.235375	-0.082293	0.234358	0.971903	-0.021939	0.085144	0.001960	0.996367
0.968245	-0.236172	-0.082000	0.235135	0.971709	-0.022217	0.084927	0.002230	0.996385
0.968229	-0.236207	-0.082090	0.235160	0.971700	-0.022337	0.085043	0.002323	0.996375
0.968210	-0.236326	-0.081973	0.235286	0.971671	-0.022257	0.084910	0.002262	0.996386
0.968173	-0.236440	-0.082085	0.235392	0.971643	-0.022366	0.085045	0.002332	0.996374
0.968166	-0.236531	-0.081895	0.235513	0.971622	-0.022017	0.084778	0.002029	0.996398
0.968153	-0.236506	-0.082123	0.235499	0.971628	-0.021876	0.084967	0.001840	0.996382
0.968101	-0.236794	-0.081909	0.235759	0.971557	-0.022229	0.084843	0.002210	0.996392
0.968140	-0.236621	-0.081953	0.235556	0.971599	-0.022568	0.084966	0.002545	0.996381
0.968125	-0.236511	-0.082443	0.235432	0.971625	-0.022713	0.085475	0.002580	0.996337
0.968075	-0.236455	-0.083181	0.235374	0.971640	-0.022706	0.086191	0.002402	0.996276
0.968139	-0.236007	-0.083705	0.234934	0.971749	-0.022587	0.086671	0.002202	0.996235
0.968252	-0.235432	-0.084028	0.234357	0.971889	-0.022568	0.086979	0.002159	0.996208
0.968309	-0.235152	-0.084155	0.234060	0.971956	-0.022756	0.087146	0.002337	0.996193
0.968340	-0.235007	-0.084200	0.233930	0.971991	-0.022568	0.087145	0.002157	0.996193
0.968411	-0.234832	-0.083871	0.233806	0.972035	-0.021986	0.086689	0.001682	0.996234
0.968441	-0.234309	-0.084973	0.233267	0.972161	-0.022131	0.087793	0.001611	0.996137
0.968248	-0.235184	-0.084756	0.234114	0.971949	-0.022484	0.087666	0.001927	0.996148
