0.993674	-0.069762	-0.088007	0.068712	0.997525	-0.014907	0.088829	0.008766	0.996008
0.993681	-0.069847	-0.087858	0.068821	0.997521	-0.014656	0.088664	0.008517	0.996025
0.993698	-0.069872	-0.087645	0.068834	0.997518	-0.014816	0.088463	0.008690	0.996042
0.993692	-0.069935	-0.087661	0.068872	0.997511	-0.015100	0.088499	0.008967	0.996036
0.993686	-0.070343	-0.087402	0.069270	0.997481	-0.015255	0.088255	0.009104	0.996056
0.993707	-0.070196	-0.087291	0.069142	0.997493	-0.015052	0.088129	0.008922	0.996069
0.993765	-0.069920	-0.086850	0.068876	0.997513	-0.014955	0.087680	0.008880	0.996109
0.993815	-0.069746	-0.086409	0.068694	0.997524	-0.015096	0.087248	0.009067	0.996145
0.993914	-0.069941	-0.085111	0.068902	0.997509	-0.015087	0.085954	0.009130	0.996257
0.993848	-0.069770	-0.086012	0.068715	0.997521	-0.015165	0.086856	0.009162	0.996179
0.993775	-0.070723	-0.086075	0.069651	0.997453	-0.015391	0.086944	0.009300	0.996170
0.993718	-0.071247	-0.086308	0.070205	0.997419	-0.015053	0.087157	0.008899	0.996155
0.993702	-0.071429	-0.086337	0.070368	0.997404	-0.015278	0.087204	0.009106	0.996149
0.993673	-0.071596	-0.086537	0.070480	0.997387	-0.015889	0.087448	0.009690	0.996122
0.993652	-0.071380	-0.086957	0.070265	0.997403	-0.015823	0.087861	0.009612	0.996086
0.993622	-0.071210	-0.087429	0.070106	0.997417	-0.015641	0.088317	0.009412	0.996048
0.993634	-0.071232	-0.087275	0.070108	0.997413	-0.015881	0.088180	0.009661	0.996058
0.993655	-0.070954	-0.087262	0.069815	0.997431	-0.016044	0.088176	0.009850	0.996056
0.993684	-0.070753	-0.087093	0.069610	0.997444	-0.016104	0.088010	0.009940	0.996070
0.993707	-0.070312	-0.087190	0.069196	0.997479	-0.015757	0.088078	0.009624	0.996067
0.993771	-0.069601	-0.087036	0.068529	0.997532	-0.015254	0.087883	0.009195	0.996088
0.993855	-0.069016	-0.086544	0.067956	0.997573	-0.015139	0.087379	0.009165	0.996133
0.993931	-0.068658	-0.085948	0.067610	0.997598	-0.015044	0.086774	0.009142	0.996186
0.993914	-0.068131	-0.086561	0.067069	0.997634	-0.015128	0.087387	0.009231	0.996132
0.993850	-0.068668	-0.086878	0.067585	0.997595	-0.015347	0.087723	0.009381	0.996101
