0.983735	-0.138775	-0.114048	0.137387	0.990316	-0.019976	0.115716	0.003983	0.993274
0.983703	-0.138973	-0.114084	0.137594	0.990289	-0.019909	0.115743	0.003887	0.993272
0.983670	-0.138853	-0.114512	0.137541	0.990308	-0.019319	0.116085	0.003253	0.993234
0.983699	-0.139031	-0.114048	0.137720	0.990282	-0.019339	0.115628	0.003317	0.993287
0.983735	-0.138746	-0.114086	0.137387	0.990321	-0.019727	0.115718	0.003733	0.993275
0.983724	-0.138402	-0.114598	0.137003	0.990368	-0.020039	0.116268	0.004013	0.993210
0.983702	-0.138376	-0.114813	0.136993	0.990372	-0.019886	0.116460	0.003833	0.993188
0.983742	-0.137932	-0.115004	0.136594	0.990436	-0.019472	0.116590	0.003446	0.993174
0.983804	-0.137514	-0.114980	0.136204	0.990495	-0.019210	0.116529	0.003238	0.993182
0.983832	-0.137431	-0.114832	0.136122	0.990506	-0.019206	0.116381	0.003264	0.993199
0.983792	-0.137449	-0.115154	0.136160	0.990504	-0.019022	0.116676	0.003034	0.993165
0.983794	-0.137229	-0.115400	0.135956	0.990535	-0.018870	0.116897	0.002875	0.993140
0.983633	-0.137631	-0.116294	0.136309	0.990479	-0.019282	0.117841	0.003115	0.993028
0.983536	-0.138315	-0.116303	0.136951	0.990382	-0.019680	0.117906	0.003428	0.993019
0.983603	-0.137823	-0.116320	0.136493	0.990452	-0.019362	0.117877	0.003168	0.993023
0.983640	-0.137736	-0.116105	0.136399	0.990464	-0.019424	0.117673	0.003270	0.993047
0.983644	-0.137881	-0.115901	0.136534	0.990443	-0.019521	0.117485	0.003377	0.993069
0.983612	-0.137894	-0.116156	0.136560	0.990442	-0.019403	0.117722	0.003223	0.993041
0.983584	-0.138190	-0.116048	0.136822	0.990400	-0.019706	0.117657	0.003505	0.993048
0.983560	-0.138365	-0.116039	0.136936	0.990373	-0.020229	0.117721	0.004007	0.993039
0.983515	-0.138542	-0.116207	0.137041	0.990346	-0.020848	0.117974	0.004579	0.993006
0.983490	-0.138769	-0.116150	0.137258	0.990314	-0.020948	0.117932	0.004660	0.993011
0.983562	-0.138554	-0.115792	0.137014	0.990342	-0.021199	0.117611	0.004986	0.993047
0.983679	-0.138282	-0.115125	0.136687	0.990377	-0.021681	0.117015	0.005591	0.993114
0.983722	-0.138548	-0.114436	0.136887	0.990336	-0.022285	0.116418	0.006258	0.993181
