0.993546	-0.070813	-0.088607	0.069752	0.997451	-0.015017	0.089444	0.008739	0.995954
0.993545	-0.071042	-0.088444	0.069989	0.997436	-0.014957	0.089280	0.008671	0.995969
0.993552	-0.070997	-0.088393	0.069933	0.997438	-0.015072	0.089236	0.008793	0.995972
0.993566	-0.070978	-0.088254	0.069891	0.997436	-0.015357	0.089117	0.009090	0.995980
0.993583	-0.071192	-0.087892	0.070095	0.997420	-0.015504	0.088769	0.009243	0.996009
0.993647	-0.070884	-0.087414	0.069816	0.997444	-0.015225	0.088270	0.009025	0.996056
0.993740	-0.070377	-0.086768	0.069331	0.997481	-0.015006	0.087605	0.008896	0.996116
0.993782	-0.070100	-0.086511	0.069057	0.997500	-0.014999	0.087346	0.008932	0.996138
0.993864	-0.069958	-0.085679	0.068917	0.997509	-0.015061	0.086519	0.009064	0.996209
0.993769	-0.070201	-0.086570	0.069130	0.997490	-0.015316	0.087428	0.009236	0.996128
0.993658	-0.071836	-0.086506	0.070738	0.997371	-0.015693	0.087405	0.009474	0.996128
0.993515	-0.071983	-0.088015	0.070852	0.997360	-0.015914	0.088928	0.009575	0.995992
0.993486	-0.072110	-0.088237	0.070849	0.997336	-0.017346	0.089253	0.010981	0.995948
0.993482	-0.072289	-0.088140	0.071011	0.997321	-0.017560	0.089174	0.011186	0.995953
0.993495	-0.070971	-0.089051	0.069753	0.997424	-0.016720	0.090009	0.010400	0.995887
0.993544	-0.070508	-0.088875	0.069366	0.997465	-0.015873	0.089769	0.009606	0.995916
0.993611	-0.070152	-0.088405	0.069021	0.997490	-0.015788	0.089291	0.009585	0.995959
0.993656	-0.070049	-0.087987	0.068898	0.997494	-0.016064	0.088892	0.009900	0.995992
0.993673	-0.070074	-0.087774	0.068910	0.997491	-0.016224	0.088690	0.010073	0.996008
0.993674	-0.069943	-0.087862	0.068814	0.997504	-0.015816	0.088749	0.009670	0.996007
0.993693	-0.069589	-0.087935	0.068511	0.997534	-0.015228	0.088778	0.009108	0.996010
0.993722	-0.069266	-0.087860	0.068231	0.997561	-0.014732	0.088666	0.008645	0.996024
0.993813	-0.068923	-0.087094	0.067936	0.997588	-0.014250	0.087866	0.008245	0.996098
0.993724	-0.068626	-0.088330	0.067655	0.997611	-0.013941	0.089075	0.007878	0.995994
0.993692	-0.069351	-0.088129	0.068382	0.997561	-0.013967	0.088883	0.007853	0.996011
0.993677	-0.069188	-0.088422	0.068254	0.997576	-0.013547	0.089145	0.007426	0.995991
