0.991319	-0.014406	-0.130685	0.014260	0.999896	-0.002051	0.130701	0.000169	0.991422
0.991315	-0.013641	-0.130803	0.013460	0.999907	-0.002265	0.130821	0.000485	0.991406
0.991278	-0.012751	-0.131173	0.012617	0.999919	-0.001856	0.131186	0.000185	0.991358
0.991238	-0.012435	-0.131500	0.012371	0.999923	-0.001308	0.131506	-0.000331	0.991315
0.991218	-0.012189	-0.131674	0.012189	0.999925	-0.000810	0.131674	-0.000802	0.991293
0.991208	-0.012154	-0.131751	0.012157	0.999926	-0.000784	0.131750	-0.000824	0.991283
0.991175	-0.012118	-0.132007	0.012093	0.999926	-0.000991	0.132009	-0.000614	0.991248
0.991195	-0.011998	-0.131869	0.011965	0.999928	-0.001040	0.131872	-0.000547	0.991267
0.991096	-0.012403	-0.132573	0.012388	0.999923	-0.000941	0.132574	-0.000710	0.991173
0.991098	-0.012861	-0.132514	0.012860	0.999917	-0.000857	0.132514	-0.000854	0.991181
0.991100	-0.012154	-0.132564	0.012214	0.999925	-0.000359	0.132559	-0.001264	0.991174
0.991174	-0.011761	-0.132046	0.011832	0.999930	-0.000247	0.132040	-0.001318	0.991244
0.991215	-0.011750	-0.131740	0.011813	0.999930	-0.000303	0.131735	-0.001256	0.991284
0.991194	-0.011689	-0.131897	0.011798	0.999930	0.000045	0.131888	-0.001600	0.991263
0.991183	-0.011810	-0.131976	0.011937	0.999929	0.000171	0.131964	-0.001745	0.991253
0.991206	-0.011948	-0.131790	0.012042	0.999927	-0.000087	0.131781	-0.001501	0.991278
0.991205	-0.011900	-0.131800	0.011948	0.999929	-0.000427	0.131796	-0.001151	0.991276
0.991244	-0.012644	-0.131434	0.012670	0.999920	-0.000642	0.131431	-0.001029	0.991325
0.991342	-0.013647	-0.130597	0.013676	0.999906	-0.000670	0.130594	-0.001122	0.991435
0.991466	-0.014340	-0.129576	0.014375	0.999896	-0.000666	0.129572	-0.001202	0.991569
0.991539	-0.014542	-0.128991	0.014540	0.999894	-0.000960	0.128991	-0.000923	0.991645
0.991568	-0.013814	-0.128852	0.013804	0.999904	-0.000969	0.128853	-0.000818	0.991663
0.991463	-0.013000	-0.129735	0.012977	0.999915	-0.001022	0.129738	-0.000671	0.991548
0.991410	-0.013458	-0.130099	0.013399	0.999909	-0.001333	0.130105	-0.000422	0.991500
