-0.002743	-0.000916	0.000467
-0.003294	0.001083	0.001151
-0.002673	-0.008178	0.005015
0.001216	-0.002517	0.008333
0.001656	-0.000180	0.003252
0.003559	-0.003184	0.002410
0.004627	-0.000642	0.001420
0.000687	0.001683	0.001209
-0.001422	0.010437	0.005993
-0.000555	-0.001648	0.005763
0.002031	-0.008787	0.000826
0.004088	-0.009554	-0.000850
0.002688	0.003084	-0.002665
-0.001374	-0.001197	0.007965
-0.000922	-0.007601	0.010313
-0.003118	0.007691	0.002893
-0.001605	-0.005636	0.004025
-0.001506	-0.001232	0.000992
0.001557	-0.004584	0.006285
0.001616	-0.003105	0.003404
0.001443	-0.006065	-0.003416
0.002516	0.002294	0.000898
0.005443	-0.004741	0.004297
0.001392	0.004091	0.010074
0.002439	0.002261	0.006508
