0.003111	0.006868	-0.005017
0.000639	-0.010707	0.001136
0.001862	-0.005929	-0.000689
-0.003202	-0.003977	-0.002108
-0.000569	0.003445	0.003413
-0.002240	0.008719	-0.002190
-0.002115	-0.000712	0.004557
-0.003621	0.000227	0.015933
-0.008146	0.008921	0.006401
-0.002619	0.011508	-0.005069
0.003944	0.003492	0.005515
0.003900	-0.005251	0.000363
0.001462	-0.005341	0.004239
-0.000367	-0.005952	0.004550
-0.000591	-0.000926	0.000836
-0.001715	-0.001300	-0.000371
-0.001050	-0.003988	-0.001738
0.001899	-0.006652	0.004237
0.000815	-0.004099	0.002877
0.000702	-0.003410	0.003560
0.002093	-0.001490	0.003250
0.001318	0.005535	0.000221
0.000970	-0.001863	0.002043
0.000856	-0.003344	-0.007659
0.001062	-0.009094	-0.011600
0.003687	-0.008966	0.004078
