0.000360	-0.001343	0.005608
0.000015	-0.005094	0.002350
0.001407	-0.003173	0.002041
0.002093	-0.001490	0.003250
0.002071	-0.005861	0.000674
0.001561	-0.000937	0.001206
0.003103	-0.000427	0.005141
0.000646	-0.001242	0.001362
0.000378	-0.002789	0.002879
-0.000576	-0.006020	0.003187
-0.000228	0.001378	0.001365
-0.000228	0.001378	0.001365
0.000378	-0.002789	0.002879
0.002472	-0.004279	0.006129
0.001521	-0.003862	0.001358
0.001616	-0.003105	0.003404
0.001311	-0.003930	-0.000005
0.001958	-0.005172	0.001357
0.000323	-0.000621	0.000681
0.001025	-0.004031	0.004241
0.002262	-0.004347	0.004766
0.000514	0.000893	0.004773
0.000951	-0.000417	0.004771
0.001065	-0.001106	0.004089
0.000970	-0.001863	0.002043
