-0.000286	-0.000101	0.004246
0.000305	0.000825	0.003409
0.001961	0.000646	0.006661
0.001502	-0.002416	0.004087
0.001407	-0.003173	0.002041
0.003276	0.000363	0.001577
0.000342	-0.002067	-0.002048
0.002013	-0.007341	0.003555
0.000970	-0.001863	0.002043
0.000591	0.000926	-0.000836
0.000419	0.000136	0.002727
-0.001047	0.001830	0.003567
-0.000801	-0.000994	-0.000527
-0.002446	-0.009556	0.003650
-0.001168	-0.006946	0.004023
0.000455	-0.002756	-0.002730
0.001866	-0.000112	0.004615
-0.001183	-0.001853	0.001673
0.001161	-0.000349	0.006134
0.001825	-0.003037	0.004768
0.001407	-0.003173	0.002041
-0.000815	0.004099	-0.002877
0.002167	-0.005104	0.002720
0.001616	-0.003105	0.003404
0.001715	0.001300	0.000371
