-0.000819	0.000452	0.002202
-0.000268	-0.001547	0.001517
0.000841	0.003920	0.000375
0.000757	-0.005579	0.005758
-0.003526	-0.001186	0.007595
-0.001825	0.005207	0.005616
-0.002097	-0.002158	0.001829
-0.002365	-0.003705	0.003346
-0.000382	-0.000858	0.002200
0.000209	0.000068	0.001363
0.000419	0.000136	0.002727
0.000702	-0.003410	0.003560
0.000533	-0.000553	0.002044
0.000856	-0.001174	0.002725
-0.000400	0.000588	0.004928
0.001065	-0.001106	0.004089
0.001943	-0.000078	-0.000994
0.001465	-0.001694	-0.000840
0.000000	0.000000	-0.000000
0.000371	-0.012255	0.002653
0.002299	-0.007239	-0.000691
0.002226	-0.003625	-0.000161
0.001373	0.003367	0.002419
0.004345	0.002905	0.000587
