0.030411	-0.077244	0.027165
0.022831	-0.092777	-0.047838
0.022279	-0.071094	-0.069820
-0.003164	-0.072280	-0.086839
0.037027	-0.006521	-0.040333
0.057116	0.010383	-0.048458
0.043285	0.008663	-0.035057
0.029116	0.012658	-0.024687
0.124947	0.062038	0.022486
0.106432	-0.003760	-0.031542
0.094070	-0.029721	-0.032545
0.092418	-0.043408	-0.007826
0.052886	-0.030409	0.005988
0.033898	-0.003262	0.008948
0.019120	-0.000917	0.012499
-0.037188	-0.013862	-0.000593
-0.022036	0.018896	-0.031134
-0.012311	0.033786	-0.030573
-0.041979	0.042812	-0.027867
-0.003717	0.014814	-0.029547
-0.001513	0.011157	-0.011516
