-0.001630	-0.039850	-0.001958
-0.003136	-0.017057	-0.002864
-0.013184	-0.007302	-0.006005
-0.001249	0.011227	0.002429
0.004010	0.014437	0.002861
0.006515	0.003618	0.008612
0.007867	-0.019241	0.020737
0.006721	-0.023986	0.016952
0.001123	0.022228	-0.011074
-0.001814	0.009640	-0.040772
0.006148	0.015180	-0.019888
0.004730	0.011751	0.014076
-0.004840	0.001267	0.023063
-0.006955	-0.025640	0.019135
-0.001983	-0.000677	0.011530
-0.000992	-0.004679	-0.015003
0.002901	0.002460	-0.027148
-0.004371	0.008761	-0.020750
-0.002696	0.009305	-0.009843
-0.003849	-0.002735	-0.003469
0.002813	-0.006346	0.004082
-0.000734	-0.011904	0.009101
