0.009034	0.007390	-0.005953
0.001903	-0.005174	-0.011225
-0.002666	-0.000883	-0.005142
-0.001139	0.006891	0.006826
0.005487	0.001832	-0.000934
0.003658	0.001221	-0.000623
0.001521	-0.003862	0.001358
0.001028	0.001786	0.009546
0.006772	-0.007948	0.011947
-0.003467	-0.004047	-0.016053
-0.000654	-0.010394	-0.011972
0.004870	-0.002774	0.023173
-0.002439	0.002079	0.014260
-0.017320	0.016056	0.003257
0.008998	0.010282	-0.000496
0.004649	0.001560	-0.006388
-0.000808	-0.010460	-0.000753
0.000676	-0.011430	0.006062
0.002431	-0.009375	-0.004102
0.001175	-0.009783	-0.012283
-0.000610	-0.001650	-0.006819
0.009336	0.004567	0.002536
0.009174	-0.007135	0.003144
