0.003533	-0.013373	-0.005471
-0.001792	-0.003503	-0.005146
-0.007316	-0.002442	0.001245
-0.008307	-0.002781	0.007010
-0.000352	-0.013216	-0.003483
-0.001079	-0.017825	-0.004541
-0.010166	0.002456	-0.018147
-0.009328	0.002728	-0.012693
0.001696	0.031111	0.021969
-0.001139	0.006891	0.006826
-0.009138	0.008583	0.012166
0.011965	0.008342	0.013135
0.006633	0.006577	0.002850
-0.007316	-0.002442	0.001245
-0.004569	0.004291	0.006083
0.001528	0.003433	-0.008800
-0.002813	0.006346	-0.004082
-0.001557	0.006755	0.004099
0.000000	0.000000	-0.000000
0.005061	-0.005600	0.006497
-0.001521	0.003862	-0.001358
-0.004951	-0.003077	-0.022868
0.004877	0.000181	-0.007753
