-0.008006	-0.009943	-0.005269
-0.001058	0.008401	-0.014246
-0.006633	-0.002236	0.017917
-0.007698	-0.001130	0.013829
-0.004495	-0.001493	-0.004831
0.004371	-0.017441	-0.020785
0.002020	-0.002216	-0.016987
0.000074	-0.005785	-0.010914
0.000154	0.004407	0.009549
-0.001564	-0.004881	-0.006511
0.000801	-0.001176	-0.009857
0.010937	0.006556	0.003589
0.006391	-0.010976	0.003763
0.005774	-0.024262	-0.013665
0.012575	0.001312	-0.021582
0.015388	-0.005034	-0.017500
0.012641	-0.003087	0.019197
-0.011121	0.007906	0.023696
-0.004106	0.013171	0.013963
0.013258	0.001518	-0.004909
0.017599	-0.001395	-0.009627
-0.001330	0.005376	0.002734
