0.006391	-0.015316	-0.017004
0.011503	-0.000537	0.005255
0.011128	0.003730	-0.013086
0.031048	0.001636	-0.010445
0.044805	0.009141	-0.012931
0.032840	0.005139	-0.005299
0.010210	0.001947	0.002532
0.004378	-0.001465	0.010593
0.007727	-0.004717	0.011640
0.004304	-0.000021	0.000739
0.006243	-0.003747	0.004824
-0.000345	-0.001580	0.007127
-0.003283	-0.009828	-0.001803
-0.003115	0.009169	-0.012570
0.000837	-0.004068	-0.015314
0.004686	0.003008	0.008923
-0.010629	0.002257	0.015509
-0.019120	0.005258	0.008269
-0.004546	-0.017532	0.000174
-0.014095	-0.001790	-0.000544
-0.011459	0.009280	-0.000103
-0.006764	-0.037147	-0.039076
