-0.029431	0.033107	0.005021
-0.029240	0.031592	0.000929
-0.033339	0.015467	0.017891
-0.030864	0.016098	0.016841
-0.036880	0.013729	0.023030
-0.017878	0.021946	0.025538
-0.022101	0.016074	0.026581
-0.022182	0.021925	0.026277
-0.022461	0.036585	0.019907
-0.036945	0.048699	0.018477
-0.027089	0.007578	0.002457
-0.013992	0.013422	-0.014010
-0.009453	0.003185	-0.023994
-0.014602	0.015072	-0.007191
-0.004495	0.001493	0.004831
0.001859	0.013917	0.016378
0.000779	0.031742	0.020919
-0.000939	0.032349	-0.004557
0.010188	0.019939	-0.033006
-0.005288	0.036731	-0.019432
0.024122	0.034191	-0.013391
0.045386	0.027070	0.007017
0.060576	0.040914	0.018451
0.039342	0.062563	0.014110
0.027832	0.064981	-0.011560
