0.018252	0.013338	0.023112
-0.015667	-0.013966	0.003102
0.001903	-0.005174	-0.011225
0.014367	0.004815	-0.016436
0.004385	0.005830	0.000435
-0.000529	0.008541	0.013644
0.001373	0.003367	0.002419
-0.006581	0.009462	-0.007855
-0.013669	0.005641	-0.007975
-0.004224	0.005872	-0.001044
0.010937	0.006556	0.003589
0.010974	0.003663	-0.001868
0.015278	0.003643	-0.001129
0.011392	0.003800	0.000859
0.002938	0.008248	0.008930
-0.000412	0.011499	0.007883
-0.000603	0.009985	0.003791
-0.010819	-0.003597	-0.009351
-0.005112	-0.010439	-0.001492
0.022975	0.013454	0.026578
-0.009945	-0.010558	-0.030122
0.006104	0.006437	-0.025041
0.009600	0.000297	-0.004287
0.003195	-0.003318	0.012266
-0.006331	-0.009399	0.005638
