-0.010739	0.006594	0.011112
-0.006515	0.000722	0.012156
-0.005377	-0.006168	0.005330
-0.010974	-0.003663	0.001868
-0.021940	-0.000032	-0.006422
-0.020992	-0.004096	0.003428
-0.019729	0.003607	0.001450
-0.014176	-0.007641	-0.000240
0.004436	0.026209	0.016197
-0.024349	-0.008140	0.012538
-0.012538	-0.008544	-0.004643
-0.009813	0.011332	-0.035432
-0.013053	0.010247	-0.032082
-0.003497	0.010481	0.000014
-0.001638	0.000904	0.004403
0.008873	0.000028	0.015424
0.000566	-0.007093	0.001666
0.004840	0.003074	-0.002296
0.007286	0.012630	-0.005946
0.016005	0.008251	-0.000071
0.025745	-0.005976	0.004739
0.010430	-0.011067	-0.009443
0.022263	0.023435	0.005205
-0.008388	-0.008632	0.007314
-0.012428	-0.012881	-0.000247
-0.000676	0.011430	-0.006062
