-0.000888	0.016311	0.000449
-0.008990	0.002987	0.009662
-0.006699	-0.006503	0.002094
0.011194	0.005010	-0.006925
0.005369	0.001127	-0.004828
-0.008461	0.007187	0.002539
-0.003430	0.002599	0.000743
-0.009952	0.013513	-0.000803
0.003004	0.004832	-0.008174
-0.000955	0.003231	-0.000308
0.000228	0.001378	0.001365
-0.008043	0.007051	-0.000188
0.003313	0.000359	-0.006504
0.007845	0.001758	-0.005878
0.014206	0.002547	-0.004941
0.016380	0.000356	0.002497
0.019384	0.005188	-0.005676
0.022550	-0.001682	-0.013241
0.009556	0.004106	-0.011328
0.010437	-0.000569	-0.001167
0.004709	0.023156	0.017754
-0.004260	-0.004424	0.016354
0.011885	0.001849	0.007328
0.019957	0.004986	0.002815
0.002241	0.010889	0.008194
