-0.019486	0.026889	-0.004334
-0.036491	-0.000935	0.004237
-0.008991	-0.001354	-0.011105
0.007808	-0.001134	-0.011335
-0.021286	-0.006022	0.015219
-0.014955	-0.015421	0.020857
-0.015418	-0.010882	0.007969
-0.021963	-0.021792	0.000513
-0.017783	-0.007177	0.004623
-0.009563	0.003189	0.001170
-0.003269	-0.009103	0.001351
0.020956	-0.006988	-0.002030
0.025333	-0.005523	-0.012622
0.021029	-0.005544	-0.011883
0.022439	-0.006019	-0.008845
0.010136	-0.007732	-0.013446
-0.001668	-0.015432	-0.020470
-0.005082	0.020626	-0.003209
-0.011650	-0.007766	0.004195
-0.004951	-0.001263	0.002101
0.015917	0.004895	-0.010391
0.013515	0.005708	-0.019194
-0.008696	0.013104	-0.008984
-0.004164	0.014503	-0.008358
-0.014859	0.003506	-0.003855
