-0.065842	0.021981	-0.011206
-0.036190	0.006228	0.016516
0.004525	0.013035	0.011236
0.025759	-0.012955	-0.005191
0.046032	-0.024077	-0.011316
0.040750	-0.034010	0.024741
0.047133	-0.059448	0.035385
0.011795	-0.068082	0.066763
0.055278	-0.094236	0.066350
0.055484	-0.062291	0.078777
0.066282	-0.039662	0.059721
0.107989	0.010515	0.035641
0.151149	-0.000915	-0.007524
0.124280	0.006656	-0.055395
0.056419	0.026421	-0.083588
-0.018024	0.036724	-0.103926
-0.049727	0.009385	-0.057067
-0.036748	-0.016841	-0.013196
-0.018620	-0.006904	0.010076
-0.025267	0.018603	0.013378
-0.058114	0.035378	0.018690
-0.059319	0.015408	0.011108
-0.059165	0.011001	0.001558
-0.080988	0.008074	0.013742
-0.079100	-0.015870	0.029217
