-0.007000	-0.009326	0.010582
-0.004907	-0.005666	0.017716
-0.019347	-0.002295	0.011134
-0.025025	-0.003290	-0.006476
-0.038313	-0.007619	0.014083
-0.017173	-0.008827	-0.002196
-0.001256	0.000408	0.008180
-0.003386	-0.001804	0.016358
-0.006471	-0.005125	0.003459
0.008057	-0.025982	-0.000264
0.002241	0.010889	0.008194
-0.005627	-0.012693	0.008163
0.013559	0.001305	-0.003579
0.019685	0.008010	-0.014165
0.018936	-0.009204	-0.019017
0.000984	0.006957	-0.004393
0.008344	-0.004229	-0.008300
0.013860	0.004127	-0.012067
0.011620	-0.006762	-0.020262
0.009747	0.002592	-0.015420
-0.000235	0.005917	-0.011523
-0.008843	0.005875	-0.010045
-0.012384	0.004138	-0.004906
-0.006170	-0.002303	-0.005029
-0.005986	0.007819	0.001489
