0.003349	-0.003252	0.001047
0.000375	-0.012947	-0.023194
-0.019854	-0.019667	-0.044933
-0.015351	-0.006539	-0.029493
-0.017070	-0.007145	-0.004017
-0.005222	-0.001762	0.014879
-0.001256	0.003932	0.012587
0.003011	0.006804	0.018783
-0.005913	-0.009263	0.008365
-0.021565	-0.008639	-0.008848
-0.032143	0.000976	-0.039880
-0.033391	0.012204	-0.037451
-0.034794	-0.024684	-0.020006
-0.008946	0.001416	-0.025277
0.016585	0.020089	0.002047
0.010099	0.010624	0.018903
0.052966	-0.011537	0.067987
0.016343	0.006877	0.023728
0.014440	0.007711	0.014185
0.007389	0.000998	0.008608
0.000000	0.000000	-0.000000
0.002784	0.003841	-0.000619
-0.014668	-0.010673	-0.033588
-0.001866	-0.002059	-0.014999
-0.001256	-0.000408	-0.008180
