-0.003812	0.001287	-0.011841
-0.006214	0.006441	0.000123
-0.015740	0.012522	0.006751
-0.012186	-0.004672	0.001160
0.002167	0.005104	-0.002720
0.003004	0.004832	-0.008174
-0.013023	-0.004399	0.006614
-0.001711	-0.002348	0.005450
-0.010548	-0.003768	0.005563
-0.018349	-0.014269	0.006289
-0.017254	-0.002976	-0.002501
-0.021294	0.001274	0.005061
-0.015271	-0.003653	0.009029
-0.012002	0.005450	0.007678
-0.002747	0.006734	0.004838
-0.016923	0.014374	0.005078
-0.016277	0.015617	0.003716
-0.011928	0.006894	-0.002176
-0.017415	0.008726	-0.003109
-0.003929	0.008586	0.003165
-0.014418	0.029534	0.020095
-0.010628	0.006423	0.026027
0.013295	0.001375	0.010366
0.015080	0.005167	-0.004937
0.001902	0.000834	-0.009542
