-0.036373	-0.003893	0.009998
-0.050946	0.025707	0.018874
-0.043549	0.017414	0.020423
-0.029909	0.012867	0.017149
-0.037218	0.008014	0.026062
-0.018128	-0.005596	-0.002504
-0.029219	0.005366	0.010634
-0.018708	0.006242	-0.000386
-0.004723	0.000115	0.003466
0.006669	-0.003684	0.002607
0.012883	-0.010125	0.002483
0.026905	-0.017700	-0.008975
0.022609	0.023034	-0.001875
0.033413	-0.009682	-0.006977
0.028602	0.003579	-0.013973
0.028947	0.001999	-0.006847
0.033486	-0.008238	-0.016831
0.030666	-0.007289	-0.022907
0.030592	-0.008733	-0.013053
0.023937	-0.019639	0.004655
0.007264	-0.030113	0.020804
-0.000706	-0.021617	0.010763
-0.002586	-0.004968	0.005447
0.002519	-0.008112	-0.006203
