-0.012869	0.008806	0.002935
-0.021154	-0.020138	-0.016731
-0.000566	0.007093	-0.001666
-0.013339	-0.007369	0.005214
0.002013	-0.009511	-0.006829
0.026751	0.008953	-0.021341
0.027588	0.009225	-0.015888
0.015630	0.016859	0.002355
0.021190	0.017246	0.011274
0.014595	0.007777	0.002967
-0.003041	0.007724	-0.002716
-0.011385	0.003496	-0.011017
-0.010856	-0.000705	-0.003894
-0.003011	-0.002463	0.001984
0.013133	-0.008736	0.011010
0.002586	-0.004968	0.005447
-0.008227	0.003070	0.006706
-0.005252	0.008426	0.010179
-0.013750	0.004131	0.013097
-0.015851	-0.003845	0.009620
-0.002813	0.006346	-0.004082
-0.001256	0.003932	0.012587
0.004143	-0.011723	0.001348
0.017224	0.007212	-0.007201
0.019663	0.009473	-0.000694
