0.012494	0.000199	0.000509
0.026362	-0.002969	-0.001400
0.031922	-0.003357	-0.010320
0.057792	-0.007634	0.000861
0.170693	-0.064159	-0.050330
0.158199	-0.068698	-0.071607
0.117184	-0.034618	-0.082403
0.099534	-0.011295	-0.055500
0.090632	-0.017114	-0.014608
0.071218	-0.028149	0.016536
0.070961	-0.035374	0.040640
0.070991	-0.025187	0.035939
0.048346	-0.003063	0.028560
0.045392	-0.032615	0.000203
0.008080	-0.008499	-0.015123
-0.029380	0.012728	-0.010742
-0.006985	0.015452	-0.014434
-0.007947	0.030319	-0.004132
0.013060	0.007292	-0.001157
0.008932	0.024687	-0.004057
0.002622	0.007861	0.000010
0.001535	-0.010728	0.018957
-0.009622	-0.012846	0.031340
-0.001462	-0.027196	0.016521
