0.026244	0.004351	0.027929
0.008572	0.002851	0.006935
-0.002241	0.010889	0.008194
-0.007154	0.009260	0.000636
-0.018062	-0.007484	0.001748
-0.014793	-0.016586	0.003099
-0.004900	0.021642	0.013662
-0.020206	-0.024203	-0.006881
-0.004914	-0.001629	-0.007558
0.006552	0.000726	0.003155
-0.016387	-0.006940	0.012655
-0.011201	-0.002285	0.003233
-0.005935	0.008220	-0.006494
-0.021852	0.013115	-0.016885
-0.014007	0.011356	-0.011007
-0.007110	0.013662	-0.014979
0.008388	0.008632	-0.007314
0.004010	0.010097	-0.017907
0.015204	0.005087	-0.010982
0.016571	0.001158	0.001595
0.011275	0.000841	0.006621
0.006310	-0.016827	0.004068
0.005436	-0.014207	0.004071
0.013787	-0.002683	0.002214
0.001608	0.013624	0.011664
