-0.032289	-0.031163	0.006513
-0.019260	0.024122	0.019940
-0.044210	-0.026422	0.019298
-0.030255	-0.010108	0.010745
-0.002673	-0.008178	0.005015
-0.012193	-0.002624	0.008998
-0.012156	-0.005516	0.003541
0.012802	0.008614	0.018589
-0.005795	-0.006304	0.002603
-0.006941	-0.011049	-0.001181
0.017173	-0.008827	-0.002196
0.002512	-0.003524	-0.004407
0.000874	-0.002620	-0.000003
0.016828	-0.010407	0.004930
0.003842	-0.004560	0.013627
0.023196	0.000440	0.014603
0.019582	0.003622	-0.000389
0.008991	-0.001354	-0.011105
0.011238	-0.000607	-0.008690
0.016276	0.019957	0.024484
-0.018678	-0.016429	0.005087
0.005567	0.007683	-0.001238
-0.002358	0.003590	-0.006812
-0.013324	0.011562	0.005666
-0.019384	0.005188	-0.005676
-0.041728	0.019611	-0.035141
