0.927614	-0.358031	-0.106516	0.366587	0.927314	0.075522	0.071735	-0.109103	0.991439
0.927614	-0.358031	-0.106516	0.366587	0.927314	0.075522	0.071735	-0.109103	0.991439
0.927614	-0.358031	-0.106516	0.366587	0.927314	0.075522	0.071735	-0.109103	0.991439
0.927614	-0.358031	-0.106516	0.366587	0.927314	0.075522	0.071735	-0.109103	0.991439
0.927276	-0.358766	-0.106989	0.367360	0.927023	0.075332	0.072155	-0.109157	0.991402
0.927063	-0.359274	-0.107130	0.367876	0.926827	0.075225	0.072265	-0.109148	0.991395
0.927063	-0.359274	-0.107130	0.367876	0.926827	0.075225	0.072265	-0.109148	0.991395
0.926880	-0.359805	-0.106930	0.368369	0.926649	0.075011	0.072097	-0.108916	0.991433
0.926880	-0.359805	-0.106930	0.368369	0.926649	0.075011	0.072097	-0.108916	0.991433
0.926695	-0.360398	-0.106536	0.368912	0.926440	0.074922	0.071698	-0.108732	0.991482
0.926695	-0.360398	-0.106536	0.368912	0.926440	0.074922	0.071698	-0.108732	0.991482
0.926521	-0.360930	-0.106252	0.369409	0.926246	0.074872	0.071392	-0.108621	0.991516
0.926521	-0.360930	-0.106252	0.369409	0.926246	0.074872	0.071392	-0.108621	0.991516
0.926521	-0.360930	-0.106252	0.369409	0.926246	0.074872	0.071392	-0.108621	0.991516
0.926238	-0.361572	-0.106531	0.370080	0.925979	0.074858	0.071578	-0.108761	0.991488
0.926238	-0.361572	-0.106531	0.370080	0.925979	0.074858	0.071578	-0.108761	0.991488
0.926238	-0.361572	-0.106531	0.370080	0.925979	0.074858	0.071578	-0.108761	0.991488
0.926238	-0.361572	-0.106531	0.370080	0.925979	0.074858	0.071578	-0.108761	0.991488
0.926238	-0.361572	-0.106531	0.370080	0.925979	0.074858	0.071578	-0.108761	0.991488
0.926454	-0.360800	-0.107267	0.369415	0.926215	0.075217	0.072214	-0.109311	0.991381
0.926971	-0.359042	-0.108689	0.367844	0.926810	0.075595	0.073592	-0.110055	0.991197
0.927633	-0.356914	-0.110041	0.365923	0.927508	0.076350	0.074813	-0.111091	0.990990
0.928036	-0.355567	-0.111004	0.364733	0.927923	0.077001	0.075624	-0.111947	0.990832
0.928250	-0.354825	-0.111588	0.364094	0.928135	0.077471	0.076080	-0.112541	0.990730
0.928485	-0.354089	-0.111965	0.363441	0.928347	0.077990	0.076327	-0.113105	0.990647
0.928899	-0.352879	-0.112352	0.362331	0.928720	0.078713	0.076568	-0.113825	0.990546
