0.954005	-0.280589	-0.105564	0.289687	0.953456	0.083685	0.077170	-0.110417	0.990885
0.953722	-0.281448	-0.105834	0.290554	0.953218	0.083395	0.077412	-0.110286	0.990881
0.953266	-0.282925	-0.106005	0.292007	0.952820	0.082864	0.077560	-0.109945	0.990907
0.952820	-0.284468	-0.105885	0.293497	0.952405	0.082368	0.077414	-0.109559	0.990961
0.952538	-0.285427	-0.105839	0.294415	0.952162	0.081902	0.077399	-0.109175	0.991005
0.952391	-0.285969	-0.105699	0.294912	0.952040	0.081528	0.077315	-0.108819	0.991050
0.952391	-0.285969	-0.105699	0.294912	0.952040	0.081528	0.077315	-0.108819	0.991050
0.952342	-0.286248	-0.105392	0.295135	0.951995	0.081248	0.077075	-0.108481	0.991106
0.952342	-0.286248	-0.105392	0.295135	0.951995	0.081248	0.077075	-0.108481	0.991106
0.952538	-0.285626	-0.105305	0.294493	0.952205	0.081112	0.077104	-0.108274	0.991126
0.952758	-0.284762	-0.105653	0.293690	0.952428	0.081410	0.077444	-0.108593	0.991065
0.952951	-0.283791	-0.106523	0.292851	0.952648	0.081858	0.078248	-0.109202	0.990935
0.953000	-0.283391	-0.107146	0.292537	0.952725	0.082081	0.078820	-0.109568	0.990849
0.952843	-0.283947	-0.107071	0.293083	0.952559	0.082056	0.078692	-0.109567	0.990860
0.952746	-0.284447	-0.106605	0.293536	0.952415	0.082111	0.078176	-0.109523	0.990905
0.952759	-0.284617	-0.106032	0.293657	0.952361	0.082300	0.077557	-0.109549	0.990951
0.952759	-0.284617	-0.106032	0.293657	0.952361	0.082300	0.077557	-0.109549	0.990951
0.952921	-0.284329	-0.105353	0.293316	0.952443	0.082576	0.076864	-0.109590	0.991000
0.953046	-0.284138	-0.104731	0.293074	0.952497	0.082813	0.076226	-0.109618	0.991047
0.952955	-0.284654	-0.104158	0.293537	0.952342	0.082950	0.075582	-0.109622	0.991096
0.952621	-0.285958	-0.103643	0.294752	0.952003	0.082538	0.075067	-0.109176	0.991184
0.952259	-0.287309	-0.103225	0.296022	0.951648	0.082076	0.074653	-0.108714	0.991266
0.952092	-0.287893	-0.103146	0.296573	0.951504	0.081761	0.074605	-0.108434	0.991300
0.952092	-0.287893	-0.103146	0.296573	0.951504	0.081761	0.074605	-0.108434	0.991300
0.951837	-0.288670	-0.103325	0.297342	0.951294	0.081404	0.074794	-0.108206	0.991311
