0.761684	-0.637975	-0.113249	0.647729	0.754252	0.107473	0.016853	-0.155216	0.987737
0.760839	-0.639025	-0.113006	0.648722	0.753478	0.106912	0.016828	-0.154652	0.987826
0.760274	-0.639720	-0.112882	0.649384	0.752967	0.106493	0.016871	-0.154267	0.987885
0.760274	-0.639720	-0.112882	0.649384	0.752967	0.106493	0.016871	-0.154267	0.987885
0.760274	-0.639720	-0.112882	0.649384	0.752967	0.106493	0.016871	-0.154267	0.987885
0.760274	-0.639720	-0.112882	0.649384	0.752967	0.106493	0.016871	-0.154267	0.987885
0.760274	-0.639720	-0.112882	0.649384	0.752967	0.106493	0.016871	-0.154267	0.987885
0.760274	-0.639720	-0.112882	0.649384	0.752967	0.106493	0.016871	-0.154267	0.987885
0.760274	-0.639720	-0.112882	0.649384	0.752967	0.106493	0.016871	-0.154267	0.987885
0.760711	-0.639229	-0.112718	0.648877	0.753367	0.106760	0.016673	-0.154353	0.987875
0.760711	-0.639229	-0.112718	0.648877	0.753367	0.106760	0.016673	-0.154353	0.987875
0.760711	-0.639229	-0.112718	0.648877	0.753367	0.106760	0.016673	-0.154353	0.987875
0.760711	-0.639229	-0.112718	0.648877	0.753367	0.106760	0.016673	-0.154353	0.987875
0.760989	-0.638992	-0.112189	0.648573	0.753516	0.107553	0.015811	-0.154609	0.987849
0.761733	-0.638143	-0.111963	0.647705	0.754188	0.108063	0.015481	-0.154834	0.987819
0.762417	-0.637326	-0.111966	0.646899	0.754865	0.108169	0.015581	-0.154900	0.987807
0.762417	-0.637326	-0.111966	0.646899	0.754865	0.108169	0.015581	-0.154900	0.987807
0.762417	-0.637326	-0.111966	0.646899	0.754865	0.108169	0.015581	-0.154900	0.987807
0.762417	-0.637326	-0.111966	0.646899	0.754865	0.108169	0.015581	-0.154900	0.987807
0.762417	-0.637326	-0.111966	0.646899	0.754865	0.108169	0.015581	-0.154900	0.987807
0.762417	-0.637326	-0.111966	0.646899	0.754865	0.108169	0.015581	-0.154900	0.987807
0.762417	-0.637326	-0.111966	0.646899	0.754865	0.108169	0.015581	-0.154900	0.987807
0.762417	-0.637326	-0.111966	0.646899	0.754865	0.108169	0.015581	-0.154900	0.987807
0.762713	-0.636962	-0.112016	0.646541	0.755215	0.107862	0.015892	-0.154691	0.987835
0.762713	-0.636962	-0.112016	0.646541	0.755215	0.107862	0.015892	-0.154691	0.987835
