0.688654	-0.723130	-0.053276	0.724952	0.685226	0.070072	-0.014165	-0.086878	0.996118
0.688654	-0.723130	-0.053276	0.724952	0.685226	0.070072	-0.014165	-0.086878	0.996118
0.688269	-0.723492	-0.053345	0.725315	0.684826	0.070223	-0.014274	-0.087024	0.996104
0.688269	-0.723492	-0.053345	0.725315	0.684826	0.070223	-0.014274	-0.087024	0.996104
0.688269	-0.723492	-0.053345	0.725315	0.684826	0.070223	-0.014274	-0.087024	0.996104
0.688269	-0.723492	-0.053345	0.725315	0.684826	0.070223	-0.014274	-0.087024	0.996104
0.688269	-0.723492	-0.053345	0.725315	0.684826	0.070223	-0.014274	-0.087024	0.996104
0.688591	-0.723211	-0.052992	0.725004	0.685143	0.070345	-0.014568	-0.086858	0.996114
0.688591	-0.723211	-0.052992	0.725004	0.685143	0.070345	-0.014568	-0.086858	0.996114
0.688591	-0.723211	-0.052992	0.725004	0.685143	0.070345	-0.014568	-0.086858	0.996114
0.689383	-0.722414	-0.053557	0.724251	0.685873	0.070987	-0.014549	-0.087726	0.996038
0.689470	-0.722293	-0.054076	0.724173	0.685941	0.071116	-0.014274	-0.088193	0.996001
0.689470	-0.722293	-0.054076	0.724173	0.685941	0.071116	-0.014274	-0.088193	0.996001
0.689470	-0.722293	-0.054076	0.724173	0.685941	0.071116	-0.014274	-0.088193	0.996001
0.690271	-0.721574	-0.053458	0.723397	0.686712	0.071576	-0.014937	-0.088078	0.996002
0.691540	-0.720424	-0.052549	0.722162	0.687930	0.072350	-0.015973	-0.087982	0.995994
0.692665	-0.719367	-0.052208	0.721076	0.689040	0.072620	-0.016267	-0.087947	0.995992
0.693815	-0.718238	-0.052492	0.719961	0.690102	0.073587	-0.016628	-0.088848	0.995906
0.694427	-0.717602	-0.053092	0.719366	0.690616	0.074581	-0.016853	-0.089984	0.995801
0.694427	-0.717602	-0.053092	0.719366	0.690616	0.074581	-0.016853	-0.089984	0.995801
0.694427	-0.717602	-0.053092	0.719366	0.690616	0.074581	-0.016853	-0.089984	0.995801
0.693728	-0.718203	-0.054091	0.720056	0.689908	0.074480	-0.016174	-0.090617	0.995754
0.692646	-0.719217	-0.054475	0.721102	0.688834	0.074288	-0.015905	-0.090737	0.995748
0.691211	-0.720595	-0.054501	0.722477	0.687407	0.074151	-0.015968	-0.090629	0.995757
0.689779	-0.721967	-0.054482	0.723842	0.685987	0.073985	-0.016041	-0.090470	0.995770
