0.993820	-0.081008	-0.075893	0.086224	0.993940	0.068175	0.069910	-0.074297	0.994783
0.993827	-0.080417	-0.076424	0.085687	0.993973	0.068374	0.070465	-0.074500	0.994728
0.993827	-0.080417	-0.076424	0.085687	0.993973	0.068374	0.070465	-0.074500	0.994728
0.993888	-0.079554	-0.076534	0.084841	0.994037	0.068503	0.070628	-0.074578	0.994711
0.993888	-0.079554	-0.076534	0.084841	0.994037	0.068503	0.070628	-0.074578	0.994711
0.993944	-0.078703	-0.076687	0.084027	0.994082	0.068858	0.070814	-0.074884	0.994675
0.993944	-0.078703	-0.076687	0.084027	0.994082	0.068858	0.070814	-0.074884	0.994675
0.993944	-0.078703	-0.076687	0.084027	0.994082	0.068858	0.070814	-0.074884	0.994675
0.993944	-0.078703	-0.076687	0.084027	0.994082	0.068858	0.070814	-0.074884	0.994675
0.993944	-0.078703	-0.076687	0.084027	0.994082	0.068858	0.070814	-0.074884	0.994675
0.993944	-0.078703	-0.076687	0.084027	0.994082	0.068858	0.070814	-0.074884	0.994675
0.993944	-0.078703	-0.076687	0.084027	0.994082	0.068858	0.070814	-0.074884	0.994675
0.993944	-0.078703	-0.076687	0.084027	0.994082	0.068858	0.070814	-0.074884	0.994675
0.993944	-0.078703	-0.076687	0.084027	0.994082	0.068858	0.070814	-0.074884	0.994675
0.993949	-0.079187	-0.076124	0.084452	0.994061	0.068633	0.070237	-0.074646	0.994734
0.993949	-0.079187	-0.076124	0.084452	0.994061	0.068633	0.070237	-0.074646	0.994734
0.993944	-0.079633	-0.075724	0.084870	0.994024	0.068650	0.069805	-0.074661	0.994763
0.993906	-0.080079	-0.075747	0.085315	0.993988	0.068620	0.069797	-0.074664	0.994763
0.993843	-0.080746	-0.075874	0.085989	0.993933	0.068578	0.069877	-0.074680	0.994756
0.993791	-0.081379	-0.075875	0.086631	0.993868	0.068713	0.069818	-0.074859	0.994747
0.993791	-0.081379	-0.075875	0.086631	0.993868	0.068713	0.069818	-0.074859	0.994747
0.993791	-0.081379	-0.075875	0.086631	0.993868	0.068713	0.069818	-0.074859	0.994747
0.993791	-0.081379	-0.075875	0.086631	0.993868	0.068713	0.069818	-0.074859	0.994747
0.993791	-0.081379	-0.075875	0.086631	0.993868	0.068713	0.069818	-0.074859	0.994747
0.993767	-0.082191	-0.075317	0.087412	0.993789	0.068864	0.069189	-0.075018	0.994779
