0.902526	-0.422347	-0.084079	0.429586	0.896621	0.107363	0.030042	-0.133017	0.990658
0.902768	-0.421731	-0.084573	0.429037	0.896893	0.107283	0.030609	-0.133137	0.990625
0.902768	-0.421731	-0.084573	0.429037	0.896893	0.107283	0.030609	-0.133137	0.990625
0.902246	-0.422930	-0.084154	0.430159	0.896409	0.106836	0.030253	-0.132592	0.990709
0.901771	-0.424028	-0.083721	0.431188	0.895930	0.106707	0.029762	-0.132325	0.990759
0.901771	-0.424028	-0.083721	0.431188	0.895930	0.106707	0.029762	-0.132325	0.990759
0.901492	-0.424667	-0.083489	0.431789	0.895652	0.106606	0.029505	-0.132154	0.990790
0.901119	-0.425443	-0.083566	0.432558	0.895330	0.106196	0.029639	-0.131842	0.990828
0.900776	-0.426087	-0.083976	0.433238	0.895058	0.105719	0.030118	-0.131611	0.990844
0.900776	-0.426087	-0.083976	0.433238	0.895058	0.105719	0.030118	-0.131611	0.990844
0.900780	-0.425955	-0.084605	0.433180	0.895121	0.105418	0.030828	-0.131608	0.990822
0.901353	-0.424496	-0.085820	0.431895	0.895728	0.105535	0.032072	-0.132189	0.990706
0.901886	-0.423185	-0.086695	0.430728	0.896218	0.106140	0.032781	-0.133068	0.990565
0.902233	-0.422300	-0.087396	0.429959	0.896531	0.106615	0.033329	-0.133768	0.990452
0.902586	-0.421431	-0.087945	0.429169	0.896908	0.106630	0.033941	-0.133985	0.990402
0.902449	-0.421713	-0.088001	0.429438	0.896845	0.106070	0.034192	-0.133514	0.990457
0.900958	-0.425139	-0.086786	0.432631	0.895482	0.104605	0.033244	-0.131791	0.990720
0.899653	-0.428195	-0.085287	0.435461	0.894147	0.104282	0.031606	-0.130956	0.990884
0.899106	-0.429500	-0.084488	0.436652	0.893567	0.104276	0.030709	-0.130647	0.990953
0.899857	-0.428164	-0.083270	0.435193	0.894172	0.105188	0.029420	-0.130893	0.990960
0.900947	-0.426010	-0.082522	0.432992	0.895088	0.106469	0.028508	-0.131655	0.990886
0.901835	-0.424082	-0.082756	0.431129	0.895896	0.107234	0.028665	-0.132386	0.990784
0.902553	-0.422424	-0.083405	0.429609	0.896460	0.108606	0.028892	-0.133855	0.990580
0.902589	-0.422279	-0.083749	0.429532	0.896410	0.109323	0.028908	-0.134646	0.990472
