-0.000228	0.001378	0.001365
-0.000455	0.002756	0.002730
-0.002512	0.003524	0.004407
0.001711	-0.002348	0.005450
0.015117	-0.008059	-0.000520
0.010541	-0.015403	-0.005047
-0.007617	0.000380	-0.007243
0.002093	-0.003660	-0.007134
0.014441	0.003370	-0.006582
0.007852	0.005537	-0.004280
-0.000646	0.001242	-0.001362
-0.004113	0.001535	0.003353
-0.003320	-0.006936	0.003654
-0.007543	-0.001064	0.002610
-0.004422	-0.002938	0.005022
0.001748	-0.005240	-0.000007
0.002622	-0.007861	-0.000010
-0.007962	-0.001200	-0.000117
-0.012413	0.006050	0.000205
-0.014132	0.001102	0.004913
-0.005604	-0.004790	0.006695
0.003878	-0.007452	0.008170
0.006053	-0.005261	0.000732
-0.008109	0.006029	0.000944
-0.002901	-0.006800	0.006381
-0.006170	0.002303	0.005029
