-0.000228	0.001378	0.001365
-0.012582	-0.012947	0.010972
-0.009681	-0.006148	0.004591
-0.001410	-0.000474	0.003038
0.014470	-0.006817	-0.001881
-0.001146	-0.004745	-0.003784
0.000301	-0.007163	-0.012279
0.023541	-0.002320	-0.013291
0.035727	-0.006992	-0.012131
0.044527	-0.005519	-0.006561
0.034618	-0.010289	-0.000605
0.022124	-0.010090	-0.000095
0.009255	-0.001284	0.002840
-0.013045	-0.017486	0.023860
-0.056469	-0.011625	0.049820
-0.064204	-0.014204	0.048338
-0.027684	0.014043	0.011943
-0.008139	0.011876	-0.024524
0.036733	0.012278	-0.017444
-0.003342	0.010547	-0.011205
0.024819	0.024314	-0.014817
0.012501	0.007096	-0.010667
0.016460	0.005495	-0.002802
0.002365	0.003705	-0.003346
-0.010886	0.009483	-0.008595
