0.037916	0.005450	-0.060653
0.008462	0.002847	-0.018229
0.010203	-0.005348	0.012690
0.000110	0.000004	0.025164
-0.018554	0.006845	0.051470
-0.026590	0.007089	0.041500
-0.012612	0.001581	0.027039
-0.006522	-0.006573	0.022314
-0.009725	-0.010550	0.020206
-0.013456	-0.010327	0.010975
-0.001153	-0.012040	0.006374
-0.010702	0.003702	0.005655
-0.010783	-0.002149	0.005960
-0.010585	0.006660	-0.000106
-0.003577	0.004630	0.000318
-0.002821	-0.000949	0.006076
-0.009108	-0.001605	0.016867
-0.012009	-0.008405	0.023248
0.002740	-0.000562	0.014996
-0.011473	-0.009650	-0.000555
-0.007764	0.007609	-0.006182
-0.001829	-0.000611	0.000311
0.001035	0.009082	-0.000612
0.000720	-0.007027	-0.009553
0.011767	-0.004808	-0.001567
