0.100019	0.005989	-0.036703
0.049022	-0.004655	-0.039805
-0.018135	0.006040	0.008106
-0.027059	0.017766	-0.002243
0.011473	-0.013991	-0.021322
0.031431	0.030363	-0.063839
-0.015293	-0.034157	-0.038415
0.006171	0.054692	0.022000
-0.049241	0.039690	0.024034
-0.043630	0.018924	-0.000649
0.011650	0.007766	-0.004195
0.040009	-0.014811	0.005483
0.032994	-0.005206	0.016517
0.029035	-0.011147	0.003615
0.022858	-0.006155	-0.011572
0.018752	-0.019325	-0.025534
0.005611	-0.016426	-0.003914
-0.003460	-0.007588	0.005443
-0.020104	-0.012215	-0.003876
-0.030130	-0.000146	0.005174
-0.028720	-0.000621	0.008212
-0.029733	0.030284	0.013509
-0.071365	0.025260	0.003171
-0.043660	0.004396	-0.016715
