-0.017364	-0.007313	0.001896
-0.023806	-0.002250	0.000654
-0.007154	-0.009260	-0.000636
-0.000154	0.004407	0.009549
-0.036249	-0.014147	0.025917
-0.019898	0.019730	0.008551
-0.013251	-0.010118	-0.015519
0.045510	-0.044254	-0.035570
0.029726	-0.018648	-0.002899
0.026178	-0.004410	0.033617
-0.000168	0.023337	0.010001
-0.004098	0.027583	-0.007602
-0.018678	0.020770	0.015681
-0.012582	0.017288	0.009796
-0.017716	0.005903	0.005379
-0.013463	0.021963	-0.000365
0.010570	0.025591	0.000346
0.004789	0.017305	0.018058
-0.033170	0.044519	0.024861
-0.035815	0.006155	-0.022594
-0.030174	-0.000084	-0.031209
-0.000867	-0.018596	-0.031381
0.000939	-0.036690	-0.016211
-0.003533	-0.013373	-0.005471
0.008696	-0.017445	-0.011784
