19:57:12.430 -0.003497 0.010481 0.000014
19:57:12.459 0.004385 0.005830 0.000435
19:57:12.516 0.001183 0.001853 -0.001673
19:57:12.545 -0.005377 -0.006168 0.005330
19:57:12.601 -0.007794 0.017797 -0.010883
19:57:12.631 -0.003658 -0.001221 0.000623
19:57:12.660 -0.001829 -0.000611 0.000311
19:57:12.733 0.023997 -0.005076 -0.016022
19:57:12.764 0.018532 -0.028731 -0.020997
19:57:12.793 -0.002791 -0.015477 -0.009991
19:57:12.823 0.033678 0.001071 -0.020613
19:57:12.879 0.051879 -0.005969 -0.013263
19:57:12.908 0.054891 -0.003506 -0.015248
19:57:12.939 0.050975 0.006839 -0.017961
19:57:13.048 0.025870 0.004278 -0.011180
19:57:13.049 0.012223 -0.007564 -0.004297
19:57:13.080 0.002255 0.008042 -0.007742
19:57:13.110 -0.005928 0.015515 -0.016652
19:57:13.140 -0.023277 -0.001950 0.006469
19:57:13.185 -0.027816 -0.007847 0.017253
19:57:13.240 -0.032062 0.015508 0.001351
19:57:13.271 -0.024526 0.009277 0.008898
19:57:13.332 -0.029359 0.013498 0.001036
19:57:13.361 -0.038562 -0.017229 -0.003012
19:57:13.379 -0.046341 0.023839 0.007324
