0.091509	0.527244	-0.192849
0.042351	0.749627	-0.204793
0.053732	0.933988	-0.229731
0.031333	1.107208	-0.352448
0.024596	1.147292	-0.435953
0.037164	1.123947	-0.530447
0.011354	1.077593	-0.613703
0.011914	0.993454	-0.701921
0.063248	1.047151	-0.834192
0.112197	1.031549	-0.908078
0.125177	0.970357	-0.902820
0.139245	0.881896	-0.920151
0.095439	0.836679	-0.898578
0.055368	0.655772	-0.814848
0.037823	0.546419	-0.715765
0.046963	0.419731	-0.591935
0.081173	0.254787	-0.444864
0.081557	0.183418	-0.325248
0.076755	0.098715	-0.237746
0.079952	0.007979	-0.176351
0.023784	-0.010809	-0.138811
-0.017488	-0.024643	-0.089815
-0.033553	0.004842	-0.016074
-0.020295	0.019381	0.041319
-0.024724	0.013488	0.077267
