0.027728	-0.005299	-0.006791
0.021103	-0.000241	0.000969
0.031966	0.007760	-0.005295
0.032884	0.013883	-0.000146
0.051930	0.014410	0.002499
0.047237	0.004107	0.003734
0.001594	-0.009647	-0.009556
0.032561	-0.013861	-0.019696
0.025826	-0.008806	-0.037101
0.013559	-0.005645	-0.017189
0.015917	-0.009235	-0.010377
0.015704	0.011074	-0.008560
0.003775	0.004180	-0.006384
-0.014088	0.005505	-0.010702
-0.012846	-0.013017	-0.002974
-0.018385	0.017162	-0.000832
-0.024717	0.007763	0.004807
-0.047729	0.001542	0.004453
-0.034082	0.013383	-0.002430
-0.019377	0.016823	0.004933
-0.013097	0.010184	0.004300
-0.015961	0.000492	0.005224
-0.015351	0.002142	0.012043
-0.005641	-0.001898	0.012152
0.011261	-0.018090	0.006169
