0.032135	-0.012612	0.029270
0.021940	0.004372	0.027190
0.010327	0.009246	0.017538
0.005031	0.004588	0.001796
0.010136	0.003391	-0.007321
-0.009953	0.030196	-0.023761
-0.024592	0.013676	-0.031880
-0.023828	0.015393	-0.036280
-0.010989	0.021115	-0.023149
0.005663	0.028124	-0.021858
0.018789	0.007752	-0.021458
0.021154	0.011458	-0.024804
0.011664	0.006824	-0.016121
0.001447	-0.002418	-0.008495
0.007624	0.006915	-0.002915
0.021411	0.004232	-0.000701
0.033942	0.001141	-0.006667
0.030086	-0.008890	0.000021
0.030997	-0.010062	0.015328
0.013552	-0.008600	0.013737
0.013743	-0.007086	0.017829
0.020221	-0.004916	0.011130
0.013280	-0.015965	0.009949
-0.000096	0.023268	-0.003944
-0.018936	-0.004864	0.001751
