-0.018370	-0.011957	0.003417
-0.011473	-0.009650	-0.000555
0.001168	-0.012738	0.018643
0.005178	0.001699	0.021503
0.016644	-0.000286	0.011448
0.019568	-0.015309	-0.000841
0.024864	-0.014992	-0.005867
0.025018	-0.010585	0.003682
0.022968	0.001818	0.015968
0.006522	0.015254	0.019222
-0.003945	0.024873	0.013354
0.003495	0.041909	0.016957
0.009746	0.045457	0.011623
-0.000412	0.015840	0.028651
-0.000932	-0.016373	0.035934
-0.016255	0.019290	0.028113
-0.018892	0.003880	0.006904
-0.015704	-0.015414	-0.012208
-0.004054	-0.023180	-0.008013
0.014272	-0.015627	0.004184
0.007463	-0.004787	-0.002306
0.006692	-0.018139	-0.008516
0.000977	-0.018592	-0.006217
-0.006155	-0.026816	0.009278
-0.026971	-0.000279	0.012549
