0.060892	0.305508	0.123693
0.015499	0.316602	0.099332
-0.018354	0.280558	0.099334
0.076284	0.147645	0.076048
0.126417	0.050817	0.070385
0.122370	0.034932	0.052214
0.205963	0.156023	0.033336
0.204972	0.107635	0.042897
0.177399	0.073632	0.083802
0.151999	0.089869	0.113471
0.147255	0.050507	0.057408
0.130060	0.024427	0.027775
0.036109	0.004718	0.037588
0.002976	-0.034013	0.048805
-0.085825	-0.129254	0.124549
-0.087535	-0.214324	0.168228
-0.067525	-0.290689	0.209536
-0.127778	-0.265740	0.272102
-0.139628	-0.166344	0.287147
-0.120889	-0.213999	0.316026
-0.069304	-0.249219	0.329449
-0.051564	-0.273819	0.287383
-0.029256	-0.307051	0.218467
0.023575	-0.191684	0.068899
0.020473	-0.084847	-0.033883
