0.000000	0.000000	-0.000000
0.014617	-0.014046	-0.002942
0.013633	-0.007089	-0.007335
0.022770	-0.011332	0.001266
0.004334	-0.010208	0.005440
0.009365	-0.005621	0.007236
0.010166	-0.006796	-0.002621
0.017254	-0.002976	-0.002501
0.018973	0.001971	-0.007208
0.010056	-0.002460	-0.007017
0.001557	-0.006755	-0.004099
0.004113	-0.001535	-0.003353
0.004958	0.006032	-0.008057
0.003239	0.001085	-0.003349
-0.004348	-0.008722	-0.005892
-0.018576	0.015648	-0.004923
-0.029895	0.010404	0.004071
-0.023593	0.029990	-0.006268
-0.024415	0.004940	0.013295
-0.027104	0.025881	0.014062
-0.033898	0.007602	0.011820
-0.054237	0.009559	0.006451
-0.053620	0.018505	0.003112
-0.034390	0.008910	-0.000760
0.014999	-0.011018	0.005242
