-0.043961	-0.005914	-0.012540
-0.053091	0.009964	-0.010532
-0.046268	0.022395	0.017178
-0.040215	0.021474	0.038678
-0.029433	0.023623	0.032718
-0.039576	0.008597	0.029430
-0.036799	0.005143	0.038968
-0.036381	0.000938	0.020927
-0.017915	-0.010373	0.021455
0.048002	-0.037886	0.023899
0.019356	-0.047390	-0.015995
-0.000785	-0.032283	-0.006662
0.044350	0.011897	-0.010201
0.059342	-0.010756	-0.015569
0.053260	0.004693	-0.021002
0.045194	0.015125	-0.035673
0.028271	0.005090	-0.019983
0.006368	0.006507	-0.011095
0.007440	0.012696	-0.017164
0.002064	0.006528	-0.011834
-0.010371	-0.013649	-0.001923
-0.021632	0.004441	-0.008092
-0.021859	0.005819	-0.006727
-0.014595	-0.007777	-0.002967
