0.002145	0.012379	-0.012139
0.003768	-0.007456	-0.016994
0.011694	-0.003363	-0.011420
0.017224	0.007212	-0.007201
0.015741	0.008182	-0.014017
0.009336	0.000227	-0.018232
0.016813	0.014371	-0.020086
0.012002	0.001109	-0.013090
0.005296	0.000318	-0.005026
0.004084	0.008652	-0.008054
0.008549	0.020333	-0.007923
0.005883	0.019451	-0.013066
-0.000045	0.039306	-0.008949
0.005141	0.043960	-0.018372
-0.011599	0.023805	-0.009200
-0.018929	0.006772	0.012361
-0.030718	0.033403	0.019837
-0.020361	0.028121	0.021308
-0.019356	0.047390	0.015995
-0.006729	0.021031	0.013973
-0.012774	0.033588	0.003083
-0.032076	-0.003423	0.000899
-0.020875	-0.001138	-0.002334
0.004216	-0.017507	-0.009566
-0.017386	-0.023254	-0.012958
