0.013523	-0.002753	-0.011732
0.008829	-0.013056	-0.010497
0.006596	0.005129	-0.012460
0.002204	-0.007997	-0.002737
0.000265	-0.004270	-0.006822
-0.010430	0.006726	-0.011325
-0.004415	0.004358	-0.005135
0.006890	-0.004989	0.006186
0.012105	-0.010522	0.001464
0.011767	-0.004808	-0.001567
0.005487	0.001832	-0.000934
-0.009255	0.001284	-0.002840
-0.013023	0.004399	-0.006614
-0.019692	0.000715	-0.004007
-0.027390	-0.000415	0.009822
-0.033230	0.032586	0.003476
-0.038746	-0.002767	0.024273
-0.048111	0.002854	0.017037
-0.040413	0.003984	0.003208
-0.015013	-0.003573	0.015074
-0.023424	0.005279	0.007530
-0.010974	-0.003663	0.001868
-0.020111	0.000579	-0.006734
0.000213	-0.020309	-0.001817
-0.004304	0.000021	-0.000739
