-0.088899	0.011105	0.001904
-0.098962	0.001929	-0.001689
-0.087723	0.005662	0.010388
-0.077521	0.000314	0.023078
-0.060495	-0.001284	0.021943
-0.046054	0.002086	0.015361
-0.049360	0.009741	-0.001301
-0.035161	-0.004442	-0.006970
-0.004069	0.005938	-0.012262
0.020162	0.011119	-0.019039
0.133073	-0.029840	-0.011948
0.046467	-0.065975	-0.040215
0.035992	-0.015602	-0.039721
0.039693	-0.005638	-0.035191
0.042242	-0.007714	-0.024287
0.041111	0.010812	-0.006852
0.030181	0.015892	0.000169
0.022028	0.013178	-0.004040
0.015931	0.009696	-0.009925
0.010746	0.005042	-0.000503
0.006823	0.008091	0.006942
0.003437	0.014235	0.011352
-0.008183	0.011813	0.011858
-0.018583	0.008352	0.005234
-0.017019	0.008893	-0.009022
