0.061960	0.534888	-0.216672
-0.004799	0.463075	-0.186051
0.015159	0.410041	-0.185069
0.087637	0.255081	-0.136703
0.143667	0.209656	-0.092677
0.141466	0.082186	-0.037014
0.135034	0.001341	0.023967
0.084242	-0.015619	0.035409
0.084861	-0.102772	0.039664
0.091627	-0.166064	0.065566
0.030382	-0.106425	0.067796
0.003338	-0.157650	0.053521
-0.000260	-0.187927	0.022009
-0.058568	-0.120040	0.033170
-0.107273	-0.147955	0.047637
-0.057877	-0.156248	0.064248
0.024183	-0.141984	0.071921
0.069863	-0.131123	0.079754
0.047790	-0.104995	0.074845
-0.001014	0.030165	0.053209
-0.030447	0.040768	0.023624
-0.010262	0.030064	-0.001324
0.041846	-0.025333	-0.012155
0.072137	-0.013777	-0.007590
0.048531	-0.050767	-0.010514
