-0.005325	0.005530	-0.020443
-0.017298	-0.010108	-0.023420
-0.028271	-0.013771	-0.021552
-0.023064	0.017109	-0.040680
-0.011378	0.006451	-0.041942
-0.012531	-0.005590	-0.035569
-0.004642	0.001395	-0.024538
0.002218	0.006594	-0.023053
0.010422	0.025347	-0.023849
0.020185	-0.010704	-0.024948
0.017709	-0.010072	-0.025999
0.017820	-0.014409	-0.021602
0.011261	-0.022430	-0.014599
0.000154	0.000066	-0.011219
-0.000757	0.005579	-0.005758
0.013265	0.013153	0.005701
0.007095	0.011116	-0.010038
-0.005171	0.009936	-0.010894
-0.026876	0.020162	-0.008071
-0.024137	0.015260	-0.013843
-0.007646	0.006227	-0.032712
0.028455	-0.005031	-0.026501
0.032143	-0.013997	-0.022423
0.004672	-0.020264	-0.012297
0.024622	-0.032544	-0.004954
