0.990293	0.130802	-0.047021	-0.128053	0.990107	0.057360	0.054059	-0.050782	0.997246
0.990403	0.130074	-0.046714	-0.127347	0.990204	0.057255	0.053704	-0.050757	0.997266
0.990458	0.130384	-0.044647	-0.127748	0.990137	0.057531	0.051708	-0.051278	0.997345
0.990402	0.131504	-0.042545	-0.128926	0.989925	0.058537	0.049814	-0.052490	0.997378
0.990378	0.132151	-0.041080	-0.129624	0.989801	0.059087	0.048469	-0.053193	0.997407
0.990321	0.132537	-0.041212	-0.130021	0.989772	0.058696	0.048570	-0.052769	0.997425
0.990295	0.132593	-0.041653	-0.130071	0.989787	0.058339	0.048963	-0.052355	0.997427
0.990305	0.132378	-0.042095	-0.129813	0.989797	0.058741	0.049441	-0.052707	0.997385
0.990278	0.132361	-0.042780	-0.129735	0.989778	0.059231	0.050182	-0.053106	0.997327
0.990227	0.132411	-0.043781	-0.129733	0.989779	0.059220	0.051175	-0.052962	0.997284
0.990183	0.132429	-0.044728	-0.129699	0.989781	0.059255	0.052118	-0.052872	0.997240
0.990204	0.132065	-0.045328	-0.129291	0.989821	0.059487	0.052722	-0.053043	0.997199
0.990210	0.131713	-0.046225	-0.128898	0.989880	0.059357	0.053576	-0.052818	0.997166
0.990294	0.130935	-0.046631	-0.128095	0.989980	0.059422	0.053945	-0.052872	0.997143
0.990318	0.130407	-0.047595	-0.127525	0.990063	0.059258	0.054849	-0.052615	0.997107
0.990497	0.128944	-0.047839	-0.126052	0.990255	0.059219	0.055009	-0.052626	0.997098
0.990776	0.126812	-0.047768	-0.123902	0.990501	0.059626	0.054876	-0.053157	0.997077
0.990991	0.125464	-0.046858	-0.122605	0.990665	0.059585	0.053896	-0.053303	0.997123
0.991102	0.124817	-0.046239	-0.122001	0.990750	0.059419	0.053228	-0.053249	0.997162
0.991162	0.124572	-0.045596	-0.121791	0.990776	0.059412	0.052576	-0.053334	0.997192
0.991138	0.124870	-0.045309	-0.122122	0.990756	0.059060	0.052265	-0.053003	0.997226
0.991017	0.125510	-0.046173	-0.122734	0.990701	0.058725	0.053114	-0.052531	0.997206
0.991070	0.125114	-0.046109	-0.122362	0.990770	0.058331	0.052982	-0.052168	0.997232
0.991244	0.124116	-0.045070	-0.121418	0.990885	0.058358	0.051902	-0.052374	0.997278
