0.996454	0.070007	-0.046668	-0.062981	0.988432	0.137970	0.055787	-0.134542	0.989336
0.996452	0.070270	-0.046330	-0.063281	0.988396	0.138091	0.055496	-0.134669	0.989335
0.996435	0.070602	-0.046192	-0.063615	0.988339	0.138345	0.055421	-0.134913	0.989306
0.996428	0.070906	-0.045868	-0.063952	0.988294	0.138509	0.055153	-0.135081	0.989298
0.996423	0.070920	-0.045961	-0.063950	0.988288	0.138554	0.055249	-0.135119	0.989288
0.996437	0.070769	-0.045886	-0.063830	0.988345	0.138199	0.055131	-0.134778	0.989341
0.996463	0.070464	-0.045790	-0.063547	0.988381	0.138078	0.054987	-0.134680	0.989362
0.996451	0.070084	-0.046626	-0.063077	0.988458	0.137740	0.055741	-0.134310	0.989370
0.996464	0.069696	-0.046918	-0.062667	0.988519	0.137489	0.055962	-0.134063	0.989391
0.996409	0.070122	-0.047457	-0.063044	0.988560	0.137019	0.056523	-0.133535	0.989431
0.996323	0.071124	-0.047774	-0.064024	0.988566	0.136520	0.056938	-0.132960	0.989485
0.996247	0.072131	-0.047851	-0.065008	0.988490	0.136608	0.057154	-0.132985	0.989469
0.996183	0.072959	-0.047931	-0.065834	0.988472	0.136342	0.057325	-0.132666	0.989502
0.996130	0.073704	-0.047874	-0.066614	0.988499	0.135762	0.057330	-0.132048	0.989584
0.996114	0.074100	-0.047602	-0.067044	0.988473	0.135741	0.057112	-0.132022	0.989600
0.996145	0.073954	-0.047180	-0.066955	0.988479	0.135745	0.056676	-0.132063	0.989620
0.996187	0.073447	-0.047079	-0.066467	0.988515	0.135724	0.056506	-0.132077	0.989628
0.996207	0.073071	-0.047254	-0.066054	0.988502	0.136015	0.056650	-0.132378	0.989579
0.996244	0.072451	-0.047410	-0.065399	0.988498	0.136363	0.056744	-0.132750	0.989524
0.996274	0.072109	-0.047319	-0.065042	0.988450	0.136877	0.056643	-0.133289	0.989457
0.996269	0.072212	-0.047254	-0.065132	0.988395	0.137233	0.056616	-0.133644	0.989411
0.996257	0.072262	-0.047446	-0.065177	0.988442	0.136870	0.056788	-0.133266	0.989452
0.996285	0.072221	-0.046905	-0.065221	0.988471	0.136642	0.056233	-0.133075	0.989509
0.996302	0.072283	-0.046456	-0.065343	0.988464	0.136636	0.055797	-0.133095	0.989531
0.996302	0.072490	-0.046115	-0.065580	0.988412	0.136895	0.055504	-0.133364	0.989512
