0.997580	-0.001604	-0.069505	0.009375	0.993705	0.111631	0.068888	-0.112013	0.991316
0.997571	-0.001117	-0.069641	0.008915	0.993696	0.111751	0.069078	-0.112100	0.991293
0.997570	-0.000394	-0.069665	0.008205	0.993689	0.111868	0.069182	-0.112168	0.991278
0.997530	0.000038	-0.070241	0.007834	0.993701	0.111791	0.069802	-0.112066	0.991246
0.997529	-0.000104	-0.070255	0.007955	0.993735	0.111476	0.069803	-0.111759	0.991281
0.997504	-0.000021	-0.070610	0.007878	0.993789	0.111005	0.070169	-0.111285	0.991308
0.997454	0.000470	-0.071309	0.007449	0.993821	0.110740	0.070920	-0.110990	0.991288
0.997435	0.000669	-0.071574	0.007279	0.993824	0.110726	0.071206	-0.110963	0.991270
0.997434	0.000912	-0.071586	0.007035	0.993832	0.110674	0.071246	-0.110894	0.991275
0.997437	0.001426	-0.071533	0.006509	0.993847	0.110572	0.071250	-0.110755	0.991291
0.997450	0.001947	-0.071337	0.005951	0.993876	0.110338	0.071115	-0.110481	0.991331
0.997446	0.002023	-0.071399	0.005882	0.993877	0.110334	0.071185	-0.110472	0.991327
0.997448	0.001939	-0.071368	0.005956	0.993886	0.110246	0.071145	-0.110390	0.991339
0.997439	0.001907	-0.071490	0.005975	0.993927	0.109878	0.071266	-0.110024	0.991371
0.997435	0.001874	-0.071556	0.006035	0.993897	0.110150	0.071326	-0.110299	0.991336
0.997464	0.001775	-0.071149	0.006093	0.993889	0.110212	0.070910	-0.110366	0.991358
0.997489	0.001714	-0.070801	0.006097	0.993918	0.109952	0.070559	-0.110108	0.991412
0.997475	0.001489	-0.071008	0.006346	0.993912	0.109996	0.070740	-0.110169	0.991392
0.997523	0.001279	-0.070324	0.006518	0.993852	0.110527	0.070033	-0.110712	0.991382
0.997536	0.001202	-0.070150	0.006559	0.993876	0.110307	0.069853	-0.110495	0.991419
0.997570	0.000856	-0.069662	0.006816	0.993927	0.109831	0.069333	-0.110039	0.991506
0.997597	0.001060	-0.069279	0.006544	0.993973	0.109429	0.068978	-0.109619	0.991577
0.997626	0.001938	-0.068837	0.005660	0.993914	0.110014	0.068631	-0.110142	0.991543
0.997645	0.002625	-0.068535	0.004967	0.993878	0.110371	0.068405	-0.110451	0.991525
0.997668	0.002716	-0.068201	0.004806	0.993933	0.109878	0.068085	-0.109950	0.991602
