0.000859	0.001130	0.002894
0.001548	-0.001309	0.001822
0.000312	-0.003065	0.000798
0.002114	-0.002296	-0.002325
-0.000122	0.000823	0.003592
-0.000748	0.001067	0.004284
-0.000919	0.000182	0.001160
-0.001309	-0.000404	-0.000482
-0.000986	-0.002213	-0.001436
0.000093	-0.005046	0.000131
0.000754	-0.003107	0.001067
0.000780	0.001702	0.003318
0.000710	0.002299	0.002136
-0.000169	0.000614	0.002906
-0.000262	-0.000132	0.001561
-0.000501	-0.007391	-0.000343
-0.001302	-0.002565	-0.000324
-0.002398	-0.002149	0.001324
-0.002195	0.002183	0.002711
-0.000739	0.001699	0.001902
0.001066	0.001099	0.000948
0.001570	0.000054	0.003931
0.000178	-0.000803	0.002361
0.000690	-0.002075	0.000653
0.000385	0.000186	0.001419
