-0.000521	-0.007495	-0.001586
-0.000085	-0.003523	-0.001888
-0.000008	0.000175	0.001547
0.000492	0.002043	0.001413
0.000373	0.000031	0.000956
0.000491	0.000418	-0.001268
0.000455	-0.002133	0.001224
-0.000835	-0.002392	0.002331
-0.001062	-0.003344	0.000673
-0.000109	-0.002616	-0.000612
-0.000113	-0.001199	-0.000664
0.000307	-0.000685	0.001508
-0.000212	0.000977	0.004402
-0.000014	0.001459	0.002196
0.000744	-0.000761	-0.000195
-0.000800	-0.001995	-0.002160
-0.000668	-0.001315	0.000441
0.000905	-0.001353	0.001461
0.000413	0.000634	0.001391
-0.001918	-0.001053	0.001200
-0.001161	-0.002190	0.000327
-0.000402	-0.001103	-0.000404
0.001926	0.001440	-0.002851
0.000474	0.001993	0.002676
0.000005	-0.001110	0.002293
