-0.000423	-0.000531	0.002740
0.001675	-0.001269	0.000709
-0.000131	-0.002401	-0.000788
0.000037	-0.000282	0.000220
-0.000798	0.001180	-0.001076
0.000103	-0.001110	0.001236
0.000606	0.000307	0.000990
-0.000432	0.000306	0.000208
-0.001174	-0.002536	0.000993
-0.000297	-0.000340	0.000782
-0.000535	-0.000954	0.001176
-0.000625	0.000096	0.001633
0.000188	-0.001724	0.002032
0.000462	-0.001183	0.001222
0.002901	-0.000244	-0.001085
0.002401	0.000595	0.002709
0.000877	0.003980	0.004450
-0.000831	-0.002083	-0.000041
-0.002074	-0.004198	-0.002974
-0.001422	-0.002981	-0.001902
-0.000941	-0.001913	-0.001011
-0.000232	-0.000164	0.000127
0.001534	0.001849	0.002542
0.001744	0.001169	0.002876
0.001033	0.000362	0.001995
