-0.000771	-0.002266	0.001323
-0.001433	0.001299	0.001966
-0.001205	-0.001213	0.001571
-0.001229	0.001748	-0.002420
-0.001046	-0.003447	-0.001192
-0.000257	-0.004086	-0.000615
0.000056	0.003243	0.004118
-0.000360	-0.004402	0.000756
-0.000446	-0.003804	0.001690
-0.000231	-0.001787	0.000154
-0.001340	0.003080	0.002843
0.000821	0.000629	0.001215
0.000590	-0.004105	0.002047
0.001286	0.000173	0.001740
0.001094	0.002192	0.001061
-0.000306	-0.000859	0.001253
-0.000557	0.001862	0.000334
0.000008	0.001066	-0.000317
-0.000070	-0.000059	-0.000551
-0.001755	-0.001307	-0.000400
-0.000572	-0.000956	-0.001452
-0.002845	-0.000863	0.002223
-0.000688	-0.003671	-0.003883
0.000052	0.001346	0.002070
0.000261	0.002615	0.004326
