0.941970	-0.335640	0.006097	0.331800	0.933644	0.134974	-0.050995	-0.125118	0.990830
0.942290	-0.334754	0.005382	0.330965	0.933808	0.135882	-0.050513	-0.126259	0.990710
0.944335	-0.328977	0.002279	0.325813	0.936169	0.132033	-0.045570	-0.123941	0.991243
0.945444	-0.325782	0.000995	0.322947	0.937611	0.128805	-0.042895	-0.121457	0.991669
0.945144	-0.326654	0.000145	0.323898	0.937228	0.129207	-0.042342	-0.122072	0.991618
0.944485	-0.328551	0.001088	0.325581	0.936381	0.131102	-0.044093	-0.123469	0.991368
0.944591	-0.328238	0.002848	0.324999	0.936416	0.132292	-0.046090	-0.124036	0.991207
0.945009	-0.327017	0.004374	0.323563	0.936808	0.133030	-0.047600	-0.124300	0.991102
0.944962	-0.327129	0.005805	0.323448	0.936705	0.134032	-0.049283	-0.124778	0.990960
0.944519	-0.328405	0.005764	0.324710	0.936246	0.134188	-0.049464	-0.124871	0.990939
0.944018	-0.329857	0.004989	0.326241	0.935702	0.134270	-0.048958	-0.125125	0.990932
0.943744	-0.330649	0.004219	0.327116	0.935376	0.134414	-0.048390	-0.125473	0.990916
0.943614	-0.331025	0.003787	0.327552	0.935251	0.134222	-0.047973	-0.125413	0.990944
0.943247	-0.332074	0.003491	0.328665	0.934966	0.133485	-0.047591	-0.124762	0.991045
0.942837	-0.333243	0.002805	0.329956	0.934651	0.132504	-0.046777	-0.124004	0.991179
0.942586	-0.333955	0.002541	0.330691	0.934383	0.132560	-0.046643	-0.124109	0.991172
0.942484	-0.334239	0.002888	0.330896	0.934209	0.133268	-0.047241	-0.124648	0.991076
0.942507	-0.334172	0.003015	0.330797	0.934193	0.133631	-0.047473	-0.124951	0.991027
0.942348	-0.334618	0.003234	0.331244	0.934132	0.132944	-0.047507	-0.124209	0.991118
0.942177	-0.335102	0.003082	0.331813	0.934139	0.131470	-0.046934	-0.122845	0.991315
0.942066	-0.335406	0.003887	0.332099	0.934281	0.129726	-0.047142	-0.120920	0.991542
0.942024	-0.335501	0.005437	0.332043	0.934407	0.128959	-0.048346	-0.119677	0.991635
0.941992	-0.335578	0.006271	0.332003	0.934372	0.129319	-0.049256	-0.119735	0.991583
0.941766	-0.336206	0.006568	0.332551	0.934069	0.130099	-0.049875	-0.120338	0.991479
0.941476	-0.337029	0.005846	0.333452	0.933740	0.130151	-0.049323	-0.120584	0.991477
