0.913998	-0.405716	0.001407	0.397060	0.895198	0.202396	-0.083375	-0.184431	0.979303
0.914020	-0.405664	0.002126	0.396821	0.895157	0.203044	-0.084271	-0.184743	0.979167
0.914139	-0.405396	0.002103	0.396529	0.895202	0.203417	-0.084347	-0.185117	0.979090
0.914236	-0.405173	0.002615	0.396197	0.895296	0.203647	-0.084854	-0.185146	0.979041
0.914442	-0.404701	0.003596	0.395505	0.895477	0.204199	-0.085860	-0.185306	0.978923
0.914656	-0.404212	0.004088	0.394881	0.895614	0.204802	-0.086444	-0.185709	0.978795
0.914651	-0.404225	0.004089	0.394847	0.895508	0.205332	-0.086662	-0.186192	0.978684
0.914393	-0.404813	0.003316	0.395504	0.895053	0.206050	-0.086380	-0.187099	0.978536
0.914271	-0.405089	0.003415	0.395746	0.894921	0.206157	-0.086569	-0.187132	0.978513
0.914327	-0.404962	0.003358	0.395753	0.895233	0.204788	-0.085937	-0.185914	0.978801
0.914329	-0.404960	0.003182	0.395901	0.895473	0.203448	-0.085237	-0.184758	0.979081
0.914239	-0.405163	0.002975	0.396175	0.895449	0.203016	-0.084919	-0.184427	0.979171
0.914146	-0.405379	0.002474	0.396482	0.895323	0.202976	-0.084497	-0.184569	0.979181
0.914026	-0.405650	0.002060	0.396844	0.895213	0.202755	-0.084092	-0.184505	0.979227
0.913934	-0.405856	0.002214	0.397062	0.895236	0.202222	-0.084055	-0.183939	0.979337
0.913985	-0.405738	0.002825	0.396887	0.895451	0.201612	-0.084331	-0.183149	0.979461
0.914157	-0.405344	0.003631	0.396403	0.895796	0.201033	-0.084740	-0.182336	0.979578
0.914002	-0.405694	0.003635	0.396839	0.895843	0.199960	-0.084379	-0.181321	0.979797
0.913369	-0.407111	0.004147	0.398191	0.895388	0.199309	-0.084854	-0.180391	0.979928
0.912834	-0.408299	0.005040	0.399190	0.894930	0.199370	-0.085913	-0.179979	0.979911
0.912769	-0.408436	0.005784	0.399184	0.894917	0.199438	-0.086634	-0.179732	0.979893
0.912509	-0.409005	0.006476	0.399603	0.894693	0.199605	-0.087434	-0.179553	0.979855
0.912020	-0.410099	0.006164	0.400658	0.894036	0.200429	-0.087707	-0.180326	0.979689
0.911806	-0.410587	0.005354	0.401165	0.893513	0.201747	-0.087618	-0.181806	0.979423
