0.814780	-0.578627	-0.036397	0.574536	0.797412	0.184505	-0.077737	-0.171242	0.982157
0.814624	-0.578843	-0.036459	0.574730	0.797192	0.184852	-0.077935	-0.171539	0.982090
0.814363	-0.579130	-0.037687	0.575158	0.796696	0.185659	-0.077495	-0.172870	0.981891
0.814724	-0.578570	-0.038486	0.574727	0.796946	0.185922	-0.076897	-0.173594	0.981811
0.816981	-0.575340	-0.039055	0.571754	0.799347	0.184776	-0.075091	-0.173289	0.982004
0.818257	-0.573507	-0.039317	0.570115	0.800849	0.183327	-0.073652	-0.172424	0.982265
0.818585	-0.573083	-0.038665	0.569666	0.801406	0.182291	-0.073482	-0.171247	0.982484
0.818890	-0.572647	-0.038652	0.569210	0.801647	0.182654	-0.073611	-0.171575	0.982417
0.819581	-0.571695	-0.038102	0.568059	0.802084	0.184311	-0.074809	-0.172702	0.982129
0.820096	-0.570999	-0.037463	0.567137	0.802347	0.185998	-0.076147	-0.173783	0.981836
0.820085	-0.571008	-0.037561	0.567096	0.802175	0.186863	-0.076569	-0.174544	0.981668
0.819831	-0.571375	-0.037533	0.567472	0.801974	0.186581	-0.076507	-0.174264	0.981722
0.819672	-0.571587	-0.037766	0.567773	0.801920	0.185899	-0.075972	-0.173819	0.981843
0.819690	-0.571583	-0.037442	0.567741	0.802027	0.185535	-0.076019	-0.173338	0.981924
0.819904	-0.571307	-0.036943	0.567389	0.802285	0.185495	-0.076336	-0.173049	0.981951
0.820008	-0.571176	-0.036687	0.567225	0.802428	0.185380	-0.076446	-0.172823	0.981982
0.819655	-0.571730	-0.035926	0.567680	0.802235	0.184818	-0.076845	-0.171882	0.982116
0.818930	-0.572696	-0.037040	0.568907	0.801633	0.183655	-0.075486	-0.171473	0.982293
0.817895	-0.574097	-0.038217	0.570555	0.800689	0.182656	-0.074262	-0.171199	0.982434
0.817162	-0.575129	-0.038384	0.571587	0.799934	0.182740	-0.074394	-0.171268	0.982412
0.816512	-0.576038	-0.038588	0.572465	0.799163	0.183366	-0.074788	-0.171810	0.982287
0.816296	-0.576308	-0.039117	0.572838	0.798953	0.183112	-0.074276	-0.171881	0.982314
0.815916	-0.576812	-0.039607	0.573441	0.798596	0.182782	-0.073801	-0.171847	0.982355
0.815601	-0.577225	-0.040077	0.573916	0.798226	0.182910	-0.073589	-0.172183	0.982312
0.814949	-0.578112	-0.040546	0.574863	0.797539	0.182930	-0.073417	-0.172387	0.982289
