0.815121	-0.577342	-0.047474	0.575511	0.797735	0.180016	-0.066059	-0.174057	0.982517
0.814690	-0.577954	-0.047417	0.576158	0.797458	0.179175	-0.065742	-0.173292	0.982674
0.814350	-0.578416	-0.047645	0.576677	0.797177	0.178754	-0.065412	-0.173044	0.982740
0.814341	-0.578392	-0.048077	0.576750	0.797197	0.178425	-0.064873	-0.173027	0.982778
0.813902	-0.579000	-0.048187	0.577401	0.796852	0.177860	-0.064583	-0.172584	0.982875
0.813510	-0.579523	-0.048516	0.578041	0.796631	0.176771	-0.063793	-0.171850	0.983055
0.813212	-0.579917	-0.048809	0.578514	0.796418	0.176181	-0.063298	-0.171509	0.983147
0.812968	-0.580262	-0.048768	0.578821	0.796109	0.176570	-0.063632	-0.171774	0.983079
0.812993	-0.580272	-0.048242	0.578690	0.796034	0.177338	-0.064502	-0.172092	0.982967
0.813313	-0.579867	-0.047715	0.578173	0.796306	0.177798	-0.065103	-0.172193	0.982910
0.813067	-0.580217	-0.047643	0.578458	0.795947	0.178481	-0.065636	-0.172676	0.982789
0.812887	-0.580528	-0.046929	0.578584	0.795671	0.179299	-0.066748	-0.172902	0.982675
0.812846	-0.580501	-0.047964	0.578732	0.795550	0.179356	-0.065959	-0.173547	0.982614
0.812777	-0.580553	-0.048484	0.578879	0.795460	0.179283	-0.065516	-0.173783	0.982602
0.813304	-0.579863	-0.047911	0.578056	0.795896	0.180005	-0.066246	-0.174094	0.982498
0.813644	-0.579407	-0.047652	0.577516	0.796126	0.180720	-0.066773	-0.174561	0.982380
0.813217	-0.579978	-0.047989	0.578147	0.795714	0.180514	-0.066509	-0.174542	0.982401
0.812857	-0.580427	-0.048663	0.578712	0.795330	0.180394	-0.066002	-0.174797	0.982390
0.813207	-0.579922	-0.048834	0.578251	0.795679	0.180337	-0.065725	-0.174890	0.982392
0.813704	-0.579257	-0.048453	0.577544	0.796227	0.180182	-0.065792	-0.174599	0.982439
0.813896	-0.579019	-0.048060	0.577246	0.796451	0.180146	-0.066031	-0.174363	0.982465
0.813670	-0.579341	-0.048017	0.577557	0.796238	0.180094	-0.066103	-0.174269	0.982477
0.813577	-0.579418	-0.048648	0.577734	0.796082	0.180212	-0.065690	-0.174722	0.982424
0.813269	-0.579785	-0.049431	0.578181	0.795594	0.180931	-0.065574	-0.175725	0.982253
0.813140	-0.579954	-0.049563	0.578329	0.795346	0.181548	-0.065870	-0.176287	0.982132
0.813176	-0.579894	-0.049677	0.578279	0.795345	0.181715	-0.065866	-0.176494	0.982096
