0.970210	-0.240861	0.026026	0.236860	0.965645	0.106899	-0.050879	-0.097550	0.993929
0.970427	-0.240031	0.025608	0.236085	0.965858	0.106691	-0.050343	-0.097490	0.993962
0.970768	-0.238722	0.024910	0.234852	0.966161	0.106662	-0.049530	-0.097694	0.993983
0.971150	-0.237214	0.024429	0.233372	0.966461	0.107200	-0.049039	-0.098406	0.993937
0.971507	-0.235793	0.024007	0.231959	0.966708	0.108035	-0.048682	-0.099388	0.993857
0.971764	-0.234797	0.023364	0.230972	0.966807	0.109254	-0.048241	-0.100773	0.993739
0.971853	-0.234443	0.023179	0.230605	0.966813	0.109973	-0.048192	-0.101532	0.993664
0.971907	-0.234346	0.021865	0.230635	0.966789	0.110125	-0.046946	-0.101989	0.993677
0.971919	-0.234313	0.021679	0.230642	0.966840	0.109659	-0.046655	-0.101580	0.993733
0.971990	-0.233975	0.022181	0.230235	0.966889	0.110078	-0.047202	-0.101888	0.993675
0.972081	-0.233583	0.022319	0.229799	0.966915	0.110761	-0.047453	-0.102539	0.993596
0.971930	-0.234174	0.022705	0.230321	0.966728	0.111306	-0.048015	-0.102952	0.993527
0.971736	-0.235011	0.022323	0.231200	0.966536	0.111155	-0.047699	-0.102852	0.993552
0.971678	-0.235235	0.022517	0.231399	0.966480	0.111224	-0.047926	-0.102864	0.993540
0.971735	-0.234993	0.022552	0.231166	0.966563	0.110987	-0.047879	-0.102637	0.993566
0.971644	-0.235374	0.022505	0.231561	0.966493	0.110773	-0.047824	-0.102420	0.993591
0.971476	-0.236042	0.022790	0.232224	0.966400	0.110196	-0.048035	-0.101760	0.993649
0.971311	-0.236688	0.023097	0.232871	0.966327	0.109471	-0.048229	-0.100952	0.993722
0.971147	-0.237331	0.023417	0.233487	0.966201	0.109269	-0.048558	-0.100649	0.993736
0.971059	-0.237674	0.023557	0.233812	0.966117	0.109317	-0.048741	-0.100646	0.993728
0.970944	-0.238137	0.023643	0.234263	0.966005	0.109344	-0.048878	-0.100628	0.993723
0.970781	-0.238742	0.024202	0.234861	0.965977	0.108304	-0.049236	-0.099455	0.993823
0.970406	-0.240328	0.023543	0.236523	0.965613	0.107930	-0.048672	-0.099168	0.993880
0.970055	-0.241741	0.023548	0.238009	0.965431	0.106274	-0.048424	-0.097487	0.994058
0.969845	-0.242477	0.024622	0.238663	0.965329	0.105739	-0.049408	-0.096674	0.994089
