0.009024	-0.003553	0.009284
0.005259	0.003210	0.000431
0.006893	-0.001341	0.001107
0.009935	-0.009066	0.003823
0.009732	0.000332	0.002686
0.007962	0.001200	0.000117
0.008230	0.002748	-0.001401
0.005031	0.004588	0.001796
0.005031	0.004588	0.001796
0.001528	0.005603	0.001584
0.001682	0.007840	0.000749
-0.000114	0.000689	0.000683
0.004591	0.002250	0.006877
0.004345	0.002905	0.000587
0.005696	0.001900	0.000430
0.005751	-0.000269	0.002628
0.005333	-0.000405	-0.000099
0.005979	-0.001647	0.001263
0.007103	-0.001273	0.002470
0.005792	0.002657	0.002476
0.006174	0.003515	0.000276
0.005413	0.005446	-0.000403
0.007257	0.000963	0.001636
0.006669	0.003684	-0.002607
0.003889	0.005661	0.003317
