0.004627	-0.000642	0.001420
0.005597	-0.002505	0.003462
0.007048	0.000895	0.000272
0.004473	-0.002878	0.002255
0.007158	-0.003442	0.004669
0.006174	0.003515	0.000276
0.006765	0.004441	-0.000561
0.004572	0.001526	-0.000778
0.007202	0.003131	-0.000563
0.006078	0.002758	-0.001770
0.005509	0.006203	0.001643
0.005905	0.001968	0.001793
0.005736	0.004825	0.000277
0.003926	0.002768	-0.002140
0.003963	0.002046	0.002787
0.003680	0.005593	0.001954
0.004613	0.004452	-0.000930
0.004991	0.001663	0.001949
0.004627	-0.000642	0.001420
0.007352	0.001720	0.003682
0.004458	0.002215	-0.000096
0.005964	0.003447	-0.001088
0.006820	0.002273	0.001637
0.004036	-0.001568	0.002256
0.006265	0.000625	0.007401
