0.008877	0.001506	-0.000039
0.010228	0.000501	-0.000196
0.008285	0.000579	0.000797
0.008836	-0.001420	0.000113
0.009523	0.000263	0.001323
0.010169	-0.000979	0.002684
0.007734	0.002578	0.001482
0.006423	0.006509	0.001487
0.005946	0.004893	0.001641
0.003886	-0.000157	-0.001988
0.012971	0.003587	0.009720
0.009549	0.008283	-0.001180
0.009468	0.002432	-0.000876
0.010228	0.000501	-0.000196
0.009145	0.003053	-0.001556
0.007962	0.001200	0.000117
0.009732	0.000332	0.002686
0.009982	0.003325	0.003897
0.007338	0.006814	0.001331
0.007242	0.006057	-0.000715
0.007411	0.003199	0.000801
0.009887	0.002568	0.001851
0.007639	0.001821	-0.000564
0.009831	0.004736	-0.000347
