-0.004896	0.020949	-0.012185
0.006420	-0.023334	-0.001920
-0.003078	0.010617	0.002741
0.002835	-0.001975	0.006658
-0.001822	0.008855	0.000537
-0.001087	-0.001096	0.003719
0.001006	-0.002585	0.006969
-0.002167	0.005104	-0.002720
-0.001293	0.002484	-0.002723
0.000323	-0.000621	0.000681
0.000646	-0.001242	0.001362
0.003081	-0.004799	0.002564
0.004165	-0.007351	0.003924
0.000948	-0.006235	-0.000534
-0.000819	0.000452	0.002202
-0.001521	0.003862	-0.001358
-0.002453	0.005003	0.001526
-0.000874	0.002620	0.000003
-0.002115	-0.000712	0.004557
0.001638	0.001267	0.005981
-0.000095	-0.000757	-0.002046
0.000705	0.000237	-0.001519
0.001164	0.003299	0.001056
0.000114	-0.000689	-0.000683
0.000323	-0.000621	0.000681
