0.008171	0.001268	0.001480
0.008744	0.003641	0.003372
0.007239	0.002409	0.004364
0.006519	-0.016759	0.005431
0.006890	-0.004989	0.006186
0.009747	-0.004762	0.005036
0.009604	0.006114	0.001018
0.006959	0.009603	-0.001548
0.006045	0.009298	-0.001392
0.002997	0.007557	-0.004335
0.001333	0.000441	0.002571
0.005490	0.007650	0.004371
0.006860	0.005199	0.001485
0.004991	0.001663	0.001949
0.006526	-0.007293	0.005657
0.006148	-0.004504	0.002778
0.006243	-0.003747	0.004824
0.005806	-0.002437	0.004826
0.003371	0.001120	0.003623
0.004896	0.000905	-0.000097
0.002248	0.000747	0.002416
0.001598	-0.001659	0.006133
0.000533	-0.000553	0.002044
0.000305	0.000825	0.003409
0.002571	0.000126	0.003096
