0.021584	0.005022	-0.004264
0.017603	0.004422	-0.004322
0.012421	0.003416	0.000021
0.006497	0.002894	0.000956
0.003371	0.001120	0.003623
0.002075	-0.000044	0.005979
0.010309	0.008522	0.009883
0.012964	0.015976	-0.002788
0.009831	0.004736	-0.000347
0.013787	-0.002683	0.002214
0.016152	0.001022	-0.001132
0.009674	-0.003318	-0.004817
0.009637	-0.000426	0.000640
0.004668	0.002284	0.001268
0.003485	0.000431	0.002941
0.004554	0.002973	0.001950
0.002402	0.002983	0.001581
0.000554	0.003819	0.004621
0.000918	0.006123	0.005149
0.004462	0.008033	0.005209
0.006633	0.006577	0.002850
0.008649	0.002884	0.001326
0.010155	0.004115	0.000334
0.010342	-0.000188	-0.000879
0.013331	0.000073	0.004944
0.014881	0.007878	-0.001279
