0.003390	-0.000326	0.000895
0.006761	0.000794	0.004518
0.003202	0.003977	0.002108
0.005355	0.003967	0.002477
0.004385	0.005830	0.000435
0.004077	0.001357	0.002104
0.007408	-0.000448	0.005880
0.006482	0.007988	-0.001394
0.005810	0.001211	-0.000253
0.007466	0.001031	0.002999
0.003658	0.001221	-0.000623
0.006765	0.004441	-0.000561
0.003599	-0.000258	0.002258
0.003849	0.002735	0.003469
0.004917	0.005277	0.002479
0.005623	0.005514	0.000960
0.004304	-0.000021	0.000739
0.004991	0.001663	0.001949
0.004345	0.002905	0.000587
0.005373	0.002521	-0.000251
0.004514	0.000047	0.002103
0.003485	0.000431	0.002941
0.004627	-0.000642	0.001420
0.007393	0.004646	0.003529
0.007088	0.003820	0.000120
