0.009787	-0.001837	0.004884
0.007709	-0.005441	0.003984
0.006060	0.004204	0.000958
0.006710	0.006610	-0.002759
0.005946	0.004893	0.001641
0.005373	0.002521	-0.000251
0.006287	0.002826	-0.000407
0.004627	-0.000642	0.001420
0.004172	0.002114	0.004150
0.004231	0.003594	0.001269
0.003584	0.004836	-0.000092
0.002725	0.002362	0.002262
0.005905	0.001968	0.001793
0.006934	0.001584	0.000955
0.007962	0.001200	0.000117
0.007694	-0.000347	0.001634
0.007371	0.000274	0.000953
0.005582	0.002589	0.001112
0.005850	0.004136	-0.000405
0.005696	0.001900	0.000430
0.003485	0.000431	0.002941
0.003122	-0.001874	0.002412
0.004157	0.007208	0.001800
0.005681	0.006994	-0.001921
0.006746	0.005888	0.002168
