0.001620	0.000543	-0.001675
0.002259	-0.010165	-0.000539
-0.000228	0.001378	0.001365
0.002453	-0.002833	0.008858
-0.000228	0.001378	0.001365
0.004205	-0.004426	0.003772
0.000323	-0.000621	0.000681
-0.003441	0.006142	-0.008172
-0.000052	0.005816	-0.007277
0.000018	-0.001446	-0.002729
0.001484	-0.000970	0.006815
-0.000154	-0.002236	0.000835
-0.000074	0.003615	0.000530
-0.001774	-0.002779	0.002509
-0.000668	-0.000959	0.006446
-0.003144	-0.002498	-0.004988
-0.003371	-0.001120	-0.003623
-0.001047	0.001830	0.003567
-0.000173	-0.000790	0.003563
0.000929	-0.004789	0.002195
-0.000914	-0.000305	0.000156
-0.000533	0.000553	-0.002044
0.000000	0.000000	-0.000000
0.002071	-0.005861	0.000674
0.001693	-0.003072	-0.002205
