0.011007	-0.002877	-0.002246
0.010779	-0.001498	-0.000881
0.008932	-0.000663	0.002159
0.008818	0.000026	0.002842
0.008803	0.005120	0.000491
0.004517	0.003695	-0.002976
0.006060	0.004204	0.000958
0.003713	-0.000947	0.001576
0.002611	0.003051	0.002944
0.003015	0.008281	0.003321
0.003970	0.011512	0.003013
0.005413	0.005446	-0.000403
0.005219	0.000284	0.000583
0.004627	-0.000642	0.001420
0.003639	0.002667	0.002106
0.001851	0.004982	0.002265
0.000646	-0.001242	0.001362
0.007470	0.006849	0.008304
0.003926	0.002768	-0.002140
0.006915	0.003030	0.003683
0.007639	0.001821	-0.000564
0.009200	0.000885	0.000642
0.004782	0.001594	0.000585
0.006820	0.002273	0.001637
0.006343	0.000658	0.001791
