-0.001480	0.008958	0.008873
0.002321	-0.002868	0.001885
0.005237	-0.001162	-0.002145
0.007746	-0.008333	-0.001473
0.010625	-0.003735	-0.000046
0.012314	-0.010454	0.002828
0.009633	-0.004073	0.005719
0.010592	0.002805	0.000332
0.008803	0.005120	0.000491
0.012013	-0.005462	0.004723
0.011844	-0.002604	0.003208
0.010974	0.003663	-0.001868
0.009200	0.000885	0.000642
0.006328	0.005752	-0.000559
0.004517	0.003695	-0.002976
0.002938	0.006078	-0.001454
0.003467	0.001877	0.005669
0.003849	0.002735	0.003469
0.002556	0.005219	0.000746
0.001487	0.002678	0.001736
0.002229	0.002193	0.005144
0.002934	0.002430	0.003625
0.004554	0.002973	0.001950
0.004458	0.002215	-0.000096
