0.009027	0.000094	0.004205
0.006174	0.003515	0.000276
0.007929	0.007740	0.000495
0.005413	0.005446	-0.000403
0.004917	0.005277	0.002479
0.006383	0.003583	0.001639
0.004400	0.000736	0.002785
0.003981	0.000600	0.000058
0.005314	0.001041	0.002629
0.002743	0.000916	-0.000467
0.003386	-0.003974	0.005974
0.002777	-0.003454	0.009539
0.002864	0.009692	-0.000924
0.004936	0.003831	-0.000250
0.008227	-0.000900	0.003678
0.007121	-0.002720	-0.000258
0.006974	0.004509	0.000803
0.008932	-0.000663	0.002159
0.007580	0.000342	0.002316
0.007371	0.000274	0.000953
0.007525	0.002510	0.000118
0.005524	0.001110	0.003993
0.005961	-0.000201	0.003991
0.004117	0.004283	0.001952
