-0.003107	-0.003220	-0.000062
-0.000327	-0.003027	0.004398
0.000360	-0.001343	0.005608
-0.000268	-0.001547	0.001517
0.002799	-0.001252	0.001731
0.004855	-0.002020	0.000055
0.003845	-0.003082	-0.001836
0.002152	-0.000010	0.000370
0.001028	-0.000384	-0.000838
0.005252	-0.006256	0.000205
0.003180	-0.000394	-0.000469
0.000268	0.001547	-0.001517
0.003023	-0.006278	0.005445
-0.002505	0.010819	-0.005751
-0.004143	0.011723	-0.001348
-0.005516	0.008356	-0.003767
-0.000683	0.004134	0.004095
-0.003349	0.003252	-0.001047
-0.002171	0.001457	0.002359
-0.001355	-0.002643	0.005236
-0.000859	-0.002474	0.002354
-0.002137	-0.005083	0.001981
-0.000705	-0.000237	0.001519
-0.002251	-0.004394	0.002663
-0.000650	-0.002406	0.003717
