0.005649	-0.010491	0.000356
0.009494	-0.011403	0.008904
0.009497	-0.007756	0.003825
0.008528	-0.005893	0.001783
0.011650	-0.007766	0.004195
0.009953	-0.010512	0.001095
0.008392	-0.009575	-0.000111
0.006431	-0.008051	0.003611
0.005751	-0.000269	0.002628
0.004499	0.005141	-0.000248
0.003415	0.007693	-0.001608
0.003834	0.007829	0.001119
0.003397	0.009139	0.001121
0.004080	0.005005	-0.002975
0.006934	0.001584	0.000955
0.003544	0.001910	0.000060
0.007444	-0.003341	0.000423
0.002347	0.005151	-0.000617
0.007352	0.001720	0.003682
0.005226	0.009750	0.000809
0.004352	0.012370	0.000813
0.001781	0.012244	-0.002283
0.002611	0.003051	0.002944
0.007867	0.002613	0.008454
0.004297	0.014538	-0.001385
0.005762	0.012844	-0.002225
