0.000400	0.001582	0.005455
-0.003900	0.005251	-0.000363
-0.000907	0.009160	0.000382
-0.000470	0.007850	0.000380
0.000059	0.001479	-0.002881
0.001616	-0.003105	0.003404
-0.000422	-0.003784	0.002352
0.002530	-0.002800	0.003249
0.000323	-0.000621	0.000681
0.000760	-0.001931	0.000679
0.000933	-0.001141	-0.002884
0.001025	-0.004031	0.004241
0.004117	0.004283	0.001952
0.000117	0.002959	-0.005761
0.001083	-0.002552	0.001360
0.001939	-0.003726	0.004085
-0.000268	-0.001547	0.001517
-0.002703	0.002010	0.000315
-0.001506	-0.001232	0.000992
0.000000	0.000000	-0.000000
0.001902	-0.003004	-0.000842
0.001124	0.000373	0.001208
0.001561	-0.000937	0.001206
0.005663	-0.015585	0.002706
0.003379	-0.013439	0.005748
